1 0.30510752688172044 0.2818181818181818 0.11559139784946236 0.11688311688311688
1 0.678763440860215 0.2844155844155844 0.11559139784946236 0.11688311688311688
2 0.7755376344086021 0.6012987012987013 0.11559139784946236 0.11688311688311688
2 0.3024193548387097 0.6012987012987013 0.11559139784946236 0.11688311688311688
8 0.5403225806451613 0.8194805194805195 0.11290322580645161 0.1012987012987013
0 0.5389784946236559 0.951948051948052 0.06720430107526881 0.08571428571428572
10 0.35080645161290325 0.4857142857142857 0.0456989247311828 0.046753246753246755
10 0.7244623655913979 0.4883116883116883 0.0456989247311828 0.046753246753246755
10 0.5389784946236559 0.6909090909090909 0.0456989247311828 0.046753246753246755
11 0.5389784946236559 0.7376623376623377 0.0456989247311828 0.046753246753246755
9 0.8763440860215054 0.09610389610389611 0.13440860215053763 0.07272727272727272
9 0.08870967741935484 0.2753246753246753 0.08602150537634409 0.07272727272727272
9 0.2728494623655914 0.39090909090909093 0.09946236559139784 0.07012987012987013
9 0.657258064516129 0.38831168831168833 0.09946236559139784 0.07012987012987013
9 0.543010752688172 0.4805194805194805 0.13978494623655913 0.07272727272727272
9 0.13440860215053763 0.6649350649350649 0.10215053763440861 0.07272727272727272
9 0.4166666666666667 0.6025974025974026 0.0913978494623656 0.07272727272727272
9 0.657258064516129 0.6012987012987013 0.09946236559139784 0.07012987012987013
