1 0.28708133971291866 0.21658415841584158 0.10526315789473684 0.11138613861386139
1 0.6866028708133971 0.21658415841584158 0.10526315789473684 0.11138613861386139
2 0.2894736842105263 0.625 0.10526315789473684 0.11138613861386139
2 0.6866028708133971 0.625 0.10526315789473684 0.11138613861386139
5 0.7320574162679426 0.8106435643564357 0.07177033492822966 0.08168316831683169
0 0.24641148325358853 0.7524752475247525 0.06220095693779904 0.07920792079207921
0 0.7296650717703349 0.9282178217821783 0.06220095693779904 0.07920792079207921
10 0.5550239234449761 0.21534653465346534 0.04784688995215311 0.04455445544554455
10 0.7296650717703349 0.35148514851485146 0.04784688995215311 0.04455445544554455
10 0.2511961722488038 0.4876237623762376 0.04784688995215311 0.04455445544554455
10 0.37799043062200954 0.6212871287128713 0.04784688995215311 0.04455445544554455
9 0.1423444976076555 0.22153465346534654 0.16028708133971292 0.1311881188118812
9 0.37679425837320574 0.15099009900990099 0.08851674641148326 0.06930693069306931
9 0.5801435406698564 0.1485148514851485 0.08851674641148326 0.06930693069306931
9 0.8624401913875598 0.07920792079207921 0.11722488038277512 0.09405940594059406
9 0.8145933014354066 0.4665841584158416 0.10287081339712918 0.06683168316831684
9 0.8576555023923444 0.22153465346534654 0.16028708133971292 0.1311881188118812
9 0.8708133971291866 0.6311881188118812 0.22966507177033493 0.12376237623762376
9 0.15430622009569378 0.4282178217821782 0.11722488038277512 0.07425742574257425
9 0.14354066985645933 0.6311881188118812 0.1674641148325359 0.13366336633663367
9 0.33851674641148327 0.7277227722772277 0.08851674641148326 0.06930693069306931
9 0.638755980861244 0.7289603960396039 0.0861244019138756 0.06683168316831684
9 0.8181818181818182 0.818069306930693 0.07655502392344497 0.07178217821782178
