1 0.43312101910828027 0.19518716577540107 0.054140127388535034 0.0962566844919786
1 0.5843949044585988 0.1925133689839572 0.054140127388535034 0.0962566844919786
1 0.3057324840764331 0.2727272727272727 0.054140127388535034 0.0962566844919786
1 0.8980891719745223 0.2727272727272727 0.054140127388535034 0.0962566844919786
1 0.7085987261146497 0.36363636363636365 0.054140127388535034 0.0962566844919786
1 0.1178343949044586 0.36363636363636365 0.054140127388535034 0.0962566844919786
6 0.14888535031847133 0.4879679144385027 0.03343949044585987 0.08823529411764706
6 0.8670382165605095 0.4852941176470588 0.03343949044585987 0.08823529411764706
5 0.7906050955414012 0.4852941176470588 0.07165605095541401 0.06149732620320856
5 0.22054140127388536 0.4879679144385027 0.07165605095541401 0.06149732620320856
2 0.39171974522292996 0.5628342245989305 0.050955414012738856 0.10427807486631016
2 0.6242038216560509 0.5628342245989305 0.050955414012738856 0.10427807486631016
2 0.11624203821656051 0.7794117647058824 0.050955414012738856 0.10427807486631016
2 0.2643312101910828 0.7794117647058824 0.050955414012738856 0.10427807486631016
2 0.4856687898089172 0.7794117647058824 0.050955414012738856 0.10427807486631016
2 0.7484076433121019 0.7794117647058824 0.050955414012738856 0.10427807486631016
2 0.8980891719745223 0.7794117647058824 0.050955414012738856 0.10427807486631016
10 0.6027070063694268 0.27540106951871657 0.020700636942675158 0.0374331550802139
10 0.4124203821656051 0.36764705882352944 0.022292993630573247 0.040106951871657755
10 0.09713375796178345 0.4879679144385027 0.022292993630573247 0.040106951871657755
10 0.9203821656050956 0.4893048128342246 0.025477707006369428 0.0481283422459893
11 0.7292993630573248 0.2700534759358289 0.025477707006369428 0.0374331550802139
11 0.4124203821656051 0.2700534759358289 0.025477707006369428 0.03208556149732621
11 0.6035031847133758 0.36363636363636365 0.025477707006369428 0.0374331550802139
11 0.7300955414012739 0.48262032085561496 0.027070063694267517 0.029411764705882353
11 0.2874203821656051 0.48262032085561496 0.02388535031847134 0.034759358288770054
9 0.5103503184713376 0.04946524064171123 0.06210191082802548 0.06149732620320856
9 0.5055732484076433 0.1537433155080214 0.052547770700636945 0.05614973262032086
9 0.4880573248407643 0.11096256684491979 0.01751592356687898 0.034759358288770054
9 0.4888535031847134 0.1858288770053476 0.01910828025477707 0.02406417112299465
9 0.6297770700636943 0.2018716577540107 0.04617834394904458 0.045454545454545456
9 0.3885350318471338 0.19786096256684493 0.04777070063694268 0.0481283422459893
9 0.9402866242038217 0.2767379679144385 0.04936305732484077 0.05080213903743316
9 0.9450636942675159 0.7847593582887701 0.04936305732484077 0.05080213903743316
9 0.5406050955414012 0.7473262032085561 0.04936305732484077 0.05080213903743316
9 0.07085987261146497 0.7820855614973262 0.04936305732484077 0.05080213903743316
9 0.07245222929936306 0.36764705882352944 0.04936305732484077 0.05080213903743316
9 0.43869426751592355 0.5655080213903744 0.04936305732484077 0.05080213903743316
9 0.5915605095541401 0.5681818181818182 0.04936305732484077 0.05080213903743316
9 0.2603503184713376 0.27540106951871657 0.06528662420382166 0.0481283422459893
9 0.3160828025477707 0.7834224598930482 0.06528662420382166 0.0481283422459893
9 0.7030254777070064 0.786096256684492 0.06528662420382166 0.0481283422459893
9 0.7571656050955414 0.3663101604278075 0.06528662420382166 0.0481283422459893
9 0.5055732484076433 0.9184491978609626 0.052547770700636945 0.05614973262032086
9 0.4004777070063694 0.8248663101604278 0.05573248407643312 0.05614973262032086
9 0.820859872611465 0.4318181818181818 0.03662420382165605 0.05614973262032086
9 0.8598726114649682 0.41711229946524064 0.041401273885350316 0.053475935828877004
9 0.964171974522293 0.4411764705882353 0.04617834394904458 0.0481283422459893
9 0.22054140127388536 0.4318181818181818 0.03980891719745223 0.05614973262032086
9 0.15684713375796178 0.42112299465240643 0.03980891719745223 0.05614973262032086
9 0.046974522292993634 0.4411764705882353 0.042993630573248405 0.0481283422459893
9 0.31289808917197454 0.5187165775401069 0.042993630573248405 0.0481283422459893
9 0.696656050955414 0.5187165775401069 0.042993630573248405 0.0481283422459893
9 0.4020700636942675 0.7780748663101604 0.01751592356687898 0.03208556149732621
9 0.4052547770700637 0.8703208556149733 0.01751592356687898 0.029411764705882353
