1 0.24152542372881355 0.22151898734177214 0.06949152542372881 0.10548523206751055
1 0.3610169491525424 0.21940928270042195 0.0711864406779661 0.10548523206751055
1 0.6 0.21940928270042195 0.0711864406779661 0.10548523206751055
1 0.7186440677966102 0.22151898734177214 0.0711864406779661 0.10548523206751055
2 0.18220338983050846 0.5527426160337553 0.06949152542372881 0.10548523206751055
2 0.36186440677966103 0.5527426160337553 0.06949152542372881 0.10548523206751055
2 0.597457627118644 0.5548523206751055 0.06949152542372881 0.10548523206751055
2 0.7754237288135594 0.5548523206751055 0.06949152542372881 0.10548523206751055
2 0.45 0.8037974683544303 0.06949152542372881 0.10548523206751055
6 0.1228813559322034 0.4293248945147679 0.07627118644067797 0.052742616033755275
6 0.3008474576271186 0.3744725738396624 0.07627118644067797 0.052742616033755275
6 0.6601694915254237 0.3744725738396624 0.07627118644067797 0.052742616033755275
6 0.838135593220339 0.43143459915611815 0.07627118644067797 0.052742616033755275
0 0.1228813559322034 0.5052742616033755 0.059322033898305086 0.052742616033755275
0 0.3016949152542373 0.45147679324894513 0.061016949152542375 0.05485232067510549
0 0.6576271186440678 0.4525316455696203 0.061016949152542375 0.056962025316455694
0 0.8364406779661017 0.5042194092827004 0.05593220338983051 0.05485232067510549
0 0.48050847457627116 0.930379746835443 0.05593220338983051 0.05485232067510549
11 0.47966101694915253 0.3860759493670886 0.030508474576271188 0.0379746835443038
10 0.3906779661016949 0.6645569620253164 0.0288135593220339 0.0379746835443038
10 0.5703389830508474 0.6624472573839663 0.0288135593220339 0.0379746835443038
9 0.5406779661016949 0.05907172995780591 0.0847457627118644 0.05485232067510549
9 0.7822033898305085 0.22046413502109705 0.06610169491525424 0.052742616033755275
9 0.5449152542372881 0.21835443037974683 0.06610169491525424 0.052742616033755275
9 0.4245762711864407 0.21835443037974683 0.06610169491525424 0.052742616033755275
9 0.19576271186440677 0.21624472573839662 0.06610169491525424 0.052742616033755275
9 0.7110169491525423 0.5854430379746836 0.06610169491525424 0.052742616033755275
9 0.5432203389830509 0.5559071729957806 0.06610169491525424 0.052742616033755275
9 0.4245762711864407 0.5580168776371308 0.06610169491525424 0.052742616033755275
9 0.25169491525423726 0.5896624472573839 0.06610169491525424 0.052742616033755275
9 0.5228813559322034 0.8111814345991561 0.06610169491525424 0.052742616033755275
9 0.03898305084745763 0.35970464135021096 0.04406779661016949 0.04008438818565401
9 0.9186440677966101 0.3575949367088608 0.04406779661016949 0.04008438818565401
9 0.9245762711864407 0.5548523206751055 0.04915254237288136 0.05063291139240506
9 0.036440677966101696 0.5569620253164557 0.04915254237288136 0.05063291139240506
9 0.061016949152542375 0.4451476793248945 0.04745762711864407 0.05485232067510549
9 0.36271186440677966 0.38396624472573837 0.04745762711864407 0.05485232067510549
9 0.5966101694915255 0.37763713080168776 0.04745762711864407 0.05485232067510549
9 0.7779661016949152 0.46835443037974683 0.04745762711864407 0.05485232067510549
9 0.3008474576271186 0.79957805907173 0.1135593220338983 0.05485232067510549
9 0.5203389830508475 0.7204641350210971 0.023728813559322035 0.04852320675105485
