11 0.8867768595041322 0.3440000000000001 0.12396694214876033 0.16
11 0.32479338842975203 0.2240000000000001 0.12396694214876033 0.16
16 0.696694214876033 0.6639999999999999 0.19008264462809918 0.4
14 0.14710743801652892 0.264 0.09917355371900827 0.12
9 0.8743801652892562 0.6639999999999999 0.049586776859504134 0.08
2 0.5032727272727273 0.824 0.03305785123966942 0.12
3 0.503305785123967 0.30400000000000005 0.03305785123966942 0.12
3 0.503305785123967 0.624 0.03305785123966942 0.12
0 0.45289256198347105 0.45999999999999996 0.01652892561983471 0.08
0 0.9322314049586776 0.8200000000000001 0.01652892561983471 0.08
0 0.965289256198347 0.5 0.01652892561983471 0.08
0 0.2545454545454546 0.38 0.01652892561983471 0.08
0 0.6016528925619834 0.94 0.01652892561983471 0.08
