12 0.8726618705035972 0.709090909090909 0.1079136690647482 0.18181818181818182
17 0.5820143884892087 0.390909090909091 0.10071942446043165 0.3181818181818182
12 0.7287769784172662 0.34545454545454557 0.1079136690647482 0.18181818181818182
11 0.9014388489208633 0.30000000000000004 0.1079136690647482 0.18181818181818182
12 0.16762589928057556 0.6636363636363636 0.1079136690647482 0.18181818181818182
10 0.3366906474820144 0.7772727272727272 0.02877697841726619 0.13636363636363635
2 0.350388489208633 0.29999999999999993 0.02877697841726619 0.13636363636363635
2 0.4237122302158273 0.29999999999999993 0.02877697841726619 0.13636363636363635
0 0.2935251798561151 0.4772727272727273 0.014388489208633094 0.09090909090909091
0 0.9410071942446044 0.8863636363636364 0.014388489208633094 0.09090909090909091
0 0.1064748201438849 0.8409090909090909 0.014388489208633094 0.09090909090909091
0 0.5237410071942445 0.7045454545454546 0.014388489208633094 0.09090909090909091
0 0.9697841726618706 0.4772727272727273 0.014388489208633094 0.09090909090909091
0 0.8402877697841726 0.4772727272727273 0.014388489208633094 0.09090909090909091
