13 0.8123287671232876 0.14400000000000002 0.2054794520547945 0.16
15 0.3 0.6639999999999999 0.1643835616438356 0.2
11 0.8123287671232876 0.384 0.2054794520547945 0.16
6 0.5315068493150684 0.484 0.0547945205479452 0.12
10 0.7506849315068492 0.724 0.0547945205479452 0.12
10 0.832876712328767 0.724 0.0547945205479452 0.12
2 0.5575890410958904 0.704 0.0547945205479452 0.12
0 0.7506849315068492 0.94 0.0273972602739726 0.08
0 0.5315068493150684 0.88 0.0273972602739726 0.08
0 0.9424657534246575 0.54 0.0273972602739726 0.08
0 0.20273972602739726 0.84 0.0273972602739726 0.08
