16 0.5577540106951872 0.26206896551724146 0.12299465240641712 0.3448275862068966
11 0.6914438502673798 0.26206896551724146 0.08021390374331551 0.13793103448275862
11 0.9267379679144385 0.29655172413793107 0.08021390374331551 0.13793103448275862
15 0.21336898395721923 0.5724137931034483 0.06417112299465241 0.1724137931034483
11 0.7983957219251338 0.29655172413793107 0.08021390374331551 0.13793103448275862
17 0.4433155080213904 0.3310344827586207 0.0748663101604278 0.2413793103448276
13 0.10320855614973262 0.5034482758620691 0.08021390374331551 0.13793103448275862
11 0.33850267379679144 0.5034482758620691 0.08021390374331551 0.13793103448275862
9 0.9026737967914439 0.796551724137931 0.0213903743315508 0.10344827586206896
3 0.8925133689839573 0.6068965517241379 0.0213903743315508 0.10344827586206896
0 0.9026737967914439 0.9482758620689655 0.0106951871657754 0.06896551724137931
0 0.9775401069518718 0.43103448275862066 0.0106951871657754 0.06896551724137931
0 0.8812834224598931 0.43103448275862066 0.0106951871657754 0.06896551724137931
0 0.17540106951871656 0.7241379310344828 0.0106951871657754 0.06896551724137931
0 0.293048128342246 0.6379310344827587 0.0106951871657754 0.06896551724137931
