11 0.27899484536082475 0.6659619450317125 0.09667440061871617 0.1692047377326565
16 0.5689432989690721 0.6236786469344608 0.1482340809486981 0.4230118443316413
13 0.3949742268041237 0.6236786469344608 0.09667440061871617 0.1692047377326565
12 0.15012886597938147 0.6236786469344608 0.09667440061871617 0.1692047377326565
12 0.7300257731958764 0.5813953488372092 0.09667440061871617 0.1692047377326565
15 0.3859536082474227 0.8773784355179703 0.07733952049497293 0.21150592216582065
2 0.8691752577319589 0.6659619450317125 0.025779840164990978 0.12690355329949238
4 0.9323453608247424 0.15856236786469347 0.025779840164990978 0.12690355329949238
0 0.9201030927835053 0.38689217758985195 0.012889920082495489 0.08460236886632826
0 0.9716494845360826 0.32346723044397463 0.012889920082495489 0.08460236886632826
0 0.4948453608247423 0.9154334038054969 0.012889920082495489 0.08460236886632826
0 0.09536082474226805 0.7885835095137421 0.012889920082495489 0.08460236886632826
