16 0.2528846153846154 0.28148148148148155 0.22115384615384615 0.37037037037037035
11 0.8971153846153845 0.3555555555555556 0.14423076923076922 0.14814814814814814
14 0.7288461538461538 0.1703703703703704 0.11538461538461539 0.1111111111111111
14 0.7288461538461538 0.3555555555555556 0.11538461538461539 0.1111111111111111
15 0.7298076923076924 0.5777777777777777 0.11538461538461539 0.18518518518518517
6 0.5846153846153845 0.30000000000000004 0.038461538461538464 0.1111111111111111
6 0.43076923076923074 0.33703703703703713 0.038461538461538464 0.1111111111111111
9 0.8826923076923077 0.8 0.057692307692307696 0.07407407407407407
4 0.5086538461538461 0.6518518518518519 0.038461538461538464 0.1111111111111111
0 0.95 0.9444444444444444 0.019230769230769232 0.07407407407407407
0 0.43076923076923074 0.5 0.019230769230769232 0.07407407407407407
0 0.1423076923076923 0.537037037037037 0.019230769230769232 0.07407407407407407
