13 0.42761194029850746 0.5876923076923077 0.11194029850746269 0.12307692307692308
11 0.576865671641791 0.6799999999999999 0.11194029850746269 0.12307692307692308
12 0.2634328358208955 0.6184615384615384 0.11194029850746269 0.12307692307692308
11 0.42761194029850746 0.7723076923076924 0.11194029850746269 0.12307692307692308
14 0.7149253731343284 0.0953846153846154 0.08955223880597014 0.09230769230769231
17 0.11119402985074626 0.6492307692307693 0.1044776119402985 0.2153846153846154
2 0.7365970149253731 0.7415384615384615 0.029850746268656716 0.09230769230769231
3 0.8126865671641792 0.46461538461538465 0.029850746268656716 0.09230769230769231
4 0.887313432835821 0.7415384615384615 0.029850746268656716 0.09230769230769231
5 0.7223880597014926 0.32615384615384624 0.029850746268656716 0.09230769230769231
0 0.6925373134328358 0.9230769230769231 0.014925373134328358 0.06153846153846154
0 0.9014925373134328 0.6061538461538462 0.014925373134328358 0.06153846153846154
0 0.7820895522388059 0.19999999999999996 0.014925373134328358 0.06153846153846154
0 0.050746268656716415 0.8615384615384616 0.014925373134328358 0.06153846153846154
