12 0.13675675675675675 0.610062893081761 0.08108108108108109 0.12578616352201258
12 0.15837837837837837 0.7672955974842768 0.08108108108108109 0.12578616352201258
13 0.2664864864864865 0.7044025157232705 0.08108108108108109 0.12578616352201258
11 0.3745945945945946 0.7358490566037736 0.08108108108108109 0.12578616352201258
11 0.4827027027027027 0.7044025157232705 0.08108108108108109 0.12578616352201258
12 0.925945945945946 0.4528301886792453 0.08108108108108109 0.12578616352201258
17 0.6102702702702703 0.5471698113207548 0.07567567567567568 0.22012578616352202
9 0.8367567567567569 0.12264150943396235 0.021621621621621623 0.09433962264150944
2 0.7616 0.610062893081761 0.021621621621621623 0.09433962264150944
1 0.707545945945946 0.42138364779874216 0.021621621621621623 0.09433962264150944
0 0.8043243243243244 0.7327044025157232 0.010810810810810811 0.06289308176100629
0 0.8367567567567569 0.26100628930817615 0.010810810810810811 0.06289308176100629
0 0.9772972972972973 0.5754716981132075 0.010810810810810811 0.06289308176100629
0 0.11243243243243244 0.889937106918239 0.010810810810810811 0.06289308176100629
0 0.5664864864864865 0.7641509433962264 0.010810810810810811 0.06289308176100629
