13 0.36638264910921764 0.7428571428571429 0.11620700340873877 0.19047619047619047
13 0.7381874515879163 0.4571428571428571 0.11620700340873877 0.19047619047619047
17 0.36328427575522854 0.3142857142857144 0.10845986984815618 0.3333333333333333
12 0.1959721146398141 0.7904761904761904 0.11620700340873877 0.19047619047619047
11 0.5677769171185127 0.5047619047619047 0.11620700340873877 0.19047619047619047
6 0.9047250193648335 0.3857142857142857 0.030988534242330338 0.14285714285714285
9 0.8582494190549962 0.3857142857142857 0.030988534242330338 0.14285714285714285
0 0.9047250193648335 0.5952380952380952 0.015494267121165169 0.09523809523809523
0 0.6723470178156468 0.6428571428571428 0.015494267121165169 0.09523809523809523
0 0.5019364833462432 0.6904761904761905 0.015494267121165169 0.09523809523809523
