12 0.8052083333333333 0.15333333333333343 0.15625 0.13333333333333333
16 0.5239583333333333 0.72 0.23958333333333334 0.3333333333333333
11 0.24270833333333333 0.15333333333333343 0.15625 0.13333333333333333
12 0.4510416666666666 0.18666666666666676 0.15625 0.13333333333333333
10 0.7791666666666667 0.33666666666666667 0.041666666666666664 0.1
1 0.8635 0.6533333333333333 0.041666666666666664 0.1
0 0.8833333333333333 0.8 0.020833333333333332 0.06666666666666667
0 0.7791666666666667 0.4833333333333333 0.020833333333333332 0.06666666666666667
0 0.4041666666666666 0.95 0.020833333333333332 0.06666666666666667
0 0.15416666666666667 0.2833333333333333 0.020833333333333332 0.06666666666666667
