12 0.916969696969697 0.7157894736842105 0.09090909090909091 0.21052631578947367
17 0.6963636363636364 0.6631578947368422 0.08484848484848485 0.3684210526315789
12 0.916969696969697 0.24210526315789482 0.09090909090909091 0.21052631578947367
11 0.15333333333333332 0.2947368421052632 0.09090909090909091 0.21052631578947367
13 0.5654545454545454 0.4 0.09090909090909091 0.21052631578947367
14 0.14424242424242426 0.6105263157894736 0.07272727272727272 0.15789473684210525
11 0.29878787878787877 0.5052631578947369 0.09090909090909091 0.21052631578947367
11 0.4442424242424242 0.4526315789473684 0.09090909090909091 0.21052631578947367
10 0.7987878787878788 0.6631578947368422 0.03636363636363636 0.10526315789473684
0 0.9745454545454546 0.9210526315789473 0.012121212121212121 0.10526315789473684
0 0.9745454545454546 0.4473684210526315 0.012121212121212121 0.10526315789473684
0 0.24727272727272726 0.7105263157894737 0.012121212121212121 0.10526315789473684
0 0.3927272727272727 0.6578947368421053 0.012121212121212121 0.10526315789473684
