13 0.9068027210884354 0.24347826086956526 0.10204081632653061 0.17391304347826086
13 0.3217687074829932 0.4173913043478261 0.10204081632653061 0.17391304347826086
11 0.7435374149659864 0.6782608695652174 0.10204081632653061 0.17391304347826086
11 0.7435374149659864 0.28695652173913044 0.10204081632653061 0.17391304347826086
11 0.45782312925170066 0.37391304347826093 0.10204081632653061 0.17391304347826086
12 0.17210884353741496 0.4608695652173913 0.10204081632653061 0.17391304347826086
6 0.563265306122449 0.30869565217391315 0.027210884353741496 0.13043478260869565
9 0.6040816326530613 0.26521739130434785 0.027210884353741496 0.13043478260869565
10 0.8489795918367347 0.6130434782608696 0.027210884353741496 0.13043478260869565
0 0.2639455782312925 0.5869565217391304 0.013605442176870748 0.08695652173913043
0 0.9714285714285715 0.4130434782608695 0.013605442176870748 0.08695652173913043
0 0.8489795918367347 0.4130434782608695 0.013605442176870748 0.08695652173913043
0 0.6857142857142857 0.4565217391304348 0.013605442176870748 0.08695652173913043
0 0.6857142857142857 0.8478260869565217 0.013605442176870748 0.08695652173913043
