12 0.1925619834710744 0.4044444444444444 0.12396694214876033 0.17777777777777778
11 0.8867768595041322 0.4044444444444444 0.12396694214876033 0.17777777777777778
11 0.5892561983471074 0.2711111111111112 0.12396694214876033 0.17777777777777778
6 0.8743801652892562 0.76 0.049586776859504134 0.08888888888888889
2 0.3198677685950413 0.3155555555555556 0.03305785123966942 0.13333333333333333
2 0.404099173553719 0.3155555555555556 0.03305785123966942 0.13333333333333333
2 0.7165619834710744 0.36 0.03305785123966942 0.13333333333333333
0 0.30413223140495865 0.5111111111111111 0.01652892561983471 0.08888888888888889
0 0.41983471074380163 0.1200000000000001 0.01652892561983471 0.08888888888888889
0 0.30413223140495865 0.1200000000000001 0.01652892561983471 0.08888888888888889
0 0.7669421487603305 0.5333333333333333 0.01652892561983471 0.08888888888888889
0 0.9322314049586776 0.9333333333333333 0.01652892561983471 0.08888888888888889
0 0.965289256198347 0.5777777777777777 0.01652892561983471 0.08888888888888889
0 0.12231404958677687 0.5777777777777777 0.01652892561983471 0.08888888888888889
0 0.5190082644628099 0.4444444444444444 0.01652892561983471 0.08888888888888889
