13 0.8175257731958763 0.744 0.15463917525773196 0.16
12 0.24020618556701032 0.584 0.15463917525773196 0.16
11 0.44639175257731956 0.624 0.15463917525773196 0.16
17 0.854639175257732 0.264 0.14432989690721648 0.28
3 0.6278350515463917 0.544 0.041237113402061855 0.12
5 0.647422680412371 0.764 0.041237113402061855 0.12
0 0.647422680412371 0.94 0.020618556701030927 0.08
0 0.9154639175257732 0.9 0.020618556701030927 0.08
0 0.15257731958762888 0.74 0.020618556701030927 0.08
0 0.956701030927835 0.54 0.020618556701030927 0.08
0 0.7711340206185566 0.54 0.020618556701030927 0.08
