16 0.4016763378465506 0.6331877729257642 0.14831054939386124 0.4366812227074236
17 0.09606705351386204 0.5021834061135371 0.0902759865875677 0.3056768558951965
12 0.25338491295938104 0.5458515283842794 0.09672427134382254 0.17467248908296942
11 0.5499677627337202 0.5895196506550218 0.09672427134382254 0.17467248908296942
11 0.6918117343649258 0.5458515283842794 0.09672427134382254 0.17467248908296942
9 0.8820116054158609 0.6550218340611353 0.025793139025019344 0.13100436681222707
2 0.8298130238555771 0.19650655021834063 0.025793139025019344 0.13100436681222707
5 0.8175370728562219 0.6550218340611353 0.025793139025019344 0.13100436681222707
5 0.9206963249516442 0.6986899563318777 0.025793139025019344 0.13100436681222707
0 0.8175370728562218 0.9344978165938864 0.012896569512509672 0.08733624454148471
0 0.7788523533204385 0.3668122270742358 0.012896569512509672 0.08733624454148471
0 0.04384268214055448 0.8034934497816594 0.012896569512509672 0.08733624454148471
0 0.19858156028368795 0.7161572052401747 0.012896569512509672 0.08733624454148471
0 0.6370083816892328 0.7161572052401747 0.012896569512509672 0.08733624454148471
