11 0.9176923076923077 0.523076923076923 0.11538461538461539 0.15384615384615385
13 0.7638461538461538 0.5615384615384615 0.11538461538461539 0.15384615384615385
13 0.1946153846153846 0.48461538461538456 0.11538461538461539 0.15384615384615385
12 0.34846153846153843 0.523076923076923 0.11538461538461539 0.15384615384615385
9 0.4676923076923077 0.4653846153846154 0.03076923076923077 0.11538461538461539
9 0.5599999999999999 0.42692307692307696 0.03076923076923077 0.11538461538461539
10 0.5138461538461538 0.23461538461538467 0.03076923076923077 0.11538461538461539
4 0.6223076923076923 0.676923076923077 0.03076923076923077 0.11538461538461539
5 0.5599999999999999 0.6961538461538461 0.03076923076923077 0.11538461538461539
0 0.5599999999999999 0.9038461538461539 0.015384615384615385 0.07692307692307693
