13 0.203728362183755 0.4933333333333333 0.19978689397975494 0.17777777777777778
12 0.4966711051930759 0.3155555555555556 0.19978689397975494 0.17777777777777778
14 0.18375499334221038 0.1377777777777779 0.15982951518380395 0.13333333333333333
9 0.8761651131824235 0.5377777777777777 0.07991475759190197 0.08888888888888889
1 0.7017842876165112 0.4044444444444444 0.05327650506126798 0.13333333333333333
5 0.8362183754993342 0.7377777777777778 0.05327650506126798 0.13333333333333333
0 0.8362183754993342 0.9333333333333333 0.02663825253063399 0.08888888888888889
0 0.6764314247669774 0.6444444444444444 0.02663825253063399 0.08888888888888889
0 0.09054593874833555 0.6666666666666667 0.02663825253063399 0.08888888888888889
0 0.3834886817576565 0.48888888888888893 0.02663825253063399 0.08888888888888889
0 0.09054593874833555 0.28888888888888886 0.02663825253063399 0.08888888888888889
