12 0.2902144772117963 0.520076481835564 0.1005631536604988 0.1530221882172915
12 0.7057640750670242 0.4435946462715106 0.1005631536604988 0.1530221882172915
12 0.8398123324396785 0.13766730401529648 0.1005631536604988 0.1530221882172915
17 0.5556300268096516 0.48183556405353734 0.09385894341646554 0.26778882938026016
13 0.1561662198391421 0.5583173996175907 0.1005631536604988 0.1530221882172915
13 0.2902144772117963 0.7495219885277247 0.1005631536604988 0.1530221882172915
15 0.4148793565683646 0.6347992351816443 0.08045052292839903 0.19127773527161437
9 0.8096514745308312 0.5009560229445507 0.026816840976133013 0.11476664116296863
1 0.9175335120643433 0.4818355640535372 0.026816840976133013 0.11476664116296863
4 0.8639410187667561 0.9024856596558317 0.026816840976133013 0.11476664116296863
0 0.8096514745308312 0.7074569789674952 0.013408420488066506 0.07651109410864575
0 0.9034852546916892 0.28680688336520077 0.013408420488066506 0.07651109410864575
0 0.6487935656836461 0.5927342256214149 0.013408420488066506 0.07651109410864575
0 0.09919571045576409 0.7074569789674952 0.013408420488066506 0.07651109410864575
