11 0.33053435114503815 0.5764705882352942 0.11450381679389313 0.11764705882352941
11 0.17786259541984734 0.7529411764705882 0.11450381679389313 0.11764705882352941
14 0.3190839694656488 0.7529411764705882 0.0916030534351145 0.08823529411764706
12 0.6511450381679389 0.7529411764705882 0.11450381679389313 0.11764705882352941
16 0.8572519083969465 0.19411764705882362 0.17557251908396945 0.29411764705882354
6 0.433587786259542 0.7088235294117646 0.030534351145038167 0.08823529411764706
9 0.7694656488549618 0.5323529411764707 0.030534351145038167 0.08823529411764706
1 0.8312671755725191 0.8117647058823529 0.030534351145038167 0.08823529411764706
3 0.49389312977099226 0.7235294117647059 0.030534351145038167 0.08823529411764706
0 0.8458015267175573 0.9558823529411765 0.015267175572519083 0.058823529411764705
0 0.7694656488549618 0.6617647058823529 0.015267175572519083 0.058823529411764705
0 0.11297709923664123 0.8676470588235294 0.015267175572519083 0.058823529411764705
0 0.5862595419847328 0.8676470588235294 0.015267175572519083 0.058823529411764705
0 0.9679389312977099 0.3970588235294118 0.015267175572519083 0.058823529411764705
0 0.7694656488549618 0.3970588235294118 0.015267175572519083 0.058823529411764705
