17 0.34957264957264955 0.3583333333333334 0.11965811965811966 0.2916666666666667
11 0.541025641025641 0.31666666666666676 0.1282051282051282 0.16666666666666666
14 0.15213675213675215 0.2333333333333334 0.10256410256410256 0.125
11 0.19059829059829062 0.44166666666666665 0.1282051282051282 0.16666666666666666
15 0.6829059829059829 0.275 0.10256410256410256 0.20833333333333334
12 0.8487179487179487 0.5249999999999999 0.1282051282051282 0.16666666666666666
12 0.8829059829059829 0.15000000000000002 0.1282051282051282 0.16666666666666666
6 0.6820512820512821 0.4833333333333333 0.05128205128205128 0.08333333333333333
9 0.8102564102564103 0.8791666666666667 0.03418803418803419 0.125
0 0.9299145299145299 0.6875 0.017094017094017096 0.08333333333333333
0 0.3658119658119658 0.6458333333333333 0.017094017094017096 0.08333333333333333
0 0.4683760683760684 0.47916666666666663 0.017094017094017096 0.08333333333333333
0 0.11794871794871796 0.6041666666666667 0.017094017094017096 0.08333333333333333
0 0.9641025641025641 0.3125 0.017094017094017096 0.08333333333333333
0 0.8102564102564103 0.3125 0.017094017094017096 0.08333333333333333
