17 0.18 0.44571428571428573 0.13333333333333333 0.2
14 0.8742857142857142 0.3314285714285715 0.11428571428571428 0.08571428571428572
11 0.7171428571428571 0.3314285714285715 0.14285714285714285 0.11428571428571428
11 0.41238095238095235 0.13142857142857145 0.14285714285714285 0.11428571428571428
6 0.3314285714285714 0.8028571428571428 0.0380952380952381 0.08571428571428572
9 0.8742857142857142 0.5314285714285715 0.05714285714285714 0.05714285714285714
9 0.5219047619047619 0.8314285714285714 0.0380952380952381 0.08571428571428572
3 0.44476190476190475 0.5028571428571429 0.0380952380952381 0.08571428571428572
3 0.4085714285714286 0.6457142857142857 0.0380952380952381 0.08571428571428572
0 0.9409523809523809 0.6428571428571428 0.01904761904761905 0.05714285714285714
0 0.5219047619047619 0.9571428571428572 0.01904761904761905 0.05714285714285714
0 0.42666666666666664 0.3771428571428572 0.01904761904761905 0.05714285714285714
0 0.96 0.4285714285714286 0.01904761904761905 0.05714285714285714
0 0.1980952380952381 0.6428571428571428 0.01904761904761905 0.05714285714285714
0 0.6361904761904762 0.44285714285714284 0.01904761904761905 0.05714285714285714
0 0.3314285714285714 0.24285714285714288 0.01904761904761905 0.05714285714285714
