12 0.16408450704225352 0.8451882845188284 0.1056338028169014 0.08368200836820083
14 0.28028169014084503 0.8451882845188284 0.08450704225352113 0.06276150627615062
11 0.4176056338028169 0.8242677824267782 0.1056338028169014 0.08368200836820083
11 0.5584507042253521 0.8451882845188284 0.1056338028169014 0.08368200836820083
6 0.7943661971830985 0.5836820083682008 0.028169014084507043 0.06276150627615062
10 0.7943661971830985 0.7928870292887029 0.028169014084507043 0.06276150627615062
10 0.723943661971831 0.08158995815899583 0.028169014084507043 0.06276150627615062
4 0.6669014084507041 0.803347280334728 0.028169014084507043 0.06276150627615062
4 0.7809859154929578 0.34309623430962344 0.028169014084507043 0.06276150627615062
3 0.8514084507042254 0.4476987447698745 0.028169014084507043 0.06276150627615062
0 0.7943661971830985 0.9058577405857741 0.014084507042253521 0.04184100418410042
0 0.7943661971830985 0.2510460251046025 0.014084507042253521 0.04184100418410042
0 0.6535211267605634 0.7112970711297071 0.014084507042253521 0.04184100418410042
0 0.723943661971831 0.17364016736401666 0.014084507042253521 0.04184100418410042
0 0.10422535211267606 0.9267782426778243 0.014084507042253521 0.04184100418410042
