12 0.6850467289719626 0.6125 0.14018691588785046 0.125
11 0.8719626168224299 0.39375000000000004 0.14018691588785046 0.125
12 0.8719626168224299 0.11250000000000004 0.14018691588785046 0.125
12 0.6850467289719626 0.8 0.14018691588785046 0.125
11 0.2364485981308411 0.7375 0.14018691588785046 0.125
2 0.38041121495327096 0.675 0.037383177570093455 0.09375
2 0.8681869158878505 0.8 0.037383177570093455 0.09375
4 0.5130841121495326 0.675 0.037383177570093455 0.09375
0 0.45607476635514016 0.796875 0.018691588785046728 0.0625
0 0.8859813084112149 0.9375 0.018691588785046728 0.0625
0 0.8859813084112149 0.6625 0.018691588785046728 0.0625
0 0.9607476635514018 0.515625 0.018691588785046728 0.0625
0 0.9607476635514018 0.234375 0.018691588785046728 0.0625
