13 0.1543046357615894 0.5583864118895966 0.09933774834437085 0.16992353440951571
12 0.909271523178808 0.4309978768577495 0.09933774834437085 0.16992353440951571
11 0.45894039735099335 0.643312101910828 0.09933774834437085 0.16992353440951571
11 0.7635761589403973 0.3885350318471338 0.09933774834437085 0.16992353440951571
12 0.3 0.5159235668789809 0.09933774834437085 0.16992353440951571
11 0.3264900662251655 0.7707006369426752 0.09933774834437085 0.16992353440951571
11 0.6178807947019868 0.3885350318471338 0.09933774834437085 0.16992353440951571
10 0.47549668874172185 0.2611464968152867 0.039735099337748346 0.08496176720475786
0 0.4291390728476821 0.4267515923566879 0.013245033112582781 0.08496176720475786
0 0.09801324503311258 0.7239915074309979 0.013245033112582781 0.08496176720475786
0 0.9721854304635762 0.5966029723991508 0.013245033112582781 0.08496176720475786
0 0.8529801324503312 0.5966029723991508 0.013245033112582781 0.08496176720475786
0 0.7072847682119205 0.554140127388535 0.013245033112582781 0.08496176720475786
0 0.27019867549668874 0.9363057324840764 0.013245033112582781 0.08496176720475786
