14 0.6 0.3583333333333334 0.0736196319018405 0.125
17 0.250920245398773 0.6499999999999999 0.08588957055214724 0.2916666666666667
12 0.14294478527607363 0.6499999999999999 0.09202453987730061 0.16666666666666666
12 0.38834355828220857 0.6083333333333334 0.09202453987730061 0.16666666666666666
12 0.7809815950920246 0.4833333333333333 0.09202453987730061 0.16666666666666666
12 0.9159509202453988 0.15000000000000002 0.09202453987730061 0.16666666666666666
16 0.6276073619631901 0.6916666666666667 0.1411042944785276 0.4166666666666667
9 0.8822085889570553 0.4833333333333333 0.03680981595092025 0.08333333333333333
1 0.5073865030674847 0.6083333333333334 0.024539877300613498 0.125
0 0.2625766871165644 0.9375 0.012269938650306749 0.08333333333333333
0 0.9742331288343559 0.3125 0.012269938650306749 0.08333333333333333
0 0.8638036809815952 0.3125 0.012269938650306749 0.08333333333333333
0 0.09079754601226994 0.8125 0.012269938650306749 0.08333333333333333
0 0.3361963190184049 0.7708333333333334 0.012269938650306749 0.08333333333333333
