12 0.2244186046511628 0.8078602620087336 0.1744186046511628 0.17467248908296942
15 0.44069767441860463 0.8078602620087336 0.13953488372093023 0.2183406113537118
11 0.5034883720930232 0.37117903930131 0.1744186046511628 0.17467248908296942
9 0.8465116279069768 0.6986899563318777 0.046511627906976744 0.13100436681222707
9 0.6604651162790698 0.6986899563318777 0.046511627906976744 0.13100436681222707
10 0.7767441860465116 0.4366812227074235 0.046511627906976744 0.13100436681222707
1 0.7546046511627907 0.19650655021834063 0.046511627906976744 0.13100436681222707
5 0.6604651162790698 0.1746724890829694 0.046511627906976744 0.13100436681222707
0 0.8465116279069768 0.8908296943231441 0.023255813953488372 0.08733624454148471
0 0.4046511627906976 0.5414847161572052 0.023255813953488372 0.08733624454148471
