17 0.5130841121495326 0.42400000000000004 0.1308411214953271 0.28
14 0.12897196261682242 0.42399999999999993 0.11214953271028037 0.12
11 0.311214953271028 0.42400000000000004 0.14018691588785046 0.16
11 0.7037383177570093 0.384 0.14018691588785046 0.16
15 0.33551401869158876 0.704 0.11214953271028037 0.2
9 0.8672897196261682 0.32400000000000007 0.037383177570093455 0.12
10 0.8953271028037383 0.544 0.056074766355140186 0.08
0 0.9607476635514018 0.7 0.018691588785046728 0.08
0 0.06355140186915888 0.56 0.018691588785046728 0.08
0 0.2691588785046729 0.88 0.018691588785046728 0.08
