12 0.39424083769633506 0.37435897435897436 0.07853403141361257 0.10256410256410256
12 0.4099476439790576 0.8615384615384616 0.07853403141361257 0.10256410256410256
16 0.9020942408376964 0.1692307692307693 0.12041884816753927 0.2564102564102564
16 0.5460732984293194 0.5794871794871795 0.12041884816753927 0.2564102564102564
12 0.7607329842931938 0.5025641025641026 0.07853403141361257 0.10256410256410256
13 0.8654450261780106 0.476923076923077 0.07853403141361257 0.10256410256410256
13 0.2790575916230366 0.4 0.07853403141361257 0.10256410256410256
16 0.1481675392670157 0.37435897435897436 0.12041884816753927 0.2564102564102564
17 0.3921465968586388 0.6307692307692307 0.07329842931937172 0.1794871794871795
4 0.6643979057591624 0.5282051282051282 0.020942408376963352 0.07692307692307693
0 0.9151832460732985 0.5769230769230769 0.010471204188481676 0.05128205128205128
0 0.36544502617801045 0.9615384615384616 0.010471204188481676 0.05128205128205128
0 0.48586387434554973 0.7564102564102564 0.010471204188481676 0.05128205128205128
0 0.9780104712041885 0.34615384615384615 0.010471204188481676 0.05128205128205128
0 0.8418848167539268 0.34615384615384615 0.010471204188481676 0.05128205128205128
