16 0.5663636363636363 0.24571428571428577 0.20909090909090908 0.2857142857142857
13 0.32090909090909087 0.10285714285714287 0.13636363636363635 0.11428571428571428
12 0.8481818181818181 0.41714285714285715 0.13636363636363635 0.11428571428571428
17 0.8081818181818182 0.76 0.12727272727272726 0.2
12 0.8118181818181818 0.2171428571428572 0.13636363636363635 0.11428571428571428
12 0.35727272727272724 0.27428571428571435 0.13636363636363635 0.11428571428571428
9 0.12545454545454546 0.30285714285714294 0.05454545454545454 0.05714285714285714
0 0.061818181818181814 0.41428571428571426 0.01818181818181818 0.05714285714285714
0 0.8981818181818182 0.9571428571428572 0.01818181818181818 0.05714285714285714
0 0.7709090909090909 0.5285714285714286 0.01818181818181818 0.05714285714285714
0 0.28 0.3857142857142857 0.01818181818181818 0.05714285714285714
