16 0.766541822721598 0.7565217391304347 0.2872127872127872 0.2898550724637681
6 0.37328339575530595 0.7710144927536232 0.04995004995004995 0.08695652173913043
9 0.12359550561797754 0.19130434782608696 0.04995004995004995 0.08695652173913043
1 0.34951310861423224 0.35072463768115947 0.04995004995004995 0.08695652173913043
3 0.14731585518102375 0.35072463768115947 0.04995004995004995 0.08695652173913043
4 0.4744069912609239 0.20579710144927543 0.04995004995004995 0.08695652173913043
5 0.37328339575530595 0.5971014492753624 0.04995004995004995 0.08695652173913043
0 0.49812734082397003 0.0782608695652175 0.024975024975024976 0.057971014492753624
0 0.2234706616729089 0.46376811594202894 0.024975024975024976 0.057971014492753624
0 0.2734082397003746 0.46376811594202894 0.024975024975024976 0.057971014492753624
0 0.947565543071161 0.9565217391304348 0.024975024975024976 0.057971014492753624
0 0.6229712858926343 0.9565217391304348 0.024975024975024976 0.057971014492753624
