13 0.42538461538461536 0.4882352941176471 0.11538461538461539 0.11764705882352941
11 0.5946153846153845 0.10588235294117654 0.11538461538461539 0.11764705882352941
16 0.8023076923076923 0.7529411764705882 0.17692307692307693 0.29411764705882354
13 0.2715384615384615 0.5176470588235295 0.11538461538461539 0.11764705882352941
11 0.7484615384615384 0.4 0.11538461538461539 0.11764705882352941
17 0.5915384615384616 0.37058823529411766 0.1076923076923077 0.20588235294117646
14 0.583076923076923 0.8117647058823529 0.09230769230769231 0.08823529411764706
11 0.5946153846153845 0.6352941176470588 0.11538461538461539 0.11764705882352941
3 0.1284615384615385 0.5470588235294118 0.03076923076923077 0.08823529411764706
0 0.9138461538461539 0.9558823529411765 0.015384615384615385 0.058823529411764705
0 0.7138461538461538 0.9558823529411765 0.015384615384615385 0.058823529411764705
