13 0.2532608695652174 0.6181818181818182 0.16304347826086957 0.18181818181818182
12 0.5141304347826087 0.2090909090909091 0.16304347826086957 0.18181818181818182
13 0.5141304347826087 0.6636363636363636 0.16304347826086957 0.18181818181818182
2 0.7923478260869565 0.7545454545454545 0.043478260869565216 0.13636363636363635
2 0.7923478260869565 0.30000000000000004 0.043478260869565216 0.13636363636363635
2 0.8337391304347825 0.5272727272727273 0.043478260869565216 0.13636363636363635
0 0.6826086956521739 0.9318181818181819 0.021739130434782608 0.09090909090909091
0 0.42173913043478256 0.8409090909090909 0.021739130434782608 0.09090909090909091
0 0.16086956521739132 0.7954545454545454 0.021739130434782608 0.09090909090909091
0 0.42173913043478256 0.38636363636363635 0.021739130434782608 0.09090909090909091
