13 0.10551724137931033 0.3411764705882353 0.10344827586206896 0.11764705882352941
16 0.8710344827586207 0.7529411764705882 0.15862068965517243 0.29411764705882354
15 0.48206896551724143 0.4 0.08275862068965517 0.14705882352941177
16 0.6641379310344827 0.4294117647058824 0.15862068965517243 0.29411764705882354
11 0.850344827586207 0.4 0.10344827586206896 0.11764705882352941
10 0.3779310344827586 0.2970588235294118 0.027586206896551724 0.08823529411764706
3 0.25310344827586206 0.2823529411764706 0.027586206896551724 0.08823529411764706
4 0.323448275862069 0.2823529411764706 0.027586206896551724 0.08823529411764706
0 0.336551724137931 0.123529411764706 0.013793103448275862 0.058823529411764705
0 0.9710344827586208 0.9558823529411765 0.013793103448275862 0.058823529411764705
0 0.9158620689655174 0.5147058823529411 0.013793103448275862 0.058823529411764705
0 0.04689655172413793 0.4558823529411765 0.013793103448275862 0.058823529411764705
0 0.5848275862068966 0.6323529411764706 0.013793103448275862 0.058823529411764705
