16 0.837391304347826 0.5333333333333333 0.2 0.5555555555555556
11 0.20260869565217393 0.20000000000000007 0.13043478260869565 0.2222222222222222
13 0.49826086956521737 0.3666666666666667 0.13043478260869565 0.2222222222222222
6 0.6678260869565217 0.5055555555555555 0.034782608695652174 0.16666666666666666
6 0.31999999999999995 0.2833333333333333 0.034782608695652174 0.16666666666666666
9 0.37217391304347824 0.3388888888888889 0.034782608695652174 0.16666666666666666
5 0.6156521739130435 0.44999999999999996 0.034782608695652174 0.16666666666666666
0 0.31999999999999995 0.5833333333333333 0.017391304347826087 0.1111111111111111
0 0.9634782608695652 0.9166666666666666 0.017391304347826087 0.1111111111111111
0 0.12869565217391304 0.41666666666666663 0.017391304347826087 0.1111111111111111
