16 0.4688622754491018 0.2606060606060606 0.1377245508982036 0.30303030303030304
12 0.9059880239520959 0.8363636363636364 0.08982035928143713 0.12121212121212122
11 0.19940119760479041 0.1696969696969698 0.08982035928143713 0.12121212121212122
17 0.6161676646706588 0.2606060606060606 0.08383233532934131 0.21212121212121213
12 0.3311377245508982 0.20000000000000007 0.08982035928143713 0.12121212121212122
15 0.08323353293413174 0.2606060606060606 0.0718562874251497 0.15151515151515152
11 0.9299401197604791 0.290909090909091 0.08982035928143713 0.12121212121212122
11 0.9059880239520959 0.5636363636363637 0.08982035928143713 0.12121212121212122
16 0.7562874251497007 0.3212121212121213 0.1377245508982036 0.30303030303030304
0 0.962874251497006 0.9545454545454546 0.011976047904191617 0.06060606060606061
0 0.962874251497006 0.6818181818181819 0.011976047904191617 0.06060606060606061
0 0.2802395209580838 0.31818181818181823 0.011976047904191617 0.06060606060606061
0 0.0407185628742515 0.3939393939393939 0.011976047904191617 0.06060606060606061
0 0.8790419161676647 0.40909090909090906 0.011976047904191617 0.06060606060606061
