15 0.406929347826087 0.7839080459770115 0.08154389779831477 0.11494252873563218
12 0.5523097826086957 0.806896551724138 0.10192987224789345 0.09195402298850575
14 0.8410326086956523 0.07126436781609202 0.08154389779831477 0.06896551724137931
13 0.171875 0.806896551724138 0.10192987224789345 0.09195402298850575
17 0.2914402173913044 0.806896551724138 0.09513454743136722 0.16091954022988506
11 0.8783967391304349 0.18620689655172418 0.10192987224789345 0.09195402298850575
11 0.8512228260869567 0.3931034482758621 0.10192987224789345 0.09195402298850575
17 0.6854619565217392 0.6919540229885057 0.09513454743136722 0.16091954022988506
2 0.916413043478261 0.6919540229885057 0.02718129926610492 0.06896551724137931
3 0.8349184782608696 0.6919540229885057 0.02718129926610492 0.06896551724137931
0 0.8750000000000001 0.7816091954022988 0.01359064963305246 0.04597701149425287
0 0.9293478260869567 0.5908045977011496 0.01359064963305246 0.04597701149425287
0 0.9157608695652175 0.48275862068965514 0.01359064963305246 0.04597701149425287
0 0.30434782608695654 0.9655172413793104 0.01359064963305246 0.04597701149425287
0 0.9429347826086958 0.27586206896551724 0.01359064963305246 0.04597701149425287
0 0.8206521739130436 0.27586206896551724 0.01359064963305246 0.04597701149425287
