12 0.8670492587278815 0.4833333333333333 0.07174287354122824 0.16666666666666666
14 0.7737924438067911 0.5666666666666667 0.05739429883298259 0.125
12 0.42706838833094213 0.4833333333333333 0.07174287354122824 0.16666666666666666
17 0.32950741272118605 0.44166666666666676 0.06696001530514635 0.2916666666666667
17 0.6164514586322334 0.6916666666666667 0.06696001530514635 0.2916666666666667
12 0.5227164036346246 0.5249999999999999 0.07174287354122824 0.16666666666666666
12 0.12099473935915829 0.4833333333333333 0.07174287354122824 0.16666666666666666
11 0.22620755619320898 0.44166666666666665 0.07174287354122824 0.16666666666666666
6 0.9411764705882354 0.5458333333333334 0.01913143294432753 0.125
4 0.7025346724055477 0.6499999999999999 0.01913143294432753 0.125
0 0.18555714968914394 0.6041666666666667 0.009565716472163765 0.08333333333333333
