12 0.1562709590878605 0.630057803468208 0.10061711832573116 0.23121387283236994
12 0.5855130784708249 0.7456647398843931 0.10061711832573116 0.23121387283236994
11 0.2904091213950369 0.630057803468208 0.10061711832573116 0.23121387283236994
11 0.7464788732394366 0.6878612716763006 0.10061711832573116 0.23121387283236994
11 0.45137491616364855 0.6878612716763006 0.10061711832573116 0.23121387283236994
6 0.9175050301810866 0.2543352601156069 0.026831231553528307 0.17341040462427745
10 0.8504359490274984 0.7745664739884393 0.026831231553528307 0.17341040462427745
4 0.8645204560697519 0.22543352601156075 0.026831231553528307 0.17341040462427745
0 0.9175050301810866 0.5086705202312138 0.013415615776764154 0.11560693641618497
0 0.09926224010731054 0.8554913294797688 0.013415615776764154 0.11560693641618497
0 0.39436619718309857 0.9132947976878613 0.013415615776764154 0.11560693641618497
0 0.6894701542588867 0.9132947976878613 0.013415615776764154 0.11560693641618497
