12 0.7933333333333333 0.8363636363636364 0.14285714285714285 0.12121212121212122
16 0.8219047619047619 0.4727272727272728 0.21904761904761905 0.30303030303030304
11 0.8314285714285714 0.10909090909090913 0.14285714285714285 0.12121212121212122
11 0.2219047619047619 0.23030303030303034 0.14285714285714285 0.12121212121212122
6 0.35047619047619044 0.3666666666666667 0.0380952380952381 0.09090909090909091
1 0.4257523809523809 0.1696969696969698 0.0380952380952381 0.09090909090909091
3 0.5971428571428571 0.1696969696969698 0.0380952380952381 0.09090909090909091
4 0.5019047619047619 0.35151515151515156 0.0380952380952381 0.09090909090909091
0 0.35047619047619044 0.5 0.01904761904761905 0.06060606060606061
0 0.8838095238095238 0.9545454545454546 0.01904761904761905 0.06060606060606061
0 0.96 0.6818181818181819 0.01904761904761905 0.06060606060606061
0 0.9219047619047619 0.2272727272727273 0.01904761904761905 0.06060606060606061
0 0.7504761904761904 0.2272727272727273 0.01904761904761905 0.06060606060606061
0 0.14095238095238097 0.3484848484848485 0.01904761904761905 0.06060606060606061
