11 0.8376146788990826 0.7428571428571429 0.13761467889908258 0.19047619047619047
16 0.865137614678899 0.3142857142857144 0.21100917431192662 0.47619047619047616
11 0.17706422018348625 0.6952380952380952 0.13761467889908258 0.19047619047619047
11 0.6541284403669725 0.21904761904761916 0.13761467889908258 0.19047619047619047
10 0.4293577981651376 0.6238095238095238 0.03669724770642202 0.14285714285714285
10 0.4293577981651376 0.3380952380952381 0.03669724770642202 0.14285714285714285
2 0.5036330275229358 0.36190476190476184 0.03669724770642202 0.14285714285714285
4 0.3568807339449541 0.6 0.03669724770642202 0.14285714285714285
0 0.3009174311926605 0.7857142857142857 0.01834862385321101 0.09523809523809523
0 0.9247706422018348 0.9285714285714286 0.01834862385321101 0.09523809523809523
