14 0.30483870967741933 0.15135135135135136 0.0967741935483871 0.08108108108108109
13 0.5266129032258065 0.31351351351351353 0.12096774193548387 0.10810810810810811
11 0.3169354838709677 0.28648648648648656 0.12096774193548387 0.10810810810810811
13 0.3169354838709677 0.44864864864864873 0.12096774193548387 0.10810810810810811
10 0.8129032258064516 0.5432432432432432 0.03225806451612903 0.08108108108108109
1 0.7153548387096774 0.3675675675675676 0.03225806451612903 0.08108108108108109
2 0.7153548387096774 0.6918918918918919 0.03225806451612903 0.08108108108108109
4 0.7975806451612903 0.6918918918918919 0.03225806451612903 0.08108108108108109
5 0.7 0.8405405405405405 0.03225806451612903 0.08108108108108109
5 0.8129032258064516 0.3810810810810811 0.03225806451612903 0.08108108108108109
0 0.7 0.9594594594594594 0.016129032258064516 0.05405405405405406
