17 0.8642857142857143 0.4 0.1111111111111111 0.2413793103448276
16 0.6373015873015873 0.7103448275862069 0.18253968253968253 0.3448275862068966
13 0.8357142857142857 0.8137931034482758 0.11904761904761904 0.13793103448275862
12 0.18492063492063493 0.5379310344827586 0.11904761904761904 0.13793103448275862
15 0.5706349206349207 0.4 0.09523809523809523 0.1724137931034483
16 0.3833333333333333 0.3310344827586207 0.18253968253968253 0.3448275862068966
9 0.11746031746031746 0.21034482758620698 0.031746031746031744 0.10344827586206896
9 0.16507936507936508 0.21034482758620698 0.031746031746031744 0.10344827586206896
0 0.11746031746031746 0.3620689655172413 0.015873015873015872 0.06896551724137931
0 0.9111111111111111 0.9482758620689655 0.015873015873015872 0.06896551724137931
0 0.7999999999999999 0.6379310344827587 0.015873015873015872 0.06896551724137931
0 0.546031746031746 0.9482758620689655 0.015873015873015872 0.06896551724137931
0 0.11746031746031746 0.6724137931034483 0.015873015873015872 0.06896551724137931
