17 0.44624167459562325 0.504 0.13323182337266845 0.28
11 0.6688867745004757 0.784 0.1427483821850019 0.16
16 0.2121788772597526 0.30400000000000005 0.21888085268366958 0.4
11 0.6403425309229306 0.544 0.1427483821850019 0.16
9 0.8258801141769744 0.484 0.03806623524933384 0.12
10 0.8258801141769744 0.724 0.03806623524933384 0.12
5 0.8829686013320647 0.724 0.03806623524933384 0.12
0 0.8829686013320647 0.9 0.01903311762466692 0.08
0 0.4643196955280685 0.78 0.01903311762466692 0.08
0 0.588011417697431 0.94 0.01903311762466692 0.08
