16 0.4252032520325203 0.5280289330922243 0.18699186991869918 0.361794500723589
16 0.6528455284552845 0.2386980108499096 0.18699186991869918 0.361794500723589
12 0.6284552845528455 0.5641952983725136 0.12195121951219512 0.1447178002894356
11 0.8886178861788617 0.6003616636528029 0.12195121951219512 0.1447178002894356
15 0.6170731707317073 0.8173598553345388 0.0975609756097561 0.1808972503617945
9 0.8520325203252033 0.9077757685352622 0.032520325203252036 0.1085383502170767
2 0.21866666666666668 0.6726943942133815 0.032520325203252036 0.1085383502170767
4 0.13739837398373983 0.45569620253164556 0.032520325203252036 0.1085383502170767
0 0.26666666666666666 0.8137432188065099 0.016260162601626018 0.0723589001447178
0 0.9658536585365853 0.7414104882459313 0.016260162601626018 0.0723589001447178
