11 0.4768145161290322 0.17692307692307696 0.15120967741935484 0.15384615384615385
12 0.23487903225806453 0.7153846153846154 0.15120967741935484 0.15384615384615385
16 0.4667338709677419 0.6384615384615384 0.2318548387096774 0.38461538461538464
6 0.6733870967741935 0.3884615384615385 0.04032258064516129 0.11538461538461539
9 0.6733870967741935 0.1576923076923078 0.04032258064516129 0.11538461538461539
1 0.7751612903225806 0.6 0.04032258064516129 0.11538461538461539
1 0.8759677419354839 0.6 0.04032258064516129 0.11538461538461539
0 0.7943548387096774 0.7884615384615384 0.020161290322580645 0.07692307692307693
0 0.3911290322580645 0.32692307692307687 0.020161290322580645 0.07692307692307693
0 0.14919354838709678 0.8653846153846154 0.020161290322580645 0.07692307692307693
