17 0.22578125 0.5824175824175823 0.109375 0.2564102564102564
14 0.5296875 0.4725274725274725 0.09375 0.10989010989010989
11 0.38515625 0.5457875457875458 0.1171875 0.14652014652014653
11 0.19765624999999998 0.25274725274725285 0.1171875 0.14652014652014653
11 0.54140625 0.6556776556776557 0.1171875 0.14652014652014653
1 0.6945 0.728937728937729 0.03125 0.10989010989010989
1 0.835125 0.4725274725274725 0.03125 0.10989010989010989
1 0.772625 0.1428571428571429 0.03125 0.10989010989010989
0 0.85 0.31135531135531147 0.015625 0.07326007326007326
0 0.1625 0.8351648351648352 0.015625 0.07326007326007326
