12 0.6393939393939394 0.4296296296296297 0.15151515151515152 0.14814814814814814
15 0.2212121212121212 0.5777777777777777 0.12121212121212122 0.18518518518518517
14 0.17979797979797982 0.3555555555555556 0.12121212121212122 0.1111111111111111
11 0.41717171717171714 0.4666666666666667 0.15151515151515152 0.14814814814814814
11 0.8616161616161616 0.13333333333333341 0.15151515151515152 0.14814814814814814
6 0.806060606060606 0.4296296296296297 0.06060606060606061 0.07407407407407407
1 0.8171313131313132 0.762962962962963 0.04040404040404041 0.1111111111111111
0 0.8363636363636363 0.9259259259259259 0.020202020202020204 0.07407407407407407
0 0.8767676767676768 0.5740740740740741 0.020202020202020204 0.07407407407407407
0 0.5535353535353535 0.5740740740740741 0.020202020202020204 0.07407407407407407
0 0.14949494949494951 0.7407407407407407 0.020202020202020204 0.07407407407407407
0 0.9575757575757575 0.2777777777777778 0.020202020202020204 0.07407407407407407
0 0.7757575757575758 0.2777777777777778 0.020202020202020204 0.07407407407407407
