13 0.41559633027522935 0.22352941176470598 0.13761467889908258 0.11764705882352941
14 0.9155963302752294 0.6647058823529411 0.11009174311926606 0.08823529411764706
11 0.23211009174311925 0.19411764705882362 0.13761467889908258 0.11764705882352941
6 0.5394495412844036 0.4441176470588236 0.03669724770642202 0.08823529411764706
10 0.5394495412844036 0.2970588235294118 0.03669724770642202 0.08823529411764706
2 0.7587522935779816 0.8117647058823529 0.03669724770642202 0.08823529411764706
3 0.648623853211009 0.8117647058823529 0.03669724770642202 0.08823529411764706
3 0.7238532110091743 0.6058823529411765 0.03669724770642202 0.08823529411764706
4 0.5568807339449541 0.1352941176470589 0.03669724770642202 0.08823529411764706
0 0.7412844036697247 0.9558823529411765 0.01834862385321101 0.058823529411764705
