12 0.39999999999999997 0.25384615384615394 0.20139634801288936 0.15384615384615385
11 0.34630872483221475 0.6384615384615384 0.20139634801288936 0.15384615384615385
9 0.8228187919463087 0.7346153846153847 0.05370569280343716 0.11538461538461539
10 0.6885906040268456 0.7346153846153847 0.05370569280343716 0.11538461538461539
2 0.7141476510067113 0.36923076923076925 0.05370569280343716 0.11538461538461539
4 0.6630872483221476 0.17692307692307696 0.05370569280343716 0.11538461538461539
5 0.12483221476510067 0.5807692307692307 0.05370569280343716 0.11538461538461539
0 0.6885906040268456 0.9423076923076923 0.02685284640171858 0.07692307692307693
0 0.5812080536912752 0.5192307692307692 0.02685284640171858 0.07692307692307693
0 0.2859060402684564 0.40384615384615385 0.02685284640171858 0.07692307692307693
