11 0.7805027590435317 0.5369458128078818 0.09197939661515821 0.19704433497536947
11 0.40036787247087674 0.5862068965517242 0.09197939661515821 0.19704433497536947
11 0.6456161863887185 0.5369458128078818 0.09197939661515821 0.19704433497536947
11 0.5229920294297977 0.5862068965517242 0.09197939661515821 0.19704433497536947
12 0.27774371551195587 0.6354679802955665 0.09197939661515821 0.19704433497536947
13 0.14285714285714288 0.5369458128078818 0.09197939661515821 0.19704433497536947
1 0.8761250766400982 0.19211822660098532 0.02452783909737552 0.1477832512315271
5 0.8877988963825875 0.4630541871921182 0.02452783909737552 0.1477832512315271
5 0.9245861434702638 0.21674876847290647 0.02452783909737552 0.1477832512315271
0 0.22562844880441446 0.8275862068965517 0.01226391954868776 0.09852216748768473
0 0.09074187614960148 0.729064039408867 0.01226391954868776 0.09852216748768473
