12 0.8867768595041322 0.8 0.12396694214876033 0.09523809523809523
16 0.23388429752066114 0.2047619047619048 0.19008264462809918 0.23809523809523808
17 0.7347107438016529 0.8238095238095238 0.11570247933884298 0.16666666666666666
11 0.20909090909090908 0.4190476190476191 0.12396694214876033 0.09523809523809523
9 0.5520661157024793 0.6452380952380953 0.03305785123966942 0.07142857142857142
9 0.5520661157024793 0.7880952380952381 0.03305785123966942 0.07142857142857142
10 0.6016528925619834 0.3595238095238096 0.03305785123966942 0.07142857142857142
1 0.48674380165289255 0.4904761904761905 0.03305785123966942 0.07142857142857142
3 0.41900826446280987 0.3476190476190476 0.03305785123966942 0.07142857142857142
0 0.965289256198347 0.8928571428571429 0.01652892561983471 0.047619047619047616
