14 0.33435114503816793 0.12777777777777777 0.0916030534351145 0.08333333333333333
11 0.3763358778625954 0.7944444444444444 0.11450381679389313 0.1111111111111111
11 0.36870229007633587 0.5444444444444445 0.11450381679389313 0.1111111111111111
16 0.7198473282442748 0.37777777777777777 0.17557251908396945 0.2777777777777778
12 0.3763358778625954 0.2944444444444445 0.11450381679389313 0.1111111111111111
11 0.8954198473282442 0.15555555555555556 0.11450381679389313 0.1111111111111111
12 0.1931297709923664 0.3222222222222223 0.11450381679389313 0.1111111111111111
11 0.8954198473282442 0.40555555555555556 0.11450381679389313 0.1111111111111111
11 0.5442748091603054 0.43333333333333335 0.11450381679389313 0.1111111111111111
0 0.9679389312977099 0.5138888888888888 0.015267175572519083 0.05555555555555555
0 0.9679389312977099 0.26388888888888884 0.015267175572519083 0.05555555555555555
0 0.31145038167938927 0.9027777777777778 0.015267175572519083 0.05555555555555555
0 0.30381679389312977 0.6527777777777778 0.015267175572519083 0.05555555555555555
0 0.31145038167938927 0.4027777777777778 0.015267175572519083 0.05555555555555555
