15 0.5020945541591861 0.5888888888888888 0.07182188173330141 0.2777777777777778
11 0.25912627169359664 0.6444444444444444 0.08977735216662676 0.2222222222222222
11 0.3907839616995811 0.3666666666666667 0.08977735216662676 0.2222222222222222
15 0.38240574506283664 0.7555555555555555 0.07182188173330141 0.2777777777777778
12 0.13943746259724715 0.7 0.08977735216662676 0.2222222222222222
15 0.6457211250748056 0.47777777777777775 0.07182188173330141 0.2777777777777778
9 0.8306403351286655 0.2833333333333333 0.023940627244433806 0.16666666666666666
10 0.9263913824057451 0.3388888888888889 0.023940627244433806 0.16666666666666666
3 0.7821663674446439 0.3111111111111111 0.023940627244433806 0.16666666666666666
4 0.8791143028126871 0.3111111111111111 0.023940627244433806 0.16666666666666666
0 0.5553560742070617 0.8333333333333334 0.011970313622216903 0.1111111111111111
0 0.698982645122681 0.7222222222222222 0.011970313622216903 0.1111111111111111
0 0.6032315978456014 0.7222222222222222 0.011970313622216903 0.1111111111111111
0 0.08856971873129862 0.9166666666666666 0.011970313622216903 0.1111111111111111
