16 0.6587786259541984 0.3405405405405406 0.17557251908396945 0.2702702702702703
11 0.8648854961832061 0.854054054054054 0.11450381679389313 0.10810810810810811
12 0.8648854961832061 0.6108108108108108 0.11450381679389313 0.10810810810810811
11 0.23893129770992363 0.31351351351351353 0.11450381679389313 0.10810810810810811
12 0.23893129770992363 0.15135135135135136 0.11450381679389313 0.10810810810810811
11 0.2694656488549618 0.4756756756756757 0.11450381679389313 0.10810810810810811
11 0.8954198473282442 0.3675675675675676 0.11450381679389313 0.10810810810810811
6 0.4946564885496183 0.4621621621621622 0.030534351145038167 0.08108108108108109
2 0.48012213740458015 0.2594594594594595 0.030534351145038167 0.08108108108108109
3 0.4022900763358778 0.2594594594594595 0.030534351145038167 0.08108108108108109
0 0.4946564885496183 0.5810810810810811 0.015267175572519083 0.05405405405405406
0 0.3877862595419847 0.14054054054054066 0.015267175572519083 0.05405405405405406
0 0.9374045801526717 0.9594594594594594 0.015267175572519083 0.05405405405405406
0 0.9374045801526717 0.7162162162162162 0.015267175572519083 0.05405405405405406
0 0.5709923664122137 0.527027027027027 0.015267175572519083 0.05405405405405406
0 0.20458015267175572 0.5810810810810811 0.015267175572519083 0.05405405405405406
0 0.9679389312977099 0.472972972972973 0.015267175572519083 0.05405405405405406
0 0.8305343511450382 0.472972972972973 0.015267175572519083 0.05405405405405406
