14 0.8413223140495868 0.8185185185185185 0.09917355371900827 0.1111111111111111
13 0.37438016528925616 0.22592592592592597 0.12396694214876033 0.14814814814814814
11 0.1925619834710744 0.26296296296296306 0.12396694214876033 0.14814814814814814
15 0.8752066115702479 0.1518518518518519 0.09917355371900827 0.18518518518518517
11 0.8867768595041322 0.48518518518518516 0.12396694214876033 0.14814814814814814
11 0.37438016528925616 0.4481481481481482 0.12396694214876033 0.14814814814814814
1 0.6173884297520661 0.4111111111111112 0.03305785123966942 0.1111111111111111
3 0.7016528925619835 0.5962962962962963 0.03305785123966942 0.1111111111111111
3 0.5181818181818182 0.5962962962962963 0.03305785123966942 0.1111111111111111
0 0.915702479338843 0.9444444444444444 0.01652892561983471 0.07407407407407407
0 0.965289256198347 0.6296296296296297 0.01652892561983471 0.07407407407407407
0 0.8165289256198347 0.6296296296296297 0.01652892561983471 0.07407407407407407
0 0.12231404958677687 0.40740740740740744 0.01652892561983471 0.07407407407407407
0 0.9487603305785124 0.31481481481481477 0.01652892561983471 0.07407407407407407
0 0.8165289256198347 0.31481481481481477 0.01652892561983471 0.07407407407407407
