12 0.916969696969697 0.7923076923076923 0.09090909090909091 0.15384615384615385
16 0.2927272727272727 0.25384615384615394 0.1393939393939394 0.38461538461538464
11 0.916969696969697 0.48461538461538456 0.09090909090909091 0.15384615384615385
12 0.4442424242424242 0.48461538461538456 0.09090909090909091 0.15384615384615385
15 0.26606060606060605 0.6384615384615384 0.07272727272727272 0.19230769230769232
12 0.7957575757575758 0.523076923076923 0.09090909090909091 0.15384615384615385
15 0.13272727272727272 0.6384615384615384 0.07272727272727272 0.19230769230769232
2 0.6599757575757575 0.4076923076923077 0.024242424242424242 0.11538461538461539
2 0.599369696969697 0.4076923076923077 0.024242424242424242 0.11538461538461539
5 0.5503030303030303 0.3884615384615385 0.024242424242424242 0.11538461538461539
0 0.9745454545454546 0.9423076923076923 0.012121212121212121 0.07692307692307693
0 0.9745454545454546 0.6346153846153846 0.012121212121212121 0.07692307692307693
0 0.7442424242424243 0.6730769230769231 0.012121212121212121 0.07692307692307693
0 0.0896969696969697 0.8076923076923077 0.012121212121212121 0.07692307692307693
