17 0.5425196850393701 0.40645161290322585 0.11023622047244094 0.22580645161290322
15 0.14094488188976376 0.37419354838709684 0.09448818897637795 0.16129032258064516
11 0.8921259842519684 0.43870967741935485 0.11811023622047244 0.12903225806451613
12 0.7188976377952756 0.37419354838709684 0.11811023622047244 0.12903225806451613
16 0.3488188976377953 0.40645161290322585 0.18110236220472442 0.3225806451612903
12 0.8921259842519684 0.11612903225806459 0.11811023622047244 0.12903225806451613
6 0.8566929133858268 0.7129032258064516 0.031496062992125984 0.0967741935483871
10 0.8566929133858268 0.9064516129032258 0.031496062992125984 0.0967741935483871
0 0.9669291338582677 0.564516129032258 0.015748031496062992 0.06451612903225806
0 0.9669291338582677 0.24193548387096775 0.015748031496062992 0.06451612903225806
0 0.5574803149606299 0.6290322580645161 0.015748031496062992 0.06451612903225806
0 0.6519685039370079 0.5 0.015748031496062992 0.06451612903225806
0 0.25826771653543307 0.6290322580645161 0.015748031496062992 0.06451612903225806
