11 0.8535087719298246 0.5638051044083527 0.13157894736842105 0.18570102135561745
11 0.4763157894736842 0.7494199535962878 0.13157894736842105 0.18570102135561745
11 0.2921052631578947 0.2853828306264502 0.13157894736842105 0.18570102135561745
11 0.6605263157894736 0.5174013921113689 0.13157894736842105 0.18570102135561745
12 0.48508771929824557 0.331786542923434 0.13157894736842105 0.18570102135561745
5 0.12105263157894737 0.2853828306264502 0.05263157894736842 0.09285051067780872
0 0.05964912280701754 0.4663573085846868 0.017543859649122806 0.09285051067780872
0 0.40175438596491225 0.9303944315545244 0.017543859649122806 0.09285051067780872
0 0.7789473684210526 0.7447795823665893 0.017543859649122806 0.09285051067780872
0 0.4105263157894737 0.5127610208816705 0.017543859649122806 0.09285051067780872
