12 0.9055172413793104 0.29647058823529415 0.10344827586206896 0.09411764705882353
14 0.5503448275862068 0.8847058823529411 0.08275862068965517 0.07058823529411765
11 0.3813793103448276 0.7435294117647059 0.10344827586206896 0.09411764705882353
11 0.9055172413793104 0.08470588235294119 0.10344827586206896 0.09411764705882353
16 0.5537931034482758 0.6964705882352942 0.15862068965517243 0.23529411764705882
14 0.5227586206896552 0.5082352941176471 0.08275862068965517 0.07058823529411765
11 0.24344827586206894 0.72 0.10344827586206896 0.09411764705882353
13 0.7262068965517241 0.6729411764705882 0.10344827586206896 0.09411764705882353
9 0.12275862068965518 0.72 0.041379310344827586 0.047058823529411764
2 0.8751448275862069 0.6023529411764706 0.027586206896551724 0.07058823529411765
0 0.8882758620689656 0.4988235294117648 0.013793103448275862 0.047058823529411764
0 0.9710344827586208 0.388235294117647 0.013793103448275862 0.047058823529411764
0 0.8468965517241379 0.388235294117647 0.013793103448275862 0.047058823529411764
0 0.5020689655172413 0.9647058823529412 0.013793103448275862 0.047058823529411764
0 0.9710344827586208 0.17647058823529416 0.013793103448275862 0.047058823529411764
0 0.8468965517241379 0.17647058823529416 0.013793103448275862 0.047058823529411764
