17 0.5778947368421052 0.44166666666666676 0.14736842105263157 0.2916666666666667
16 0.8031578947368421 0.275 0.24210526315789474 0.4166666666666667
11 0.35052631578947363 0.44166666666666665 0.15789473684210525 0.16666666666666666
11 0.16105263157894736 0.4 0.15789473684210525 0.16666666666666666
6 0.7242105263157894 0.7541666666666667 0.042105263157894736 0.125
5 0.7873684210526315 0.7541666666666667 0.042105263157894736 0.125
0 0.7242105263157894 0.9375 0.021052631578947368 0.08333333333333333
0 0.9557894736842105 0.5625 0.021052631578947368 0.08333333333333333
0 0.49263157894736836 0.7291666666666667 0.021052631578947368 0.08333333333333333
0 0.07157894736842105 0.5625 0.021052631578947368 0.08333333333333333
