13 0.8494505494505494 0.36 0.16483516483516483 0.11428571428571428
11 0.16813186813186812 0.44571428571428573 0.16483516483516483 0.11428571428571428
11 0.6296703296703297 0.38857142857142857 0.16483516483516483 0.11428571428571428
11 0.8494505494505494 0.10285714285714287 0.16483516483516483 0.11428571428571428
6 0.40439560439560435 0.8314285714285714 0.04395604395604396 0.08571428571428572
9 0.3384615384615384 0.48857142857142866 0.04395604395604396 0.08571428571428572
4 0.4252747252747252 0.5028571428571429 0.04395604395604396 0.08571428571428572
4 0.4252747252747252 0.3314285714285715 0.04395604395604396 0.08571428571428572
5 0.40439560439560435 0.6599999999999999 0.04395604395604396 0.08571428571428572
0 0.40439560439560435 0.9571428571428572 0.02197802197802198 0.05714285714285714
0 0.9538461538461538 0.4714285714285714 0.02197802197802198 0.05714285714285714
0 0.9538461538461538 0.2142857142857143 0.02197802197802198 0.05714285714285714
0 0.07472527472527472 0.5571428571428572 0.02197802197802198 0.05714285714285714
