11 0.7157045313469894 0.4648648648648649 0.0931214303451701 0.21621621621621623
11 0.5543140906269398 0.4648648648648649 0.0931214303451701 0.21621621621621623
14 0.6815642458100559 0.8972972972972973 0.07449714427613609 0.16216216216216217
11 0.29360645561762877 0.6270270270270271 0.0931214303451701 0.21621621621621623
11 0.44258224705152077 0.518918918918919 0.0931214303451701 0.21621621621621623
12 0.14463066418373682 0.3567567567567568 0.0931214303451701 0.21621621621621623
14 0.2594661700806952 0.3567567567567568 0.07449714427613609 0.16216216216216217
9 0.9236499068901305 0.654054054054054 0.024832381425378695 0.16216216216216217
2 0.8745872129112354 0.6270270270270271 0.024832381425378695 0.16216216216216217
5 0.8243327126008692 0.6 0.024832381425378695 0.16216216216216217
0 0.6629422718808193 0.6756756756756757 0.012416190712689347 0.10810810810810811
0 0.24084419615145872 0.8378378378378378 0.012416190712689347 0.10810810810810811
0 0.3898199875853507 0.7297297297297297 0.012416190712689347 0.10810810810810811
0 0.09186840471756674 0.5675675675675675 0.012416190712689347 0.10810810810810811
