11 0.3701754385964912 0.6 0.08771929824561403 0.19047619047619047
13 0.9198830409356726 0.36190476190476184 0.08771929824561403 0.19047619047619047
13 0.14795321637426898 0.6 0.08771929824561403 0.19047619047619047
11 0.4871345029239766 0.5523809523809524 0.08771929824561403 0.19047619047619047
12 0.604093567251462 0.5047619047619047 0.08771929824561403 0.19047619047619047
11 0.2649122807017544 0.6476190476190475 0.08771929824561403 0.19047619047619047
9 0.6830409356725146 0.24285714285714288 0.023391812865497075 0.14285714285714285
2 0.7303859649122807 0.6 0.023391812865497075 0.14285714285714285
1 0.7888654970760235 0.6 0.023391812865497075 0.14285714285714285
5 0.9111111111111112 0.7428571428571429 0.03508771929824561 0.09523809523809523
0 0.952046783625731 0.9285714285714286 0.011695906432748537 0.09523809523809523
0 0.8233918128654971 0.7857142857142857 0.011695906432748537 0.09523809523809523
0 0.9754385964912281 0.5476190476190477 0.011695906432748537 0.09523809523809523
