17 0.20087719298245613 0.24571428571428577 0.12280701754385964 0.2
11 0.39736842105263154 0.27428571428571435 0.13157894736842105 0.11428571428571428
11 0.6078947368421053 0.6742857142857143 0.13157894736842105 0.11428571428571428
11 0.39736842105263154 0.6457142857142857 0.13157894736842105 0.11428571428571428
11 0.6078947368421053 0.27428571428571435 0.13157894736842105 0.11428571428571428
6 0.743859649122807 0.6028571428571429 0.03508771929824561 0.08571428571428572
10 0.743859649122807 0.8028571428571428 0.03508771929824561 0.08571428571428572
2 0.7605614035087719 0.3314285714285715 0.03508771929824561 0.08571428571428572
1 0.8675087719298246 0.7885714285714286 0.03508771929824561 0.08571428571428572
0 0.8842105263157894 0.9142857142857143 0.017543859649122806 0.05714285714285714
0 0.8140350877192982 0.44285714285714284 0.017543859649122806 0.05714285714285714
0 0.1298245614035088 0.44285714285714284 0.017543859649122806 0.05714285714285714
