15 0.4949596774193548 0.38916256157635465 0.12096774193548387 0.24630541871921183
12 0.7913306451612903 0.7339901477832512 0.15120967741935484 0.19704433497536947
14 0.3125 0.33990147783251234 0.12096774193548387 0.1477832512315271
12 0.751008064516129 0.43842364532019706 0.15120967741935484 0.19704433497536947
10 0.5342741935483871 0.6354679802955665 0.06048387096774194 0.09852216748768473
4 0.09979838709677419 0.19211822660098532 0.04032258064516129 0.1477832512315271
5 0.1814516129032258 0.21674876847290647 0.04032258064516129 0.1477832512315271
0 0.4637096774193548 0.8275862068965517 0.020161290322580645 0.09852216748768473
0 0.8870967741935484 0.9261083743842364 0.020161290322580645 0.09852216748768473
0 0.7056451612903225 0.9261083743842364 0.020161290322580645 0.09852216748768473
