16 0.8111111111111111 0.6833333333333333 0.23232323232323232 0.2777777777777778
12 0.2959595959595959 0.48888888888888893 0.15151515151515152 0.1111111111111111
11 0.25555555555555554 0.15555555555555556 0.15151515151515152 0.1111111111111111
9 0.4323232323232323 0.6694444444444445 0.04040404040404041 0.08333333333333333
10 0.4525252525252525 0.3916666666666667 0.04040404040404041 0.08333333333333333
2 0.5545050505050505 0.37777777777777777 0.04040404040404041 0.08333333333333333
2 0.4515555555555555 0.8222222222222222 0.04040404040404041 0.08333333333333333
4 0.5929292929292929 0.21111111111111114 0.04040404040404041 0.08333333333333333
0 0.4525252525252525 0.5416666666666667 0.020202020202020204 0.05555555555555555
0 0.4323232323232323 0.9583333333333334 0.020202020202020204 0.05555555555555555
0 0.9575757575757575 0.875 0.020202020202020204 0.05555555555555555
0 0.21010101010101012 0.5972222222222222 0.020202020202020204 0.05555555555555555
