11 0.8380116959064328 0.30000000000000004 0.08771929824561403 0.18181818181818182
12 0.4637426900584795 0.4818181818181818 0.08771929824561403 0.18181818181818182
17 0.34444444444444444 0.5272727272727273 0.08187134502923976 0.3181818181818182
11 0.18304093567251462 0.30000000000000004 0.08771929824561403 0.18181818181818182
16 0.20058479532163742 0.7545454545454545 0.13450292397660818 0.45454545454545453
11 0.7093567251461989 0.25454545454545463 0.08771929824561403 0.18181818181818182
9 0.5543859649122806 0.36818181818181817 0.023391812865497075 0.13636363636363635
10 0.9345029239766083 0.30000000000000004 0.03508771929824561 0.09090909090909091
10 0.5543859649122806 0.8681818181818182 0.023391812865497075 0.13636363636363635
3 0.6017543859649123 0.6636363636363636 0.023391812865497075 0.13636363636363635
0 0.9754385964912281 0.4772727272727273 0.011695906432748537 0.09090909090909091
0 0.7883040935672515 0.4772727272727273 0.011695906432748537 0.09090909090909091
