14 0.6076190476190476 0.26775956284153 0.11428571428571428 0.16393442622950818
16 0.6504761904761904 0.7049180327868853 0.21904761904761905 0.546448087431694
11 0.1457142857142857 0.4316939890710383 0.14285714285714285 0.2185792349726776
15 0.8752380952380953 0.48633879781420764 0.11428571428571428 0.273224043715847
9 0.3695238095238095 0.5136612021857924 0.0380952380952381 0.16393442622950818
1 0.29241904761904763 0.540983606557377 0.0380952380952381 0.16393442622950818
3 0.44666666666666666 0.21311475409836067 0.0380952380952381 0.16393442622950818
0 0.2742857142857143 0.7814207650273224 0.01904761904761905 0.1092896174863388
0 0.96 0.726775956284153 0.01904761904761905 0.1092896174863388
0 0.06476190476190476 0.644808743169399 0.01904761904761905 0.1092896174863388
