16 0.7016260162601626 0.2833099579242637 0.18699186991869918 0.28058361391694725
14 0.8926829268292683 0.08695652173913049 0.0975609756097561 0.08417508417508418
14 0.1934959349593496 0.1430575035063114 0.0975609756097561 0.08417508417508418
13 0.36829268292682926 0.25525946704067326 0.12195121951219512 0.1122334455667789
12 0.20569105691056908 0.2833099579242637 0.12195121951219512 0.1122334455667789
12 0.5146341463414634 0.2272089761570828 0.12195121951219512 0.1122334455667789
6 0.8926829268292683 0.2833099579242637 0.04878048780487805 0.05611672278338945
1 0.8837723577235772 0.5357643758765779 0.032520325203252036 0.08417508417508418
4 0.8853658536585366 0.9284712482468443 0.032520325203252036 0.08417508417508418
0 0.9008130081300812 0.8050490883590462 0.016260162601626018 0.05611672278338945
0 0.8682926829268293 0.6591865357643758 0.016260162601626018 0.05611672278338945
0 0.9495934959349593 0.39270687237026647 0.016260162601626018 0.05611672278338945
0 0.9658536585365853 0.18232819074333806 0.016260162601626018 0.05611672278338945
