14 0.163302752293578 0.83 0.11009174311926606 0.15
13 0.6908256880733945 0.32999999999999996 0.13761467889908258 0.2
11 0.8743119266055046 0.32999999999999996 0.13761467889908258 0.2
9 0.4660550458715596 0.655 0.03669724770642202 0.15
10 0.5577981651376146 0.2550000000000001 0.03669724770642202 0.15
1 0.5403302752293578 0.6799999999999999 0.03669724770642202 0.15
4 0.39357798165137614 0.22999999999999998 0.03669724770642202 0.15
5 0.2825688073394495 0.2550000000000001 0.03669724770642202 0.15
0 0.33761467889908253 0.42500000000000004 0.01834862385321101 0.1
0 0.9614678899082568 0.525 0.01834862385321101 0.1
