11 0.22357142857142856 0.5490909090909091 0.10714285714285714 0.14545454545454545
11 0.38071428571428567 0.5854545454545454 0.10714285714285714 0.14545454545454545
14 0.5271428571428571 0.11272727272727279 0.08571428571428572 0.10909090909090909
16 0.5592857142857143 0.5127272727272727 0.16428571428571428 0.36363636363636365
6 0.8628571428571429 0.2400000000000001 0.02857142857142857 0.10909090909090909
9 0.9057142857142858 0.5309090909090909 0.02857142857142857 0.10909090909090909
10 0.72 0.27636363636363637 0.02857142857142857 0.10909090909090909
1 0.8050285714285714 0.2581818181818182 0.02857142857142857 0.10909090909090909
2 0.7778285714285714 0.5490909090909091 0.02857142857142857 0.10909090909090909
0 0.9057142857142857 0.6909090909090909 0.014285714285714285 0.07272727272727272
0 0.47714285714285715 0.23636363636363633 0.014285714285714285 0.07272727272727272
0 0.47714285714285715 0.7636363636363637 0.014285714285714285 0.07272727272727272
