13 0.7593023255813953 0.33125000000000004 0.1744186046511628 0.125
12 0.5267441860465116 0.30000000000000004 0.1744186046511628 0.125
11 0.2593023255813954 0.11250000000000004 0.1744186046511628 0.125
12 0.2709302325581395 0.39375000000000004 0.1744186046511628 0.125
13 0.7593023255813953 0.51875 0.1744186046511628 0.125
3 0.7290697674418604 0.8 0.046511627906976744 0.09375
0 0.7069767441860465 0.9375 0.023255813953488372 0.0625
0 0.8697674418604651 0.640625 0.023255813953488372 0.0625
0 0.17209302325581396 0.515625 0.023255813953488372 0.0625
0 0.42790697674418604 0.421875 0.023255813953488372 0.0625
0 0.16046511627906979 0.234375 0.023255813953488372 0.0625
