16 0.7206521739130435 0.2129032258064517 0.25 0.3225806451612903
12 0.16630434782608694 0.8258064516129032 0.16304347826086957 0.12903225806451613
11 0.383695652173913 0.8580645161290322 0.16304347826086957 0.12903225806451613
12 0.41630434782608694 0.43870967741935485 0.16304347826086957 0.12903225806451613
6 0.7478260869565218 0.7774193548387096 0.043478260869565216 0.0967741935483871
6 0.7478260869565218 0.5838709677419355 0.043478260869565216 0.0967741935483871
9 0.8130434782608695 0.5838709677419355 0.043478260869565216 0.0967741935483871
3 0.6619565217391304 0.7935483870967742 0.043478260869565216 0.0967741935483871
0 0.5956521739130435 0.9193548387096774 0.021739130434782608 0.06451612903225806
0 0.8782608695652173 0.4354838709677419 0.021739130434782608 0.06451612903225806
0 0.5956521739130435 0.4354838709677419 0.021739130434782608 0.06451612903225806
0 0.07391304347826087 0.9516129032258065 0.021739130434782608 0.06451612903225806
0 0.3239130434782609 0.564516129032258 0.021739130434782608 0.06451612903225806
