14 0.31296296296296294 0.09239130434782605 0.1111111111111111 0.08156606851549755
15 0.27685185185185185 0.3913043478260869 0.1111111111111111 0.13594344752582926
6 0.8037037037037037 0.10597826086956519 0.037037037037037035 0.08156606851549755
6 0.6185185185185185 0.13315217391304346 0.037037037037037035 0.08156606851549755
9 0.5629629629629629 0.3777173913043478 0.037037037037037035 0.08156606851549755
10 0.8592592592592593 0.8125 0.037037037037037035 0.08156606851549755
4 0.7861111111111112 0.7989130434782609 0.037037037037037035 0.08156606851549755
3 0.6935185185185185 0.5 0.037037037037037035 0.08156606851549755
3 0.6935185185185185 0.6358695652173912 0.037037037037037035 0.08156606851549755
5 0.5074074074074074 0.10597826086956519 0.037037037037037035 0.08156606851549755
0 0.8592592592592593 0.9320652173913043 0.018518518518518517 0.054377379010331704
0 0.6185185185185185 0.2527173913043478 0.018518518518518517 0.054377379010331704
0 0.24814814814814815 0.1847826086956521 0.018518518518518517 0.054377379010331704
