13 0.5975336322869955 0.6545454545454545 0.1681614349775785 0.2079002079002079
12 0.35089686098654704 0.7064935064935065 0.1681614349775785 0.2079002079002079
12 0.5975336322869955 0.18701298701298708 0.1681614349775785 0.2079002079002079
6 0.7488789237668161 0.5246753246753246 0.04484304932735426 0.15592515592515593
3 0.8621076233183856 0.49870129870129865 0.04484304932735426 0.15592515592515593
5 0.10986547085201794 0.7584415584415585 0.06726457399103139 0.10395010395010396
0 0.7488789237668161 0.7532467532467533 0.02242152466367713 0.10395010395010396
0 0.5022421524663677 0.8571428571428572 0.02242152466367713 0.10395010395010396
0 0.2556053811659193 0.9090909090909091 0.02242152466367713 0.10395010395010396
0 0.5022421524663677 0.38961038961038963 0.02242152466367713 0.10395010395010396
