17 0.48954248366013076 0.503225806451613 0.0915032679738562 0.22580645161290322
12 0.6098039215686274 0.47096774193548396 0.09803921568627451 0.12903225806451613
17 0.3457516339869281 0.6645161290322581 0.0915032679738562 0.22580645161290322
16 0.17189542483660128 0.6645161290322581 0.1503267973856209 0.3225806451612903
12 0.9104575163398694 0.11612903225806459 0.09803921568627451 0.12903225806451613
11 0.7405228758169935 0.43870967741935485 0.09803921568627451 0.12903225806451613
6 0.8549019607843138 0.39032258064516134 0.026143790849673203 0.0967741935483871
9 0.8941176470588236 0.42258064516129035 0.026143790849673203 0.0967741935483871
5 0.8549019607843138 0.7129032258064516 0.026143790849673203 0.0967741935483871
0 0.8549019607843138 0.564516129032258 0.013071895424836602 0.06451612903225806
0 0.29281045751633983 0.8870967741935484 0.013071895424836602 0.06451612903225806
0 0.4366013071895425 0.7258064516129032 0.013071895424836602 0.06451612903225806
0 0.9725490196078432 0.24193548387096775 0.013071895424836602 0.06451612903225806
0 0.8549019607843138 0.24193548387096775 0.013071895424836602 0.06451612903225806
0 0.09673202614379085 0.8870967741935484 0.013071895424836602 0.06451612903225806
