16 0.5587167070217918 0.27142857142857146 0.13922518159806296 0.35714285714285715
15 0.41101694915254244 0.41428571428571437 0.07263922518159806 0.17857142857142858
13 0.7100484261501211 0.45000000000000007 0.09079903147699758 0.14285714285714285
11 0.564769975786925 0.5928571428571429 0.09079903147699758 0.14285714285714285
11 0.8674334140435837 0.20000000000000007 0.09079903147699758 0.14285714285714285
11 0.2984261501210654 0.45000000000000007 0.09079903147699758 0.14285714285714285
12 0.15314769975786924 0.41428571428571437 0.09079903147699758 0.14285714285714285
10 0.8159806295399517 0.8964285714285715 0.024213075060532687 0.10714285714285714
2 0.9255205811138016 0.5214285714285714 0.024213075060532687 0.10714285714285714
3 0.8274818401937047 0.5214285714285714 0.024213075060532687 0.10714285714285714
0 0.8644067796610171 0.6607142857142857 0.012106537530266344 0.07142857142857142
0 0.8886198547215498 0.6607142857142857 0.012106537530266344 0.07142857142857142
0 0.2469733656174334 0.5892857142857143 0.012106537530266344 0.07142857142857142
0 0.513317191283293 0.7321428571428572 0.012106537530266344 0.07142857142857142
0 0.9249394673123488 0.3392857142857143 0.012106537530266344 0.07142857142857142
0 0.8159806295399517 0.3392857142857143 0.012106537530266344 0.07142857142857142
