13 0.4051546391752577 0.34153846153846157 0.15463917525773196 0.12307692307692308
11 0.611340206185567 0.37230769230769234 0.15463917525773196 0.12307692307692308
11 0.8587628865979381 0.6492307692307693 0.15463917525773196 0.12307692307692308
12 0.8587628865979381 0.37230769230769234 0.15463917525773196 0.12307692307692308
14 0.843298969072165 0.0953846153846154 0.12371134020618557 0.09230769230769231
14 0.18350515463917527 0.3107692307692308 0.12371134020618557 0.09230769230769231
6 0.8123711340206186 0.9107692307692308 0.041237113402061855 0.09230769230769231
0 0.956701030927835 0.7692307692307692 0.020618556701030927 0.06153846153846154
0 0.956701030927835 0.49230769230769234 0.020618556701030927 0.06153846153846154
0 0.9360824742268041 0.19999999999999996 0.020618556701030927 0.06153846153846154
0 0.31752577319587627 0.46153846153846156 0.020618556701030927 0.06153846153846154
