11 0.2898148148148148 0.6347826086956522 0.1388888888888889 0.17391304347826086
11 0.8361111111111111 0.15652173913043488 0.1388888888888889 0.17391304347826086
15 0.7953703703703704 0.5913043478260869 0.1111111111111111 0.21739130434782608
12 0.2898148148148148 0.8956521739130434 0.1388888888888889 0.17391304347826086
6 0.5444444444444444 0.7 0.037037037037037035 0.13043478260869565
6 0.6 0.7 0.037037037037037035 0.13043478260869565
2 0.4527407407407407 0.6782608695652174 0.037037037037037035 0.13043478260869565
5 0.6555555555555556 0.6565217391304348 0.037037037037037035 0.13043478260869565
0 0.8777777777777778 0.782608695652174 0.018518518518518517 0.08695652173913043
0 0.7574074074074074 0.32608695652173914 0.018518518518518517 0.08695652173913043
