12 0.2480392156862745 0.13333333333333341 0.14705882352941177 0.09523809523809523
16 0.31666666666666665 0.3476190476190476 0.22549019607843138 0.23809523809523808
6 0.8117647058823529 0.8595238095238096 0.0392156862745098 0.07142857142857142
9 0.5176470588235293 0.8595238095238096 0.0392156862745098 0.07142857142857142
10 0.596078431372549 0.55 0.0392156862745098 0.07142857142857142
10 0.6941176470588235 0.5261904761904762 0.0392156862745098 0.07142857142857142
2 0.6147450980392156 0.4190476190476191 0.0392156862745098 0.07142857142857142
1 0.6950588235294117 0.30000000000000004 0.0392156862745098 0.07142857142857142
1 0.7930980392156863 0.6571428571428571 0.0392156862745098 0.07142857142857142
0 0.5176470588235293 0.9642857142857143 0.0196078431372549 0.047619047619047616
0 0.8705882352941177 0.75 0.0196078431372549 0.047619047619047616
0 0.20392156862745098 0.5119047619047619 0.0196078431372549 0.047619047619047616
