16 0.8401709401709402 0.42347696879643393 0.19658119658119658 0.2972651605231867
11 0.37008547008547005 0.6909361069836553 0.1282051282051282 0.11890606420927467
11 0.21623931623931622 0.7206537890044576 0.1282051282051282 0.11890606420927467
9 0.5367521367521367 0.7355126300148589 0.03418803418803419 0.089179548156956
9 0.48547008547008547 0.3789004457652303 0.03418803418803419 0.089179548156956
3 0.605982905982906 0.6017830609212481 0.03418803418803419 0.089179548156956
4 0.605982905982906 0.24517087667161963 0.03418803418803419 0.089179548156956
5 0.48547008547008547 0.11144130757800896 0.03418803418803419 0.089179548156956
5 0.6735042735042734 0.7652303120356612 0.03418803418803419 0.089179548156956
0 0.6735042735042734 0.8959881129271917 0.017094017094017096 0.059453032104637336
0 0.9641025641025641 0.6285289747399703 0.017094017094017096 0.059453032104637336
