11 0.8661493695441319 0.384 0.14551804423748546 0.16
12 0.6527643064985451 0.504 0.14551804423748546 0.16
15 0.6391852570320079 0.264 0.11641443538998836 0.2
12 0.2453928225024248 0.744 0.14551804423748546 0.16
17 0.454898157129001 0.544 0.13581684128831975 0.28
9 0.8806983511154219 0.764 0.038804811796662786 0.12
10 0.8225024248302619 0.724 0.038804811796662786 0.12
0 0.8806983511154219 0.94 0.019402405898331393 0.08
0 0.9582929194956353 0.54 0.019402405898331393 0.08
0 0.3763336566440349 0.8200000000000001 0.019402405898331393 0.08
