14 0.9137254901960785 0.47096774193548396 0.0784313725490196 0.0967741935483871
11 0.3875816993464052 0.7612903225806451 0.09803921568627451 0.12903225806451613
11 0.230718954248366 0.7935483870967742 0.09803921568627451 0.12903225806451613
11 0.09999999999999999 0.8258064516129032 0.09803921568627451 0.12903225806451613
16 0.3810457516339869 0.47096774193548396 0.1503267973856209 0.3225806451612903
11 0.5705882352941176 0.6322580645161291 0.09803921568627451 0.12903225806451613
9 0.6588235294117647 0.6806451612903226 0.026143790849673203 0.0967741935483871
2 0.7378823529411764 0.37419354838709684 0.026143790849673203 0.0967741935483871
4 0.8019607843137254 0.6645161290322581 0.026143790849673203 0.0967741935483871
5 0.7503267973856209 0.1967741935483871 0.026143790849673203 0.0967741935483871
0 0.6588235294117647 0.8225806451612903 0.013071895424836602 0.06451612903225806
0 0.6980392156862745 0.5 0.013071895424836602 0.06451612903225806
0 0.9725490196078432 0.5806451612903225 0.013071895424836602 0.06451612903225806
0 0.33202614379084966 0.8870967741935484 0.013071895424836602 0.06451612903225806
0 0.515032679738562 0.7580645161290323 0.013071895424836602 0.06451612903225806
0 0.044444444444444446 0.9516129032258065 0.013071895424836602 0.06451612903225806
