11 0.2937007874015748 0.26618705035971235 0.11811023622047244 0.14388489208633093
11 0.8291338582677165 0.8057553956834532 0.11811023622047244 0.14388489208633093
12 0.12047244094488188 0.3021582733812951 0.11811023622047244 0.14388489208633093
12 0.6716535433070866 0.3021582733812951 0.11811023622047244 0.14388489208633093
16 0.852755905511811 0.37410071942446055 0.18110236220472442 0.3597122302158273
6 0.415748031496063 0.42805755395683465 0.031496062992125984 0.1079136690647482
4 0.5267716535433071 0.4100719424460433 0.031496062992125984 0.1079136690647482
5 0.46299212598425193 0.1402877697841728 0.031496062992125984 0.1079136690647482
0 0.9039370078740158 0.9460431654676259 0.015748031496062992 0.07194244604316546
0 0.9669291338582677 0.6223021582733813 0.015748031496062992 0.07194244604316546
0 0.22677165354330708 0.4064748201438849 0.015748031496062992 0.07194244604316546
0 0.05354330708661417 0.44244604316546765 0.015748031496062992 0.07194244604316546
