11 0.2847328244274809 0.44166666666666665 0.11450381679389313 0.16666666666666666
16 0.8572519083969465 0.275 0.17557251908396945 0.4166666666666667
17 0.4343511450381679 0.6499999999999999 0.10687022900763359 0.2916666666666667
14 0.13587786259541984 0.4 0.0916030534351145 0.125
1 0.6618625954198473 0.3583333333333334 0.030534351145038167 0.125
2 0.6618625954198473 0.5666666666666667 0.030534351145038167 0.125
4 0.5870229007633588 0.5666666666666667 0.030534351145038167 0.125
0 0.5404580152671755 0.7291666666666667 0.015267175572519083 0.08333333333333333
0 0.9679389312977099 0.5625 0.015267175572519083 0.08333333333333333
0 0.7694656488549618 0.5625 0.015267175572519083 0.08333333333333333
0 0.44885496183206103 0.9375 0.015267175572519083 0.08333333333333333
