11 0.5471544715447154 0.20975609756097569 0.12195121951219512 0.0975609756097561
14 0.8764227642276422 0.551219512195122 0.0975609756097561 0.07317073170731707
13 0.8886178861788617 0.3317073170731708 0.12195121951219512 0.0975609756097561
13 0.7097560975609756 0.35609756097560974 0.12195121951219512 0.0975609756097561
11 0.18943089430894308 0.20975609756097569 0.12195121951219512 0.0975609756097561
11 0.8886178861788617 0.08780487804878057 0.12195121951219512 0.0975609756097561
13 0.36829268292682926 0.18536585365853664 0.12195121951219512 0.0975609756097561
10 0.8764227642276422 0.7219512195121951 0.04878048780487805 0.04878048780487805
1 0.688650406504065 0.1121951219512195 0.032520325203252036 0.07317073170731707
5 0.8520325203252033 0.9292682926829268 0.032520325203252036 0.07317073170731707
0 0.7382113821138211 0.20731707317073167 0.016260162601626018 0.04878048780487805
0 0.9333333333333333 0.8170731707317074 0.016260162601626018 0.04878048780487805
0 0.9495934959349593 0.6341463414634146 0.016260162601626018 0.04878048780487805
0 0.9658536585365853 0.426829268292683 0.016260162601626018 0.04878048780487805
0 0.9658536585365853 0.18292682926829273 0.016260162601626018 0.04878048780487805
0 0.47804878048780486 0.30487804878048785 0.016260162601626018 0.04878048780487805
0 0.29918699186991865 0.2804878048780488 0.016260162601626018 0.04878048780487805
0 0.12032520325203253 0.30487804878048785 0.016260162601626018 0.04878048780487805
