11 0.6628415300546449 0.5185185185185185 0.08196721311475409 0.1646090534979424
11 0.7830601092896176 0.559670781893004 0.08196721311475409 0.1646090534979424
11 0.24754098360655735 0.5185185185185185 0.08196721311475409 0.1646090534979424
11 0.35683060109289616 0.5185185185185185 0.08196721311475409 0.1646090534979424
12 0.1273224043715847 0.559670781893004 0.08196721311475409 0.1646090534979424
11 0.47704918032786886 0.47736625514403286 0.08196721311475409 0.1646090534979424
12 0.9032786885245903 0.5185185185185185 0.08196721311475409 0.1646090534979424
12 0.925136612021858 0.14814814814814825 0.08196721311475409 0.1646090534979424
3 0.8901639344262295 0.8888888888888888 0.02185792349726776 0.12345679012345678
4 0.5612021857923497 0.559670781893004 0.02185792349726776 0.12345679012345678
0 0.5508196721311476 0.7407407407407407 0.01092896174863388 0.0823045267489712
0 0.9551912568306011 0.6790123456790123 0.01092896174863388 0.0823045267489712
0 0.7366120218579235 0.7201646090534979 0.01092896174863388 0.0823045267489712
0 0.9770491803278689 0.308641975308642 0.01092896174863388 0.0823045267489712
0 0.878688524590164 0.308641975308642 0.01092896174863388 0.0823045267489712
0 0.08087431693989071 0.7201646090534979 0.01092896174863388 0.0823045267489712
