16 0.5086666666666666 0.5578947368421052 0.15333333333333332 0.5263157894736842
13 0.16866666666666666 0.5578947368421052 0.1 0.21052631578947367
16 0.322 0.4526315789473684 0.15333333333333332 0.5263157894736842
6 0.912 0.6894736842105262 0.02666666666666667 0.15789473684210525
10 0.8720000000000001 0.6368421052631579 0.02666666666666667 0.15789473684210525
2 0.8046933333333333 0.6631578947368422 0.02666666666666667 0.15789473684210525
1 0.7246933333333333 0.2421052631578947 0.02666666666666667 0.15789473684210525
3 0.8593333333333334 0.2421052631578947 0.02666666666666667 0.15789473684210525
4 0.6579999999999999 0.6631578947368422 0.02666666666666667 0.15789473684210525
0 0.912 0.9210526315789473 0.013333333333333334 0.10526315789473684
