11 0.7176923076923076 0.42500000000000004 0.11538461538461539 0.125
11 0.6869230769230769 0.23750000000000004 0.11538461538461539 0.125
11 0.17923076923076925 0.675 0.11538461538461539 0.125
13 0.34846153846153843 0.70625 0.11538461538461539 0.125
17 0.8684615384615385 0.20625000000000004 0.1076923076923077 0.21875
6 0.5292307692307692 0.784375 0.03076923076923077 0.09375
9 0.4523076923076923 0.784375 0.03076923076923077 0.09375
2 0.5145846153846154 0.48750000000000004 0.03076923076923077 0.09375
0 0.4523076923076923 0.953125 0.015384615384615385 0.0625
0 0.5753846153846154 0.609375 0.015384615384615385 0.0625
0 0.6523076923076923 0.546875 0.015384615384615385 0.0625
0 0.11384615384615385 0.796875 0.015384615384615385 0.0625
0 0.28307692307692306 0.828125 0.015384615384615385 0.0625
