13 0.8985185185185186 0.29538461538461547 0.1111111111111111 0.12307692307692308
14 0.2059259259259259 0.8492307692307692 0.08888888888888889 0.09230769230769231
17 0.3622222222222222 0.4492307692307693 0.1037037037037037 0.2153846153846154
11 0.18740740740740738 0.3876923076923078 0.1111111111111111 0.12307692307692308
12 0.21703703703703703 0.5723076923076923 0.1111111111111111 0.12307692307692308
12 0.7503703703703704 0.32615384615384624 0.1111111111111111 0.12307692307692308
6 0.5837037037037037 0.5261538461538462 0.02962962962962963 0.09230769230769231
1 0.4955259259259259 0.5107692307692309 0.02962962962962963 0.09230769230769231
3 0.5237037037037037 0.356923076923077 0.02962962962962963 0.09230769230769231
5 0.6281481481481481 0.1876923076923077 0.02962962962962963 0.09230769230769231
0 0.5837037037037037 0.6615384615384615 0.014814814814814815 0.06153846153846154
0 0.968888888888889 0.41538461538461535 0.014814814814814815 0.06153846153846154
0 0.15407407407407409 0.9538461538461538 0.014814814814814815 0.06153846153846154
0 0.15407407407407409 0.6923076923076923 0.014814814814814815 0.06153846153846154
