11 0.4548076923076923 0.55 0.14423076923076922 0.125
13 0.24326923076923074 0.58125 0.14423076923076922 0.125
12 0.6471153846153845 0.11250000000000004 0.14423076923076922 0.125
6 0.7192307692307692 0.40937500000000004 0.038461538461538464 0.09375
6 0.6615384615384615 0.596875 0.038461538461538464 0.09375
9 0.8153846153846154 0.784375 0.038461538461538464 0.09375
10 0.6038461538461538 0.784375 0.038461538461538464 0.09375
2 0.7970769230769231 0.58125 0.038461538461538464 0.09375
5 0.8730769230769231 0.37812500000000004 0.038461538461538464 0.09375
0 0.6038461538461538 0.921875 0.019230769230769232 0.0625
0 0.7384615384615384 0.234375 0.019230769230769232 0.0625
