11 0.39736842105263154 0.19310344827586212 0.13157894736842105 0.13793103448275862
17 0.20087719298245613 0.22758620689655173 0.12280701754385964 0.2413793103448276
17 0.5692982456140352 0.3655172413793104 0.12280701754385964 0.2413793103448276
6 0.6912280701754385 0.7620689655172413 0.03508771929824561 0.10344827586206896
9 0.7789473684210526 0.7620689655172413 0.03508771929824561 0.10344827586206896
10 0.7789473684210526 0.4172413793103449 0.03508771929824561 0.10344827586206896
2 0.7622456140350877 0.6068965517241379 0.03508771929824561 0.10344827586206896
5 0.831578947368421 0.7620689655172413 0.03508771929824561 0.10344827586206896
5 0.8842105263157894 0.7620689655172413 0.03508771929824561 0.10344827586206896
0 0.831578947368421 0.9482758620689655 0.017543859649122806 0.06896551724137931
0 0.3228070175438596 0.3275862068965517 0.017543859649122806 0.06896551724137931
0 0.1298245614035088 0.4655172413793104 0.017543859649122806 0.06896551724137931
