11 0.21810344827586203 0.6413793103448275 0.12931034482758622 0.13793103448275862
11 0.6491379310344827 0.6413793103448275 0.12931034482758622 0.13793103448275862
14 0.8258620689655172 0.26206896551724146 0.10344827586206896 0.10344827586206896
17 0.24913793103448276 0.22758620689655173 0.1206896551724138 0.2413793103448276
15 0.44741379310344825 0.6758620689655173 0.10344827586206896 0.1724137931034483
11 0.45948275862068966 0.46896551724137936 0.12931034482758622 0.13793103448275862
2 0.8164137931034482 0.5379310344827586 0.034482758620689655 0.10344827586206896
0 0.8689655172413793 0.6724137931034483 0.017241379310344827 0.06896551724137931
0 0.903448275862069 0.3793103448275862 0.017241379310344827 0.06896551724137931
0 0.5241379310344827 0.8275862068965517 0.017241379310344827 0.06896551724137931
0 0.1793103448275862 0.4655172413793104 0.017241379310344827 0.06896551724137931
