11 0.3096491228070175 0.7375 0.13157894736842105 0.125
11 0.2745614035087719 0.14375000000000004 0.13157894736842105 0.125
11 0.5728070175438597 0.76875 0.13157894736842105 0.125
13 0.5728070175438597 0.48750000000000004 0.13157894736842105 0.125
16 0.5640350877192982 0.20625000000000004 0.20175438596491227 0.3125
17 0.8324561403508772 0.51875 0.12280701754385964 0.21875
3 0.8500000000000001 0.83125 0.03508771929824561 0.09375
0 0.7964912280701754 0.953125 0.017543859649122806 0.0625
0 0.23508771929824562 0.859375 0.017543859649122806 0.0625
0 0.4982456140350877 0.890625 0.017543859649122806 0.0625
0 0.4982456140350877 0.609375 0.017543859649122806 0.0625
