17 0.39096385542168677 0.7810650887573964 0.08433734939759036 0.20710059171597633
17 0.5114457831325302 0.6331360946745562 0.08433734939759036 0.20710059171597633
15 0.14397590361445783 0.7514792899408285 0.07228915662650602 0.14792899408284024
15 0.2765060240963855 0.7514792899408285 0.07228915662650602 0.14792899408284024
10 0.691566265060241 0.11538461538461553 0.024096385542168676 0.08875739644970414
1 0.8728674698795181 0.3076923076923078 0.024096385542168676 0.08875739644970414
1 0.7391807228915662 0.5739644970414202 0.024096385542168676 0.08875739644970414
1 0.8005783132530121 0.5739644970414202 0.024096385542168676 0.08875739644970414
2 0.6186987951807229 0.5739644970414202 0.024096385542168676 0.08875739644970414
5 0.8120481927710844 0.14497041420118362 0.024096385542168676 0.08875739644970414
0 0.655421686746988 0.7485207100591716 0.012048192771084338 0.05917159763313609
0 0.9204819277108435 0.42307692307692313 0.012048192771084338 0.05917159763313609
0 0.23373493975903611 0.8816568047337279 0.012048192771084338 0.05917159763313609
