11 0.458125 0.8258064516129032 0.09375 0.12903225806451613
16 0.301875 0.7935483870967742 0.14375 0.3225806451612903
12 0.708125 0.7935483870967742 0.09375 0.12903225806451613
13 0.158125 0.7290322580645161 0.09375 0.12903225806451613
17 0.5806250000000001 0.8258064516129032 0.0875 0.22580645161290322
2 0.8181 0.1483870967741936 0.025 0.0967741935483871
1 0.9181000000000001 0.43870967741935485 0.025 0.0967741935483871
4 0.8418750000000002 0.7290322580645161 0.025 0.0967741935483871
0 0.8800000000000001 0.8548387096774194 0.0125 0.06451612903225806
0 0.93 0.5806451612903225 0.0125 0.06451612903225806
0 0.93 0.2967741935483872 0.0125 0.06451612903225806
