11 0.787248322147651 0.5727272727272728 0.10067114093959731 0.18181818181818182
11 0.16979865771812078 0.34545454545454557 0.10067114093959731 0.18181818181818182
13 0.9080536912751679 0.5272727272727273 0.10067114093959731 0.18181818181818182
15 0.6436241610738256 0.5727272727272728 0.08053691275167785 0.22727272727272727
12 0.16979865771812078 0.6181818181818182 0.10067114093959731 0.18181818181818182
14 0.5355704697986577 0.6181818181818182 0.08053691275167785 0.13636363636363635
1 0.4342550335570469 0.6181818181818182 0.026845637583892617 0.13636363636363635
4 0.3536912751677852 0.2090909090909091 0.026845637583892617 0.13636363636363635
4 0.2879194630872483 0.6181818181818182 0.026845637583892617 0.13636363636363635
0 0.42147651006711406 0.8409090909090909 0.013422818791946308 0.09090909090909091
0 0.3946308724832215 0.38636363636363635 0.013422818791946308 0.09090909090909091
0 0.9718120805369128 0.7045454545454546 0.013422818791946308 0.09090909090909091
