13 0.7466165413533834 0.5885714285714286 0.11278195488721804 0.11428571428571428
16 0.3932330827067669 0.7028571428571428 0.17293233082706766 0.2857142857142857
11 0.1902255639097744 0.27428571428571435 0.11278195488721804 0.11428571428571428
11 0.5962406015037593 0.6742857142857143 0.11278195488721804 0.11428571428571428
17 0.3676691729323308 0.27428571428571435 0.10526315789473684 0.2
12 0.5962406015037593 0.5028571428571429 0.11278195488721804 0.11428571428571428
11 0.8969924812030075 0.30285714285714294 0.11278195488721804 0.11428571428571428
10 0.8631578947368421 0.5457142857142858 0.03007518796992481 0.08571428571428572
0 0.9684210526315791 0.41428571428571426 0.015037593984962405 0.05714285714285714
0 0.3067669172932331 0.9 0.015037593984962405 0.05714285714285714
0 0.3067669172932331 0.4714285714285714 0.015037593984962405 0.05714285714285714
