15 0.779 0.46896551724137936 0.12 0.1724137931034483
11 0.7929999999999999 0.12413793103448278 0.15 0.13793103448275862
13 0.493 0.4 0.15 0.13793103448275862
11 0.233 0.3655172413793104 0.15 0.13793103448275862
10 0.708 0.7620689655172413 0.04 0.10344827586206896
5 0.768 0.796551724137931 0.04 0.10344827586206896
0 0.768 0.9482758620689655 0.02 0.06896551724137931
0 0.868 0.6206896551724138 0.02 0.06896551724137931
0 0.708 0.6206896551724138 0.02 0.06896551724137931
0 0.708 0.2586206896551724 0.02 0.06896551724137931
