11 0.3905172413793103 0.6242424242424243 0.12931034482758622 0.12121212121212122
11 0.21810344827586203 0.6545454545454545 0.12931034482758622 0.12121212121212122
6 0.8344827586206897 0.18484848484848493 0.034482758620689655 0.09090909090909091
9 0.8862068965517241 0.8212121212121212 0.034482758620689655 0.09090909090909091
10 0.6275862068965516 0.15454545454545454 0.034482758620689655 0.09090909090909091
1 0.540551724137931 0.3212121212121213 0.034482758620689655 0.09090909090909091
1 0.6111724137931035 0.4727272727272728 0.034482758620689655 0.09090909090909091
1 0.7663448275862069 0.6848484848484848 0.034482758620689655 0.09090909090909091
5 0.696551724137931 0.8212121212121212 0.034482758620689655 0.09090909090909091
0 0.8862068965517241 0.9545454545454546 0.017241379310344827 0.06060606060606061
