12 0.4983739837398374 0.45333333333333337 0.12195121951219512 0.13333333333333333
11 0.20569105691056908 0.72 0.12195121951219512 0.13333333333333333
16 0.8479674796747967 0.22000000000000008 0.18699186991869918 0.3333333333333333
14 0.632520325203252 0.4866666666666667 0.0975609756097561 0.1
6 0.38048780487804873 0.8033333333333333 0.032520325203252036 0.1
9 0.7544715447154471 0.6033333333333333 0.032520325203252036 0.1
3 0.3650406504065041 0.4866666666666667 0.032520325203252036 0.1
0 0.38048780487804873 0.95 0.016260162601626018 0.06666666666666667
0 0.3154471544715447 0.6166666666666667 0.016260162601626018 0.06666666666666667
0 0.9658536585365853 0.44999999999999996 0.016260162601626018 0.06666666666666667
0 0.7544715447154471 0.44999999999999996 0.016260162601626018 0.06666666666666667
