11 0.2869918699186992 0.7314285714285714 0.12195121951219512 0.11428571428571428
12 0.2869918699186992 0.1885714285714286 0.12195121951219512 0.11428571428571428
11 0.8886178861788617 0.4742857142857143 0.12195121951219512 0.11428571428571428
13 0.12439024390243901 0.76 0.12195121951219512 0.11428571428571428
6 0.5105691056910568 0.8028571428571428 0.032520325203252036 0.08571428571428572
6 0.4130081300813008 0.48857142857142866 0.032520325203252036 0.08571428571428572
2 0.5260487804878048 0.5028571428571429 0.032520325203252036 0.08571428571428572
2 0.6739512195121952 0.5028571428571429 0.032520325203252036 0.08571428571428572
2 0.5260487804878048 0.13142857142857145 0.032520325203252036 0.08571428571428572
3 0.7552845528455285 0.36 0.032520325203252036 0.08571428571428572
0 0.5105691056910568 0.9285714285714286 0.016260162601626018 0.05714285714285714
0 0.5918699186991869 0.24285714285714288 0.016260162601626018 0.05714285714285714
0 0.624390243902439 0.6142857142857143 0.016260162601626018 0.05714285714285714
0 0.6894308943089431 0.6571428571428571 0.016260162601626018 0.05714285714285714
0 0.46178861788617886 0.6142857142857143 0.016260162601626018 0.05714285714285714
0 0.9658536585365853 0.5857142857142856 0.016260162601626018 0.05714285714285714
0 0.055284552845528454 0.8714285714285714 0.016260162601626018 0.05714285714285714
