12 0.32265625 0.29655172413793107 0.1171875 0.13793103448275862
16 0.53359375 0.29655172413793107 0.1796875 0.3448275862068966
12 0.35390625 0.5034482758620691 0.1171875 0.13793103448275862
15 0.17109375 0.3310344827586207 0.09375 0.1724137931034483
6 0.69375 0.34827586206896555 0.03125 0.10344827586206896
10 0.81875 0.34827586206896555 0.03125 0.10344827586206896
2 0.757 0.5724137931034483 0.03125 0.10344827586206896
2 0.757 0.8827586206896552 0.03125 0.10344827586206896
4 0.88203125 0.8827586206896552 0.03125 0.10344827586206896
0 0.896875 0.7310344827586206 0.015625 0.06896551724137931
0 0.2875 0.6379310344827587 0.015625 0.06896551724137931
0 0.115625 0.48275862068965514 0.015625 0.06896551724137931
