16 0.7045801526717557 0.20823244552058118 0.17557251908396945 0.24213075060532688
11 0.5137404580152671 0.15980629539951574 0.11450381679389313 0.09685230024213075
11 0.8954198473282442 0.18401937046004846 0.11450381679389313 0.09685230024213075
10 0.15877862595419848 0.5108958837772397 0.030534351145038167 0.07263922518159806
1 0.38851908396946566 0.23244552058111378 0.030534351145038167 0.07263922518159806
1 0.3121832061068702 0.7167070217917675 0.030534351145038167 0.07263922518159806
1 0.17331297709923665 0.23244552058111378 0.030534351145038167 0.07263922518159806
4 0.23587786259541985 0.9346246973365617 0.030534351145038167 0.07263922518159806
5 0.15877862595419848 0.3656174334140435 0.030534351145038167 0.07263922518159806
0 0.3267175572519084 0.8232445520581113 0.015267175572519083 0.048426150121065374
0 0.3267175572519084 0.6101694915254237 0.015267175572519083 0.048426150121065374
0 0.9679389312977099 0.2784503631961259 0.015267175572519083 0.048426150121065374
0 0.616793893129771 0.3753026634382567 0.015267175572519083 0.048426150121065374
