16 0.4027339642481598 0.6 0.2419015565839293 0.38461538461538464
14 0.1451104100946372 0.523076923076923 0.12620950778291964 0.11538461538461539
10 0.7024185068349106 0.7346153846153847 0.04206983592763988 0.11538461538461539
10 0.807570977917981 0.1576923076923078 0.04206983592763988 0.11538461538461539
2 0.7875499474237645 0.48461538461538456 0.04206983592763988 0.11538461538461539
4 0.6172450052576235 0.48461538461538456 0.04206983592763988 0.11538461538461539
5 0.8706624605678234 0.7346153846153847 0.04206983592763988 0.11538461538461539
0 0.7024185068349106 0.9423076923076923 0.02103491796381994 0.07692307692307693
0 0.5972660357518401 0.3153846153846155 0.02103491796381994 0.07692307692307693
0 0.28180862250262884 0.8653846153846154 0.02103491796381994 0.07692307692307693
0 0.07150368033648791 0.6538461538461539 0.02103491796381994 0.07692307692307693
