11 0.6448051948051948 0.4296296296296297 0.09740259740259741 0.14814814814814814
15 0.311038961038961 0.6888888888888889 0.07792207792207792 0.18518518518518517
11 0.17727272727272725 0.6888888888888889 0.09740259740259741 0.14814814814814814
17 0.3175324675324675 0.31851851851851853 0.09090909090909091 0.25925925925925924
11 0.48896103896103893 0.4666666666666667 0.09740259740259741 0.14814814814814814
9 0.7584415584415585 0.5222222222222221 0.025974025974025976 0.1111111111111111
10 0.9142857142857144 0.5222222222222221 0.025974025974025976 0.1111111111111111
2 0.849974025974026 0.5407407407407407 0.025974025974025976 0.1111111111111111
2 0.08374025974025974 0.7259259259259259 0.025974025974025976 0.1111111111111111
5 0.7974025974025973 0.5222222222222221 0.025974025974025976 0.1111111111111111
0 0.04415584415584416 0.9074074074074074 0.012987012987012988 0.07407407407407407
0 0.09610389610389611 0.5629629629629629 0.012987012987012988 0.07407407407407407
0 0.3688311688311688 0.8518518518518519 0.012987012987012988 0.07407407407407407
0 0.5896103896103896 0.5740740740740741 0.012987012987012988 0.07407407407407407
0 0.43376623376623374 0.6111111111111112 0.012987012987012988 0.07407407407407407
