16 0.3990734612839179 0.7290322580645161 0.15223722531109346 0.3225806451612903
11 0.7101257445400397 0.6967741935483871 0.09928514694201747 0.12903225806451613
12 0.5512905360688286 0.7290322580645161 0.09928514694201747 0.12903225806451613
13 0.842488418266049 0.11612903225806459 0.09928514694201747 0.12903225806451613
11 0.23362011912640634 0.6967741935483871 0.09928514694201747 0.12903225806451613
11 0.7101257445400397 0.40645161290322585 0.09928514694201747 0.12903225806451613
14 0.09133024487094639 0.6967741935483871 0.07942811755361398 0.0967741935483871
9 0.9185969556585044 0.45483870967741935 0.026476039184537992 0.0967741935483871
3 0.8252812706816677 0.43870967741935485 0.026476039184537992 0.0967741935483871
5 0.8788881535407016 0.42258064516129035 0.026476039184537992 0.0967741935483871
0 0.9185969556585044 0.6290322580645161 0.013238019592268996 0.06451612903225806
0 0.9053606882859034 0.24193548387096775 0.013238019592268996 0.06451612903225806
0 0.3229649238914626 0.9516129032258065 0.013238019592268996 0.06451612903225806
0 0.17736598279285243 0.8225806451612903 0.013238019592268996 0.06451612903225806
0 0.6538716082064858 0.8225806451612903 0.013238019592268996 0.06451612903225806
0 0.6538716082064858 0.532258064516129 0.013238019592268996 0.06451612903225806
0 0.04500330906684315 0.8064516129032258 0.013238019592268996 0.06451612903225806
