11 0.7672268907563025 0.31851851851851853 0.12605042016806722 0.14814814814814814
14 0.11596638655462184 0.4296296296296297 0.10084033613445378 0.1111111111111111
11 0.48151260504201676 0.5407407407407407 0.12605042016806722 0.14814814814814814
11 0.3134453781512605 0.7259259259259259 0.12605042016806722 0.14814814814814814
13 0.3134453781512605 0.3925925925925926 0.12605042016806722 0.14814814814814814
6 0.9058823529411765 0.31851851851851853 0.05042016806722689 0.07407407407407407
2 0.6125714285714285 0.5407407407407407 0.03361344537815126 0.1111111111111111
3 0.6109243697478991 0.1703703703703704 0.03361344537815126 0.1111111111111111
0 0.5949579831932773 0.33333333333333337 0.01680672268907563 0.07407407407407407
0 0.6285714285714286 0.7037037037037037 0.01680672268907563 0.07407407407407407
0 0.9647058823529412 0.4629629629629629 0.01680672268907563 0.07407407407407407
0 0.05714285714285714 0.5555555555555556 0.01680672268907563 0.07407407407407407
0 0.24201680672268908 0.8703703703703703 0.01680672268907563 0.07407407407407407
0 0.24201680672268908 0.537037037037037 0.01680672268907563 0.07407407407407407
