11 0.7371681415929203 0.8411764705882353 0.13274336283185842 0.11764705882352941
15 0.4946902654867257 0.4882352941176471 0.10619469026548672 0.14705882352941177
11 0.7371681415929203 0.5764705882352942 0.13274336283185842 0.11764705882352941
12 0.7371681415929203 0.31176470588235294 0.13274336283185842 0.11764705882352941
11 0.7017699115044248 0.10588235294117654 0.13274336283185842 0.11764705882352941
11 0.33008849557522124 0.4294117647058824 0.13274336283185842 0.11764705882352941
6 0.9008849557522124 0.2529411764705882 0.05309734513274336 0.058823529411764705
1 0.20261946902654868 0.45882352941176474 0.035398230088495575 0.08823529411764706
5 0.13097345132743363 0.473529411764706 0.035398230088495575 0.08823529411764706
5 0.9008849557522124 0.4882352941176471 0.05309734513274336 0.058823529411764705
0 0.9628318584070796 0.6029411764705883 0.017699115044247787 0.058823529411764705
0 0.13097345132743363 0.6323529411764706 0.017699115044247787 0.058823529411764705
0 0.21946902654867256 0.3294117647058824 0.017699115044247787 0.058823529411764705
0 0.9628318584070796 0.36764705882352944 0.017699115044247787 0.058823529411764705
0 0.6619469026548672 0.9558823529411765 0.017699115044247787 0.058823529411764705
0 0.6619469026548672 0.6911764705882353 0.017699115044247787 0.058823529411764705
0 0.6619469026548672 0.42647058823529416 0.017699115044247787 0.058823529411764705
