14 0.16036036036036036 0.28 0.10810810810810811 0.15
14 0.7009009009009008 0.58 0.10810810810810811 0.15
13 0.8765765765765765 0.53 0.13513513513513514 0.2
11 0.5522522522522523 0.58 0.13513513513513514 0.2
10 0.34954954954954953 0.355 0.036036036036036036 0.15
2 0.36670270270270267 0.6799999999999999 0.036036036036036036 0.15
5 0.2954954954954955 0.405 0.036036036036036036 0.15
0 0.34954954954954953 0.925 0.018018018018018018 0.1
0 0.9621621621621621 0.725 0.018018018018018018 0.1
0 0.47567567567567565 0.775 0.018018018018018018 0.1
