14 0.5172839506172839 0.5478260869565217 0.07407407407407407 0.13043478260869565
17 0.758641975308642 0.28695652173913044 0.08641975308641975 0.30434782608695654
13 0.6376543209876543 0.5043478260869565 0.09259259259259259 0.17391304347826086
11 0.8969135802469137 0.33043478260869574 0.09259259259259259 0.17391304347826086
14 0.4185185185185185 0.5478260869565217 0.07407407407407407 0.13043478260869565
12 0.14382716049382716 0.7217391304347827 0.09259259259259259 0.17391304347826086
1 0.25244444444444447 0.6782608695652174 0.024691358024691357 0.13043478260869565
3 0.32654320987654323 0.6782608695652174 0.024691358024691357 0.13043478260869565
0 0.28888888888888886 0.9347826086956522 0.012345679012345678 0.08695652173913043
0 0.8444444444444446 0.5 0.012345679012345678 0.08695652173913043
0 0.09135802469135802 0.8913043478260869 0.012345679012345678 0.08695652173913043
