17 0.11317365269461077 0.5058823529411764 0.08383233532934131 0.4117647058823529
11 0.6425149700598802 0.6823529411764706 0.08982035928143713 0.23529411764705882
11 0.7862275449101797 0.6823529411764706 0.08982035928143713 0.23529411764705882
11 0.23532934131736524 0.44705882352941173 0.08982035928143713 0.23529411764705882
11 0.9179640718562875 0.6823529411764706 0.08982035928143713 0.23529411764705882
9 0.3401197604790419 0.5352941176470588 0.023952095808383235 0.17647058823529413
1 0.5203353293413173 0.5647058823529412 0.023952095808383235 0.17647058823529413
2 0.3874491017964071 0.5647058823529412 0.023952095808383235 0.17647058823529413
1 0.43650299401197606 0.5647058823529412 0.023952095808383235 0.17647058823529413
0 0.3401197604790419 0.9117647058823529 0.011976047904191617 0.11764705882352941
0 0.9748502994011977 0.9117647058823529 0.011976047904191617 0.11764705882352941
0 0.12455089820359282 0.9117647058823529 0.011976047904191617 0.11764705882352941
0 0.7353293413173653 0.9117647058823529 0.011976047904191617 0.11764705882352941
