15 0.6572368421052632 0.6181818181818182 0.07894736842105263 0.22727272727272727
13 0.40328947368421053 0.6181818181818182 0.09868421052631579 0.18181818181818182
11 0.7848684210526315 0.6181818181818182 0.09868421052631579 0.18181818181818182
12 0.15328947368421053 0.5727272727272728 0.09868421052631579 0.18181818181818182
12 0.5348684210526315 0.5727272727272728 0.09868421052631579 0.18181818181818182
6 0.2552631578947368 0.23181818181818192 0.02631578947368421 0.13636363636363635
9 0.8736842105263158 0.6863636363636363 0.02631578947368421 0.13636363636363635
1 0.3085263157894737 0.6636363636363636 0.02631578947368421 0.13636363636363635
5 0.9131578947368422 0.6863636363636363 0.02631578947368421 0.13636363636363635
0 0.8736842105263158 0.8863636363636364 0.013157894736842105 0.09090909090909091
0 0.32105263157894737 0.8636363636363636 0.013157894736842105 0.09090909090909091
0 0.2552631578947368 0.43181818181818177 0.013157894736842105 0.09090909090909091
0 0.09736842105263159 0.75 0.013157894736842105 0.09090909090909091
