12 0.8330357142857142 0.28148148148148155 0.13392857142857142 0.14814814814814814
15 0.8205357142857144 0.5777777777777777 0.10714285714285714 0.18518518518518517
15 0.19553571428571428 0.28148148148148155 0.10714285714285714 0.18518518518518517
11 0.61875 0.24444444444444446 0.13392857142857142 0.14814814814814814
1 0.45442857142857146 0.28148148148148155 0.03571428571428571 0.1111111111111111
2 0.5777142857142856 0.5777777777777777 0.03571428571428571 0.1111111111111111
2 0.38128571428571423 0.28148148148148155 0.03571428571428571 0.1111111111111111
5 0.5607142857142857 0.7814814814814814 0.03571428571428571 0.1111111111111111
0 0.5607142857142857 0.9444444444444444 0.017857142857142856 0.07407407407407407
0 0.36428571428571427 0.4629629629629629 0.017857142857142856 0.07407407407407407
0 0.9 0.7407407407407407 0.017857142857142856 0.07407407407407407
0 0.275 0.4444444444444444 0.017857142857142856 0.07407407407407407
0 0.13214285714285715 0.4444444444444444 0.017857142857142856 0.07407407407407407
0 0.5428571428571428 0.38888888888888884 0.017857142857142856 0.07407407407407407
