11 0.5396694214876033 0.6476190476190475 0.12396694214876033 0.19047619047619047
11 0.8867768595041322 0.6 0.12396694214876033 0.19047619047619047
14 0.34545454545454546 0.2666666666666667 0.09917355371900827 0.14285714285714285
11 0.20909090909090908 0.21904761904761916 0.12396694214876033 0.19047619047619047
13 0.5396694214876033 0.21904761904761916 0.12396694214876033 0.19047619047619047
9 0.7173553719008264 0.3380952380952381 0.03305785123966942 0.14285714285714285
10 0.7669421487603305 0.3857142857142857 0.03305785123966942 0.14285714285714285
5 0.6677685950413222 0.3857142857142857 0.03305785123966942 0.14285714285714285
0 0.7669421487603305 0.6428571428571428 0.01652892561983471 0.09523809523809523
0 0.965289256198347 0.7857142857142857 0.01652892561983471 0.09523809523809523
0 0.46942148760330576 0.8333333333333334 0.01652892561983471 0.09523809523809523
0 0.46942148760330576 0.40476190476190477 0.01652892561983471 0.09523809523809523
