13 0.29618937644341803 0.7448275862068965 0.08660508083140878 0.13793103448275862
17 0.4670900692840647 0.4 0.08083140877598152 0.2413793103448276
11 0.4693995381062356 0.7103448275862069 0.08660508083140878 0.13793103448275862
16 0.1287528868360277 0.26206896551724146 0.13279445727482678 0.3448275862068966
11 0.7118937644341803 0.5379310344827586 0.08660508083140878 0.13793103448275862
16 0.31351039260969976 0.3310344827586207 0.13279445727482678 0.3448275862068966
13 0.8273672055427252 0.5034482758620691 0.08660508083140878 0.13793103448275862
11 0.5964203233256351 0.5724137931034483 0.08660508083140878 0.13793103448275862
3 0.9289838337182449 0.5724137931034483 0.023094688221709007 0.10344827586206896
0 0.2471131639722864 0.8793103448275862 0.011547344110854504 0.06896551724137931
0 0.2471131639722864 0.5689655172413793 0.011547344110854504 0.06896551724137931
