12 0.8587628865979381 0.2666666666666667 0.15463917525773196 0.19047619047619047
11 0.6319587628865979 0.21904761904761916 0.15463917525773196 0.19047619047619047
13 0.1577319587628866 0.17142857142857149 0.15463917525773196 0.19047619047619047
2 0.3165360824742268 0.6952380952380952 0.041237113402061855 0.14285714285714285
3 0.4216494845360825 0.2666666666666667 0.041237113402061855 0.14285714285714285
0 0.29690721649484536 0.9047619047619048 0.020618556701030927 0.09523809523809523
0 0.29690721649484536 0.48571428571428565 0.020618556701030927 0.09523809523809523
0 0.956701030927835 0.45238095238095233 0.020618556701030927 0.09523809523809523
0 0.7711340206185566 0.45238095238095233 0.020618556701030927 0.09523809523809523
0 0.5443298969072164 0.40476190476190477 0.020618556701030927 0.09523809523809523
0 0.07010309278350516 0.3571428571428571 0.020618556701030927 0.09523809523809523
