11 0.5545454545454546 0.31666666666666676 0.1048951048951049 0.16666666666666666
11 0.6804195804195804 0.31666666666666676 0.1048951048951049 0.16666666666666666
16 0.3797202797202797 0.275 0.16083916083916083 0.4166666666666667
12 0.9041958041958043 0.44166666666666665 0.1048951048951049 0.16666666666666666
16 0.18391608391608388 0.3583333333333334 0.16083916083916083 0.4166666666666667
6 0.8937062937062937 0.775 0.04195804195804196 0.08333333333333333
1 0.7881398601398601 0.4 0.027972027972027972 0.125
0 0.9426573426573427 0.9375 0.013986013986013986 0.08333333333333333
0 0.9706293706293707 0.6041666666666667 0.013986013986013986 0.08333333333333333
0 0.1034965034965035 0.6458333333333333 0.013986013986013986 0.08333333333333333
