11 0.5287356321839081 0.4421052631578948 0.19161982626469085 0.14035087719298245
15 0.4725415070242657 0.7929824561403509 0.1532958610117527 0.17543859649122806
13 0.541507024265645 0.12631578947368427 0.19161982626469085 0.14035087719298245
6 0.12643678160919541 0.6 0.05109862033725089 0.10526315789473684
3 0.22988505747126436 0.6175438596491227 0.05109862033725089 0.10526315789473684
4 0.842911877394636 0.512280701754386 0.05109862033725089 0.10526315789473684
0 0.8671775223499361 0.6666666666666667 0.025549310168625446 0.07017543859649122
0 0.12643678160919541 0.7543859649122807 0.025549310168625446 0.07017543859649122
0 0.2541507024265645 0.4631578947368421 0.025549310168625446 0.07017543859649122
0 0.5862068965517241 0.9473684210526316 0.025549310168625446 0.07017543859649122
0 0.42017879948914433 0.5789473684210527 0.025549310168625446 0.07017543859649122
0 0.4329501915708812 0.26315789473684215 0.025549310168625446 0.07017543859649122
