11 0.292258064516129 0.42222222222222217 0.0967741935483871 0.2222222222222222
15 0.14129032258064514 0.42222222222222217 0.07741935483870968 0.2777777777777778
13 0.5632258064516129 0.3666666666666667 0.0967741935483871 0.2222222222222222
11 0.9116129032258066 0.25555555555555554 0.0967741935483871 0.2222222222222222
11 0.42129032258064514 0.42222222222222217 0.0967741935483871 0.2222222222222222
6 0.6503225806451612 0.2833333333333333 0.025806451612903226 0.16666666666666666
9 0.6890322580645161 0.7833333333333333 0.025806451612903226 0.16666666666666666
3 0.7670967741935484 0.3111111111111111 0.025806451612903226 0.16666666666666666
0 0.7277419354838709 0.5277777777777778 0.012903225806451613 0.1111111111111111
0 0.23741935483870966 0.6388888888888888 0.012903225806451613 0.1111111111111111
0 0.09548387096774194 0.6666666666666667 0.012903225806451613 0.1111111111111111
0 0.5083870967741936 0.5833333333333333 0.012903225806451613 0.1111111111111111
0 0.9729032258064517 0.4722222222222222 0.012903225806451613 0.1111111111111111
0 0.8567741935483871 0.4722222222222222 0.012903225806451613 0.1111111111111111
