15 0.5025167785234899 0.7103448275862069 0.10067114093959731 0.1724137931034483
12 0.6988255033557047 0.7793103448275862 0.12583892617449666 0.13793103448275862
13 0.8498322147651006 0.12413793103448278 0.12583892617449666 0.13793103448275862
11 0.19546979865771813 0.8137931034482758 0.12583892617449666 0.13793103448275862
15 0.3347315436241611 0.7793103448275862 0.10067114093959731 0.1724137931034483
6 0.8288590604026845 0.5896551724137931 0.03355704697986577 0.10344827586206896
1 0.8967785234899329 0.43448275862068975 0.03355704697986577 0.10344827586206896
5 0.837248322147651 0.7793103448275862 0.050335570469798654 0.06896551724137931
0 0.8959731543624161 0.9137931034482758 0.016778523489932886 0.06896551724137931
0 0.9295302013422818 0.2586206896551724 0.016778523489932886 0.06896551724137931
0 0.6275167785234899 0.9137931034482758 0.016778523489932886 0.06896551724137931
0 0.12416107382550336 0.9482758620689655 0.016778523489932886 0.06896551724137931
