15 0.31585365853658537 0.6533333333333333 0.14634146341463414 0.16666666666666666
17 0.32804878048780484 0.22000000000000008 0.17073170731707318 0.23333333333333334
6 0.5707317073170731 0.27 0.04878048780487805 0.1
2 0.6694634146341464 0.5533333333333333 0.04878048780487805 0.1
1 0.7914146341463415 0.7533333333333333 0.04878048780487805 0.1
0 0.8146341463414634 0.9166666666666666 0.024390243902439025 0.06666666666666667
0 0.5707317073170731 0.41666666666666663 0.024390243902439025 0.06666666666666667
0 0.424390243902439 0.8 0.024390243902439025 0.06666666666666667
0 0.22926829268292684 0.8 0.024390243902439025 0.06666666666666667
0 0.22926829268292684 0.44999999999999996 0.024390243902439025 0.06666666666666667
