17 0.16153846153846152 0.36923076923076925 0.11965811965811966 0.2692307692307692
14 0.34017094017094013 0.2923076923076924 0.10256410256410256 0.11538461538461539
17 0.34957264957264955 0.7923076923076923 0.11965811965811966 0.2692307692307692
11 0.8829059829059829 0.44615384615384623 0.1282051282051282 0.15384615384615385
14 0.34017094017094013 0.48461538461538456 0.10256410256410256 0.11538461538461539
10 0.6051282051282051 0.6192307692307693 0.03418803418803419 0.11538461538461539
1 0.5017435897435897 0.6 0.03418803418803419 0.11538461538461539
2 0.7068717948717949 0.3307692307692308 0.03418803418803419 0.11538461538461539
3 0.6743589743589744 0.6 0.03418803418803419 0.11538461538461539
0 0.5538461538461539 0.8269230769230769 0.017094017094017096 0.07692307692307693
0 0.9641025641025641 0.5961538461538461 0.017094017094017096 0.07692307692307693
