14 0.8017857142857142 0.8657534246575342 0.10714285714285714 0.0821917808219178
15 0.6241071428571429 0.3726027397260274 0.10714285714285714 0.136986301369863
17 0.8116071428571429 0.1808219178082192 0.125 0.1917808219178082
13 0.2080357142857143 0.3726027397260274 0.13392857142857142 0.1095890410958904
17 0.8116071428571429 0.536986301369863 0.125 0.1917808219178082
1 0.4169999999999999 0.3726027397260274 0.03571428571428571 0.0821917808219178
4 0.34732142857142856 0.3726027397260274 0.03571428571428571 0.0821917808219178
0 0.4714285714285714 0.4794520547945206 0.017857142857142856 0.0547945205479452
0 0.8821428571428571 0.9589041095890412 0.017857142857142856 0.0547945205479452
0 0.9 0.726027397260274 0.017857142857142856 0.0547945205479452
0 0.13214285714285715 0.4794520547945206 0.017857142857142856 0.0547945205479452
