11 0.8136842105263158 0.48461538461538456 0.15789473684210525 0.15384615384615385
15 0.18842105263157893 0.676923076923077 0.12631578947368421 0.19230769230769232
13 0.41368421052631577 0.523076923076923 0.15789473684210525 0.15384615384615385
15 0.6094736842105263 0.6 0.12631578947368421 0.19230769230769232
11 0.8557894736842105 0.13846153846153852 0.15789473684210525 0.15384615384615385
6 0.7978947368421052 0.7923076923076923 0.06315789473684211 0.07692307692307693
10 0.15578947368421053 0.3884615384615385 0.042105263157894736 0.11538461538461539
0 0.871578947368421 0.9423076923076923 0.021052631578947368 0.07692307692307693
0 0.9136842105263158 0.6346153846153846 0.021052631578947368 0.07692307692307693
0 0.9557894736842105 0.28846153846153844 0.021052631578947368 0.07692307692307693
0 0.7663157894736842 0.28846153846153844 0.021052631578947368 0.07692307692307693
