13 0.6423423423423423 0.7387755102040816 0.13513513513513514 0.16326530612244897
14 0.16036036036036036 0.4938775510204082 0.10810810810810811 0.12244897959183673
15 0.827927927927928 0.1673469387755102 0.10810810810810811 0.20408163265306123
16 0.8315315315315315 0.6571428571428571 0.2072072072072072 0.40816326530612246
6 0.49369369369369365 0.636734693877551 0.036036036036036036 0.12244897959183673
6 0.34954954954954953 0.22857142857142865 0.036036036036036036 0.12244897959183673
9 0.2774774774774775 0.43265306122448977 0.036036036036036036 0.12244897959183673
4 0.42252252252252254 0.6571428571428571 0.036036036036036036 0.12244897959183673
0 0.49369369369369365 0.8571428571428572 0.018018018018018018 0.08163265306122448
0 0.9621621621621621 0.9387755102040817 0.018018018018018018 0.08163265306122448
0 0.908108108108108 0.34693877551020413 0.018018018018018018 0.08163265306122448
0 0.7639639639639639 0.34693877551020413 0.018018018018018018 0.08163265306122448
