14 0.16181818181818183 0.290909090909091 0.10909090909090909 0.09090909090909091
14 0.34363636363636363 0.1696969696969698 0.10909090909090909 0.09090909090909091
11 0.35727272727272724 0.3212121212121213 0.13636363636363635 0.12121212121212122
6 0.7709090909090909 0.9121212121212121 0.03636363636363636 0.09090909090909091
6 0.48 0.6393939393939394 0.03636363636363636 0.09090909090909091
10 0.6254545454545454 0.6090909090909091 0.03636363636363636 0.09090909090909091
10 0.6799999999999999 0.3363636363636364 0.03636363636363636 0.09090909090909091
2 0.7536 0.6242424242424243 0.03636363636363636 0.09090909090909091
4 0.5536363636363636 0.3212121212121213 0.03636363636363636 0.09090909090909091
0 0.8254545454545454 0.7424242424242424 0.01818181818181818 0.06060606060606061
0 0.6799999999999999 0.4696969696969697 0.01818181818181818 0.06060606060606061
