16 0.45483870967741935 0.4608695652173914 0.24731182795698925 0.43478260869565216
11 0.8526881720430107 0.4173913043478261 0.16129032258064516 0.17391304347826086
11 0.8526881720430107 0.15652173913043488 0.16129032258064516 0.17391304347826086
14 0.1913978494623656 0.5478260869565217 0.12903225806451613 0.13043478260869565
2 0.6763010752688172 0.4608695652173913 0.043010752688172046 0.13043478260869565
5 0.8365591397849462 0.7652173913043478 0.06451612903225806 0.08695652173913043
0 0.9118279569892472 0.9347826086956522 0.021505376344086023 0.08695652173913043
0 0.6967741935483871 0.6521739130434783 0.021505376344086023 0.08695652173913043
0 0.9548387096774194 0.5869565217391304 0.021505376344086023 0.08695652173913043
0 0.3311827956989247 0.7608695652173914 0.021505376344086023 0.08695652173913043
