11 0.7773809523809524 0.49433962264150944 0.17857142857142858 0.1509433962264151
15 0.7607142857142857 0.15471698113207555 0.14285714285714285 0.18867924528301888
15 0.2607142857142857 0.49433962264150944 0.14285714285714285 0.18867924528301888
6 0.41428571428571426 0.5132075471698113 0.047619047619047616 0.11320754716981132
6 0.7119047619047618 0.7962264150943397 0.07142857142857142 0.07547169811320754
2 0.5344761904761904 0.49433962264150944 0.047619047619047616 0.11320754716981132
0 0.41428571428571426 0.7169811320754718 0.023809523809523808 0.07547169811320754
0 0.7952380952380952 0.9433962264150944 0.023809523809523808 0.07547169811320754
0 0.6761904761904761 0.6415094339622642 0.023809523809523808 0.07547169811320754
0 0.1761904761904762 0.6603773584905661 0.023809523809523808 0.07547169811320754
0 0.8666666666666666 0.3207547169811321 0.023809523809523808 0.07547169811320754
0 0.6761904761904761 0.3207547169811321 0.023809523809523808 0.07547169811320754
