15 0.1546925566343042 0.7773584905660378 0.07767995857068877 0.18867924528301888
11 0.31909385113268607 0.5132075471698113 0.09709994821336096 0.1509433962264151
12 0.7333333333333333 0.5509433962264151 0.09709994821336096 0.1509433962264151
11 0.44854368932038835 0.47547169811320755 0.09709994821336096 0.1509433962264151
11 0.603883495145631 0.5132075471698113 0.09709994821336096 0.1509433962264151
11 0.18964401294498381 0.4 0.09709994821336096 0.1509433962264151
13 0.16375404530744334 0.17358490566037743 0.09709994821336096 0.1509433962264151
9 0.8466019417475729 0.45660377358490567 0.02589331952356292 0.11320754716981132
5 0.9242718446601943 0.4188679245283019 0.02589331952356292 0.11320754716981132
5 0.8854368932038835 0.45660377358490567 0.02589331952356292 0.11320754716981132
0 0.2122977346278317 0.9433962264150944 0.01294665976178146 0.07547169811320754
0 0.13462783171521037 0.5471698113207547 0.01294665976178146 0.07547169811320754
0 0.5488673139158576 0.6603773584905661 0.01294665976178146 0.07547169811320754
