11 0.2284313725490196 0.7428571428571429 0.14705882352941177 0.19047619047619047
12 0.4245098039215686 0.4095238095238095 0.14705882352941177 0.19047619047619047
11 0.4637254901960784 0.6952380952380952 0.14705882352941177 0.19047619047619047
14 0.6450980392156862 0.21904761904761916 0.11764705882352941 0.14285714285714285
10 0.7529411764705882 0.6238095238095238 0.0392156862745098 0.14285714285714285
1 0.6735686274509803 0.6 0.0392156862745098 0.14285714285714285
4 0.8519607843137256 0.6 0.0392156862745098 0.14285714285714285
0 0.6156862745098038 0.8809523809523809 0.0196078431372549 0.09523809523809523
0 0.7333333333333333 0.38095238095238093 0.0196078431372549 0.09523809523809523
0 0.1450980392156863 0.9285714285714286 0.0196078431372549 0.09523809523809523
0 0.3803921568627451 0.8809523809523809 0.0196078431372549 0.09523809523809523
