11 0.5473214285714285 0.264 0.13392857142857142 0.16
17 0.3294642857142857 0.6639999999999999 0.125 0.28
11 0.33303571428571427 0.30400000000000005 0.13392857142857142 0.16
11 0.5473214285714285 0.704 0.13392857142857142 0.16
9 0.8821428571428571 0.404 0.03571428571428571 0.12
3 0.8651785714285715 0.6639999999999999 0.03571428571428571 0.12
4 0.7223214285714287 0.42399999999999993 0.03571428571428571 0.12
3 0.7919642857142856 0.6639999999999999 0.03571428571428571 0.12
0 0.8821428571428571 0.84 0.017857142857142856 0.08
0 0.3464285714285714 0.94 0.017857142857142856 0.08
