12 0.9000000000000001 0.52 0.10948905109489052 0.13333333333333333
11 0.754014598540146 0.3533333333333334 0.10948905109489052 0.13333333333333333
16 0.38175182481751824 0.2533333333333334 0.1678832116788321 0.3333333333333333
15 0.17445255474452553 0.3533333333333334 0.08759124087591241 0.16666666666666666
13 0.9000000000000001 0.22000000000000008 0.10948905109489052 0.13333333333333333
9 0.5751824817518248 0.33666666666666667 0.029197080291970802 0.1
9 0.618978102189781 0.33666666666666667 0.029197080291970802 0.1
10 0.8671532846715329 0.8033333333333333 0.029197080291970802 0.1
10 0.5313868613138686 0.30333333333333334 0.029197080291970802 0.1
0 0.8671532846715329 0.95 0.014598540145985401 0.06666666666666667
0 0.9693430656934308 0.65 0.014598540145985401 0.06666666666666667
0 0.23941605839416055 0.5 0.014598540145985401 0.06666666666666667
0 0.9693430656934308 0.35 0.014598540145985401 0.06666666666666667
0 0.691970802919708 0.4833333333333333 0.014598540145985401 0.06666666666666667
0 0.29781021897810217 0.4833333333333333 0.014598540145985401 0.06666666666666667
