17 0.3684684684684685 0.7454545454545454 0.12612612612612611 0.21212121212121213
11 0.37207207207207205 0.20000000000000007 0.13513513513513514 0.12121212121212122
12 0.8765765765765765 0.38181818181818183 0.13513513513513514 0.12121212121212122
14 0.39459459459459456 0.4121212121212121 0.10810810810810811 0.09090909090909091
11 0.17387387387387387 0.896969696969697 0.13513513513513514 0.12121212121212122
6 0.6198198198198198 0.45757575757575764 0.036036036036036036 0.09090909090909091
9 0.6738738738738739 0.42727272727272736 0.036036036036036036 0.09090909090909091
9 0.6738738738738739 0.18484848484848493 0.036036036036036036 0.09090909090909091
3 0.5486486486486486 0.4424242424242425 0.036036036036036036 0.09090909090909091
0 0.9621621621621621 0.5 0.018018018018018018 0.06060606060606061
0 0.7999999999999999 0.5 0.018018018018018018 0.06060606060606061
0 0.33153153153153153 0.5151515151515151 0.018018018018018018 0.06060606060606061
