12 0.7580152671755725 0.7597402597402597 0.11450381679389313 0.12987012987012986
14 0.13587786259541984 0.43506493506493515 0.0916030534351145 0.09740259740259741
11 0.2694656488549618 0.4025974025974026 0.11450381679389313 0.12987012987012986
12 0.8954198473282442 0.7272727272727273 0.11450381679389313 0.12987012987012986
9 0.6015267175572518 0.5487012987012987 0.030534351145038167 0.09740259740259741
9 0.6473282442748092 0.7435064935064934 0.030534351145038167 0.09740259740259741
4 0.5412213740458016 0.4025974025974026 0.030534351145038167 0.09740259740259741
4 0.38702290076335877 0.7272727272727273 0.030534351145038167 0.09740259740259741
5 0.4793893129770992 0.12662337662337664 0.030534351145038167 0.09740259740259741
0 0.37251908396946565 0.9188311688311688 0.015267175572519083 0.06493506493506493
0 0.5557251908396946 0.2597402597402598 0.015267175572519083 0.06493506493506493
0 0.9679389312977099 0.8538961038961039 0.015267175572519083 0.06493506493506493
