12 0.8247524752475247 0.3315789473684211 0.1485148514851485 0.10526315789473684
12 0.8643564356435643 0.09473684210526323 0.1485148514851485 0.10526315789473684
12 0.2306930693069307 0.8052631578947368 0.1485148514851485 0.10526315789473684
9 0.36435643564356435 0.6342105263157894 0.039603960396039604 0.07894736842105263
2 0.5416237623762375 0.41052631578947374 0.039603960396039604 0.07894736842105263
4 0.503960396039604 0.6210526315789473 0.039603960396039604 0.07894736842105263
4 0.6425742574257426 0.41052631578947374 0.039603960396039604 0.07894736842105263
5 0.36435643564356435 0.7657894736842106 0.039603960396039604 0.07894736842105263
0 0.6613861386138613 0.2947368421052632 0.019801980198019802 0.05263157894736842
0 0.4435643564356435 0.513157894736842 0.019801980198019802 0.05263157894736842
0 0.9188118811881187 0.4342105263157895 0.019801980198019802 0.05263157894736842
0 0.9584158415841584 0.19736842105263153 0.019801980198019802 0.05263157894736842
0 0.7801980198019802 0.19736842105263153 0.019801980198019802 0.05263157894736842
0 0.14653465346534655 0.9078947368421053 0.019801980198019802 0.05263157894736842
