15 0.6170977011494254 0.42222222222222217 0.0862316757688991 0.2777777777777778
15 0.7464080459770116 0.42222222222222217 0.0862316757688991 0.2777777777777778
13 0.33979885057471265 0.5333333333333333 0.10778959471112388 0.2222222222222222
13 0.4978448275862069 0.47777777777777775 0.10778959471112388 0.2222222222222222
11 0.1817528735632184 0.47777777777777775 0.10778959471112388 0.2222222222222222
10 0.839080459770115 0.6166666666666667 0.02874389192296637 0.16666666666666666
3 0.9116379310344829 0.5888888888888888 0.02874389192296637 0.16666666666666666
0 0.839080459770115 0.9166666666666666 0.014371945961483185 0.1111111111111111
0 0.4367816091954023 0.6944444444444444 0.014371945961483185 0.1111111111111111
0 0.27873563218390807 0.75 0.014371945961483185 0.1111111111111111
