11 0.6612403100775194 0.28 0.11627906976744186 0.2
12 0.19612403100775191 0.18000000000000005 0.11627906976744186 0.2
11 0.3511627906976744 0.2300000000000001 0.11627906976744186 0.2
14 0.7891472868217054 0.32999999999999996 0.09302325581395349 0.15
10 0.9131782945736434 0.32999999999999996 0.046511627906976744 0.1
2 0.5015813953488372 0.2300000000000001 0.031007751937984496 0.15
5 0.9131782945736434 0.73 0.046511627906976744 0.1
0 0.9674418604651163 0.925 0.015503875968992248 0.1
0 0.5488372093023256 0.42500000000000004 0.015503875968992248 0.1
0 0.9674418604651163 0.525 0.015503875968992248 0.1
