11 0.5861111111111111 0.7605177993527508 0.1388888888888889 0.12944983818770225
12 0.1787037037037037 0.7928802588996764 0.1388888888888889 0.12944983818770225
11 0.38240740740740736 0.7928802588996764 0.1388888888888889 0.12944983818770225
6 0.8777777777777778 0.6796116504854368 0.037037037037037035 0.0970873786407767
2 0.7472592592592592 0.6634304207119741 0.037037037037037035 0.0970873786407767
1 0.7472592592592592 0.4692556634304207 0.037037037037037035 0.0970873786407767
2 0.8601481481481481 0.3074433656957929 0.037037037037037035 0.0970873786407767
1 0.8601481481481481 0.1456310679611651 0.037037037037037035 0.0970873786407767
5 0.7296296296296296 0.12944983818770228 0.037037037037037035 0.0970873786407767
0 0.8777777777777778 0.8543689320388349 0.018518518518518517 0.06472491909385113
0 0.5074074074074074 0.8867313915857605 0.018518518518518517 0.06472491909385113
