11 0.7350515463917525 0.8 0.15463917525773196 0.14814814814814814
16 0.8072164948453608 0.3555555555555556 0.23711340206185566 0.37037037037037035
12 0.38453608247422677 0.1703703703703704 0.15463917525773196 0.14814814814814814
11 0.19896907216494847 0.13333333333333341 0.15463917525773196 0.14814814814814814
6 0.5237113402061855 0.22592592592592597 0.041237113402061855 0.1111111111111111
10 0.5855670103092783 0.22592592592592597 0.041237113402061855 0.1111111111111111
0 0.5237113402061855 0.38888888888888884 0.020618556701030927 0.07407407407407407
0 0.8329896907216494 0.9444444444444444 0.020618556701030927 0.07407407407407407
0 0.956701030927835 0.6111111111111112 0.020618556701030927 0.07407407407407407
0 0.688659793814433 0.6111111111111112 0.020618556701030927 0.07407407407407407
