13 0.5314861460957179 0.5727272727272728 0.1259657373194491 0.18181818181818182
12 0.4979009235936188 0.30000000000000004 0.1259657373194491 0.18181818181818182
11 0.7329974811083123 0.4818181818181818 0.1259657373194491 0.18181818181818182
17 0.15869017632241814 0.30000000000000004 0.1175680214981525 0.3181818181818182
12 0.32997481108312343 0.34545454545454557 0.1259657373194491 0.18181818181818182
3 0.8807724601175484 0.4818181818181818 0.03359086328518643 0.13636363636363635
5 0.8967254408060453 0.7318181818181818 0.03359086328518643 0.13636363636363635
0 0.8967254408060453 0.9318181818181819 0.016795431642593214 0.09090909090909091
0 0.46011754827875734 0.75 0.016795431642593214 0.09090909090909091
0 0.6616288832913518 0.6590909090909092 0.016795431642593214 0.09090909090909091
