13 0.5971698113207546 0.25454545454545463 0.14150943396226415 0.18181818181818182
11 0.5971698113207546 0.6636363636363636 0.14150943396226415 0.18181818181818182
14 0.3943396226415094 0.30000000000000004 0.11320754716981132 0.13636363636363635
14 0.22452830188679246 0.2090909090909091 0.11320754716981132 0.13636363636363635
11 0.23867924528301884 0.4363636363636364 0.14150943396226415 0.18181818181818182
2 0.8575094339622642 0.3909090909090909 0.03773584905660377 0.13636363636363635
4 0.7632075471698114 0.3909090909090909 0.03773584905660377 0.13636363636363635
5 0.781132075471698 0.6409090909090909 0.03773584905660377 0.13636363636363635
0 0.781132075471698 0.8409090909090909 0.018867924528301886 0.09090909090909091
0 0.5169811320754717 0.43181818181818177 0.018867924528301886 0.09090909090909091
0 0.5169811320754717 0.8409090909090909 0.018867924528301886 0.09090909090909091
