13 0.6103603603603603 0.22000000000000008 0.11264644037248422 0.13333333333333333
17 0.6373873873873875 0.72 0.10513667768098528 0.23333333333333334
17 0.30705705705705705 0.28666666666666674 0.10513667768098528 0.23333333333333334
13 0.46021021021021025 0.32000000000000006 0.11264644037248422 0.13333333333333333
11 0.6103603603603603 0.42000000000000004 0.11264644037248422 0.13333333333333333
9 0.7567567567567568 0.20333333333333337 0.030039050765995796 0.1
10 0.7567567567567568 0.40333333333333343 0.030039050765995796 0.1
1 0.14042042042042044 0.52 0.030039050765995796 0.1
2 0.8175375375375377 0.42000000000000004 0.030039050765995796 0.1
4 0.9076576576576578 0.42000000000000004 0.030039050765995796 0.1
0 0.12612612612612614 0.6666666666666667 0.015019525382997898 0.06666666666666667
0 0.7567567567567568 0.6166666666666667 0.015019525382997898 0.06666666666666667
0 0.24624624624624625 0.5166666666666666 0.015019525382997898 0.06666666666666667
0 0.5765765765765766 0.95 0.015019525382997898 0.06666666666666667
