12 0.3612676056338028 0.567741935483871 0.1056338028169014 0.12903225806451613
16 0.5232394366197183 0.3096774193548387 0.1619718309859155 0.3225806451612903
12 0.20633802816901406 0.8258064516129032 0.1056338028169014 0.12903225806451613
13 0.20633802816901406 0.535483870967742 0.1056338028169014 0.12903225806451613
17 0.7105633802816902 0.3096774193548387 0.09859154929577464 0.22580645161290322
11 0.20633802816901406 0.24516129032258072 0.1056338028169014 0.12903225806451613
11 0.502112676056338 0.6 0.1056338028169014 0.12903225806451613
2 0.8232112676056338 0.3096774193548387 0.028169014084507043 0.0967741935483871
4 0.8499999999999999 0.47096774193548396 0.028169014084507043 0.0967741935483871
0 0.8366197183098592 0.6129032258064516 0.014084507042253521 0.06451612903225806
0 0.30140845070422534 0.6935483870967742 0.014084507042253521 0.06451612903225806
0 0.14647887323943662 0.9516129032258065 0.014084507042253521 0.06451612903225806
0 0.14647887323943662 0.6612903225806452 0.014084507042253521 0.06451612903225806
0 0.14647887323943662 0.3709677419354839 0.014084507042253521 0.06451612903225806
