11 0.1673850574712644 0.37058823529411766 0.10778959471112388 0.11764705882352941
15 0.3010057471264368 0.4 0.0862316757688991 0.14705882352941177
16 0.4906609195402299 0.19411764705882362 0.16527737855705663 0.29411764705882354
15 0.6745689655172414 0.22352941176470598 0.0862316757688991 0.14705882352941177
11 0.4691091954022989 0.45882352941176474 0.10778959471112388 0.11764705882352941
9 0.7959770114942529 0.7970588235294118 0.02874389192296637 0.08823529411764706
10 0.839080459770115 0.5029411764705882 0.02874389192296637 0.08823529411764706
4 0.9116379310344829 0.8117647058823529 0.02874389192296637 0.08823529411764706
3 0.665948275862069 0.5176470588235295 0.02874389192296637 0.08823529411764706
5 0.7528735632183908 0.5029411764705882 0.02874389192296637 0.08823529411764706
0 0.9252873563218392 0.9411764705882353 0.014371945961483185 0.058823529411764705
0 0.7097701149425287 0.6323529411764706 0.014371945961483185 0.058823529411764705
0 0.7385057471264368 0.3529411764705882 0.014371945961483185 0.058823529411764705
0 0.10632183908045978 0.4852941176470589 0.014371945961483185 0.058823529411764705
