17 0.8990909090909092 0.654320987654321 0.12727272727272726 0.2880658436213992
11 0.21181818181818182 0.3251028806584363 0.13636363636363635 0.1646090534979424
11 0.7027272727272728 0.4897119341563786 0.13636363636363635 0.1646090534979424
6 0.33454545454545453 0.1810699588477367 0.03636363636363636 0.12345679012345678
10 0.38909090909090904 0.42798353909465026 0.03636363636363636 0.12345679012345678
1 0.515490909090909 0.44855967078189296 0.03636363636363636 0.12345679012345678
4 0.4063636363636363 0.16049382716049387 0.03636363636363636 0.12345679012345678
0 0.5709090909090909 0.6090534979423868 0.01818181818181818 0.0823045267489712
0 0.8254545454545454 0.9382716049382716 0.01818181818181818 0.0823045267489712
0 0.13454545454545455 0.48559670781893005 0.01818181818181818 0.0823045267489712
