11 0.3724409448818897 0.2808510638297873 0.11811023622047244 0.1702127659574468
14 0.7385826771653543 0.451063829787234 0.09448818897637795 0.1276595744680851
11 0.8921259842519684 0.4085106382978724 0.11811023622047244 0.1702127659574468
14 0.8803149606299212 0.7914893617021277 0.09448818897637795 0.1276595744680851
12 0.19921259842519684 0.32340425531914896 0.11811023622047244 0.1702127659574468
2 0.5409763779527559 0.6212765957446809 0.031496062992125984 0.1276595744680851
4 0.6212598425196851 0.3659574468085106 0.031496062992125984 0.1276595744680851
3 0.5409448818897636 0.3659574468085106 0.031496062992125984 0.1276595744680851
0 0.4944881889763779 0.7872340425531915 0.015748031496062992 0.0851063829787234
0 0.6362204724409448 0.1787234042553193 0.015748031496062992 0.0851063829787234
0 0.9511811023622047 0.9361702127659575 0.015748031496062992 0.0851063829787234
0 0.9669291338582677 0.574468085106383 0.015748031496062992 0.0851063829787234
0 0.305511811023622 0.44680851063829785 0.015748031496062992 0.0851063829787234
