14 0.12535211267605634 0.44000000000000006 0.08450704225352113 0.075
14 0.28028169014084503 0.365 0.08450704225352113 0.075
17 0.25985915492957745 0.64 0.09859154929577464 0.175
11 0.6288732394366197 0.365 0.1056338028169014 0.1
11 0.45985915492957746 0.365 0.1056338028169014 0.1
12 0.2908450704225352 0.11499999999999999 0.1056338028169014 0.1
6 0.7380281690140845 0.4025000000000001 0.028169014084507043 0.075
1 0.8936338028169014 0.815 0.028169014084507043 0.075
2 0.7514366197183098 0.5650000000000001 0.028169014084507043 0.075
4 0.8218309859154929 0.815 0.028169014084507043 0.075
0 0.9070422535211269 0.9375 0.014084507042253521 0.05
0 0.9070422535211269 0.705 0.014084507042253521 0.05
0 0.23098591549295772 0.44999999999999996 0.014084507042253521 0.05
0 0.39999999999999997 0.4625 0.014084507042253521 0.05
0 0.5690140845070423 0.4625 0.014084507042253521 0.05
0 0.23098591549295772 0.21250000000000002 0.014084507042253521 0.05
