11 0.2791545189504373 0.13846153846153852 0.10936132983377078 0.15384615384615385
17 0.5313411078717202 0.6 0.1020705745115194 0.2692307692307692
14 0.12973760932944609 0.48461538461538456 0.08748906386701662 0.11538461538461539
14 0.24635568513119532 0.48461538461538456 0.08748906386701662 0.11538461538461539
16 0.7018950437317785 0.5230769230769231 0.16768737241178186 0.38461538461538464
1 0.41469387755102044 0.3307692307692308 0.029163021289005542 0.11538461538461539
4 0.9103498542274053 0.5615384615384615 0.029163021289005542 0.11538461538461539
5 0.8513119533527698 0.5807692307692307 0.029163021289005542 0.11538461538461539
0 0.9241982507288631 0.7307692307692308 0.014581510644502771 0.07692307692307693
0 0.9241982507288631 0.39230769230769225 0.014581510644502771 0.07692307692307693
0 0.21720116618075805 0.28846153846153844 0.014581510644502771 0.07692307692307693
0 0.5451895043731778 0.8653846153846154 0.014581510644502771 0.07692307692307693
