13 0.233 0.523076923076923 0.15 0.15384615384615385
12 0.593 0.5615384615384615 0.15 0.15384615384615385
15 0.39899999999999997 0.48461538461538456 0.12 0.19230769230769232
12 0.7929999999999999 0.13846153846153852 0.15 0.15384615384615385
6 0.748 0.4653846153846154 0.04 0.11538461538461539
10 0.748 0.6961538461538461 0.04 0.11538461538461539
1 0.82896 0.676923076923077 0.04 0.11538461538461539
0 0.748 0.9038461538461539 0.02 0.07692307692307693
0 0.888 0.28846153846153844 0.02 0.07692307692307693
0 0.14800000000000002 0.6730769230769231 0.02 0.07692307692307693
