12 0.8954198473282442 0.12413793103448278 0.11450381679389313 0.13793103448275862
12 0.4679389312977099 0.1586206896551725 0.11450381679389313 0.13793103448275862
12 0.8648854961832061 0.43448275862068975 0.11450381679389313 0.13793103448275862
17 0.7091603053435115 0.46896551724137936 0.10687022900763359 0.2413793103448276
14 0.3190839694656488 0.6068965517241379 0.0916030534351145 0.10344827586206896
11 0.1931297709923664 0.5724137931034483 0.11450381679389313 0.13793103448275862
16 0.5213740458015267 0.46896551724137936 0.17557251908396945 0.3448275862068966
4 0.4480916030534351 0.8827586206896552 0.030534351145038167 0.10344827586206896
0 0.9374045801526717 0.5689655172413793 0.015267175572519083 0.06896551724137931
0 0.9679389312977099 0.2586206896551724 0.015267175572519083 0.06896551724137931
0 0.8305343511450382 0.2586206896551724 0.015267175572519083 0.06896551724137931
0 0.433587786259542 0.7068965517241379 0.015267175572519083 0.06896551724137931
