13 0.20569105691056908 0.40555555555555556 0.12195121951219512 0.1111111111111111
17 0.8853658536585366 0.2944444444444445 0.11382113821138211 0.19444444444444445
11 0.6934959349593496 0.15555555555555556 0.12195121951219512 0.1111111111111111
9 0.5593495934959349 0.8083333333333333 0.032520325203252036 0.08333333333333333
2 0.4463089430894309 0.43333333333333335 0.032520325203252036 0.08333333333333333
3 0.44634146341463415 0.6555555555555556 0.032520325203252036 0.08333333333333333
3 0.36341463414634145 0.18333333333333335 0.032520325203252036 0.08333333333333333
4 0.36341463414634145 0.7944444444444444 0.032520325203252036 0.08333333333333333
5 0.34796747967479674 0.30833333333333335 0.032520325203252036 0.08333333333333333
0 0.5593495934959349 0.9305555555555556 0.016260162601626018 0.05555555555555555
0 0.5105691056910568 0.5416666666666667 0.016260162601626018 0.05555555555555555
0 0.9658536585365853 0.48611111111111116 0.016260162601626018 0.05555555555555555
0 0.8195121951219512 0.48611111111111116 0.016260162601626018 0.05555555555555555
