16 0.7351145038167939 0.31666666666666676 0.17557251908396945 0.4166666666666667
11 0.4679389312977099 0.775 0.11450381679389313 0.16666666666666666
14 0.899236641221374 0.3583333333333334 0.0916030534351145 0.125
11 0.43740458015267175 0.275 0.11450381679389313 0.16666666666666666
17 0.14427480916030533 0.775 0.10687022900763359 0.2916666666666667
11 0.43740458015267175 0.5249999999999999 0.11450381679389313 0.16666666666666666
10 0.31145038167938927 0.6708333333333334 0.030534351145038167 0.125
10 0.26564885496183205 0.7124999999999999 0.030534351145038167 0.125
3 0.5854961832061067 0.4 0.030534351145038167 0.125
5 0.26564885496183205 0.4208333333333333 0.030534351145038167 0.125
0 0.5709923664122137 0.21666666666666679 0.015267175572519083 0.08333333333333333
0 0.31145038167938927 0.8958333333333334 0.015267175572519083 0.08333333333333333
0 0.9679389312977099 0.5 0.015267175572519083 0.08333333333333333
0 0.4030534351145038 0.9375 0.015267175572519083 0.08333333333333333
