11 0.8688888888888888 0.854054054054054 0.1111111111111111 0.10810810810810811
12 0.3207407407407407 0.2324324324324325 0.1111111111111111 0.10810810810810811
12 0.4837037037037037 0.20540540540540542 0.1111111111111111 0.10810810810810811
12 0.1725925925925926 0.20540540540540542 0.1111111111111111 0.10810810810810811
11 0.8985185185185186 0.6108108108108108 0.1111111111111111 0.10810810810810811
6 0.6281481481481481 0.13783783783783787 0.02962962962962963 0.08108108108108109
2 0.6422518518518519 0.39459459459459467 0.02962962962962963 0.08108108108108109
4 0.6140740740740741 0.827027027027027 0.02962962962962963 0.08108108108108109
3 0.7177777777777778 0.39459459459459467 0.02962962962962963 0.08108108108108109
5 0.6725925925925925 0.8135135135135135 0.02962962962962963 0.08108108108108109
0 0.6281481481481481 0.681081081081081 0.014814814814814815 0.05405405405405406
0 0.5985185185185184 0.5540540540540541 0.014814814814814815 0.05405405405405406
0 0.7318518518518519 0.27567567567567575 0.014814814814814815 0.05405405405405406
0 0.9392592592592592 0.9594594594594594 0.014814814814814815 0.05405405405405406
0 0.10962962962962963 0.31081081081081086 0.014814814814814815 0.05405405405405406
0 0.4207407407407407 0.31081081081081086 0.014814814814814815 0.05405405405405406
0 0.968888888888889 0.7162162162162162 0.014814814814814815 0.05405405405405406
0 0.8355555555555555 0.7162162162162162 0.014814814814814815 0.05405405405405406
