14 0.8549450549450549 0.43870967741935485 0.13186813186813187 0.0967741935483871
11 0.6296703296703297 0.43870967741935485 0.16483516483516483 0.12903225806451613
6 0.25054945054945055 0.1645161290322581 0.04395604395604396 0.0967741935483871
6 0.25054945054945055 0.3258064516129032 0.04395604395604396 0.0967741935483871
1 0.3614945054945055 0.7935483870967742 0.04395604395604396 0.0967741935483871
4 0.22967032967032966 0.503225806451613 0.04395604395604396 0.0967741935483871
0 0.3824175824175824 0.935483870967742 0.02197802197802198 0.06451612903225806
0 0.3824175824175824 0.6516129032258065 0.02197802197802198 0.06451612903225806
0 0.9538461538461538 0.5483870967741935 0.02197802197802198 0.06451612903225806
0 0.5362637362637362 0.564516129032258 0.02197802197802198 0.06451612903225806
