11 0.38455284552845526 0.275 0.12195121951219512 0.16666666666666666
11 0.4170731707317073 0.775 0.12195121951219512 0.16666666666666666
11 0.8886178861788617 0.15000000000000002 0.12195121951219512 0.16666666666666666
11 0.38455284552845526 0.5249999999999999 0.12195121951219512 0.16666666666666666
13 0.18943089430894308 0.275 0.12195121951219512 0.16666666666666666
1 0.560130081300813 0.275 0.032520325203252036 0.125
2 0.5910894308943089 0.6499999999999999 0.032520325203252036 0.125
4 0.7390243902439025 0.6499999999999999 0.032520325203252036 0.125
5 0.673170731707317 0.25416666666666676 0.032520325203252036 0.125
0 0.7544715447154471 0.8333333333333334 0.016260162601626018 0.08333333333333333
0 0.7544715447154471 0.4666666666666667 0.016260162601626018 0.08333333333333333
0 0.9658536585365853 0.3125 0.016260162601626018 0.08333333333333333
0 0.34796747967479674 0.9375 0.016260162601626018 0.08333333333333333
0 0.12032520325203253 0.4375 0.016260162601626018 0.08333333333333333
