11 0.8265822784810126 0.5904761904761905 0.189873417721519 0.12698412698412698
17 0.8215189873417722 0.20952380952380956 0.17721518987341772 0.2222222222222222
11 0.5227848101265823 0.6222222222222222 0.189873417721519 0.12698412698412698
2 0.23675949367088608 0.8126984126984127 0.05063291139240506 0.09523809523809523
5 0.18734177215189873 0.47936507936507944 0.05063291139240506 0.09523809523809523
0 0.21265822784810126 0.9523809523809523 0.02531645569620253 0.06349206349206349
0 0.21265822784810126 0.6730158730158731 0.02531645569620253 0.06349206349206349
0 0.9468354430379746 0.7142857142857143 0.02531645569620253 0.06349206349206349
0 0.9468354430379746 0.4285714285714286 0.02531645569620253 0.06349206349206349
0 0.41518987341772146 0.746031746031746 0.02531645569620253 0.06349206349206349
