11 0.523931623931624 0.2333333333333334 0.1282051282051282 0.16666666666666666
14 0.15213675213675215 0.6916666666666667 0.10256410256410256 0.125
17 0.8794871794871796 0.275 0.11965811965811966 0.2916666666666667
11 0.3188034188034188 0.6499999999999999 0.1282051282051282 0.16666666666666666
15 0.6658119658119659 0.44166666666666665 0.10256410256410256 0.20833333333333334
15 0.47777777777777775 0.6499999999999999 0.10256410256410256 0.20833333333333334
6 0.8102564102564103 0.7541666666666667 0.03418803418803419 0.125
0 0.5538461538461539 0.8333333333333334 0.017094017094017096 0.08333333333333333
0 0.45128205128205123 0.39583333333333337 0.017094017094017096 0.08333333333333333
0 0.9641025641025641 0.5625 0.017094017094017096 0.08333333333333333
0 0.8102564102564103 0.5625 0.017094017094017096 0.08333333333333333
