14 0.7183999999999999 0.11457036114570363 0.096 0.07473841554559044
12 0.8904 0.41344956413449574 0.12 0.09965122072745392
12 0.1864 0.1892901618929017 0.12 0.09965122072745392
11 0.3464 0.4632627646326277 0.12 0.09965122072745392
17 0.7272000000000001 0.31382316313823166 0.112 0.17438963627304435
15 0.36719999999999997 0.2391033623910337 0.096 0.1245640259093174
14 0.8784 0.6376089663760897 0.096 0.07473841554559044
17 0.5512 0.33872976338729766 0.112 0.17438963627304435
11 0.7303999999999999 0.5379825653798257 0.12 0.09965122072745392
4 0.8712000000000001 0.9364881693648817 0.032 0.07473841554559044
0 0.8864 0.8268991282689913 0.016 0.04982561036372696
0 0.9504 0.7222914072229141 0.016 0.04982561036372696
0 0.9663999999999999 0.5105853051058531 0.016 0.04982561036372696
0 0.1184 0.28642590286425906 0.016 0.04982561036372696
0 0.43839999999999996 0.3486924034869241 0.016 0.04982561036372696
0 0.31039999999999995 0.3486924034869241 0.016 0.04982561036372696
