16 0.4980952380952381 0.4773139745916516 0.21904761904761905 0.36310820624546114
12 0.7361904761904762 0.5136116152450091 0.14285714285714285 0.14524328249818447
9 0.14095238095238097 0.7132486388384756 0.0380952380952381 0.10893246187363835
10 0.21714285714285714 0.5317604355716878 0.0380952380952381 0.10893246187363835
1 0.29241904761904763 0.7313974591651542 0.0380952380952381 0.10893246187363835
5 0.8933333333333333 0.5136116152450091 0.05714285714285714 0.07262164124909223
5 0.20761904761904762 0.22323049001814887 0.05714285714285714 0.07262164124909223
0 0.96 0.6551724137931034 0.01904761904761905 0.07262164124909223
0 0.14095238095238097 0.3647912885662432 0.01904761904761905 0.07262164124909223
0 0.2742857142857143 0.8911070780399274 0.01904761904761905 0.07262164124909223
