11 0.45341098169717137 0.3956521739130434 0.12479201331114809 0.17391304347826086
14 0.44093178036605657 0.7869565217391304 0.09983361064891846 0.13043478260869565
11 0.25374376039933444 0.26521739130434785 0.12479201331114809 0.17391304347826086
11 0.8860232945091514 0.3956521739130434 0.12479201331114809 0.17391304347826086
11 0.25374376039933444 0.5260869565217391 0.12479201331114809 0.17391304347826086
1 0.6330782029950084 0.5695652173913044 0.033277870216306155 0.13043478260869565
2 0.08239600665557405 0.30869565217391315 0.033277870216306155 0.13043478260869565
4 0.6980033277870217 0.3521739130434782 0.033277870216306155 0.13043478260869565
0 0.06655574043261231 0.5217391304347826 0.016638935108153077 0.08695652173913043
0 0.06655574043261231 0.11739130434782619 0.016638935108153077 0.08695652173913043
0 0.5823627287853578 0.7391304347826086 0.016638935108153077 0.08695652173913043
0 0.3826955074875208 0.5652173913043479 0.016638935108153077 0.08695652173913043
0 0.3826955074875208 0.9347826086956522 0.016638935108153077 0.08695652173913043
0 0.9650582362728786 0.5652173913043479 0.016638935108153077 0.08695652173913043
0 0.8153078202995008 0.5652173913043479 0.016638935108153077 0.08695652173913043
