12 0.6574324324324324 0.6642857142857143 0.10135135135135136 0.14285714285714285
15 0.5128378378378379 0.7357142857142858 0.08108108108108109 0.17857142857142858
13 0.38716216216216215 0.7 0.10135135135135136 0.14285714285714285
11 0.2385135135135135 0.6642857142857143 0.10135135135135136 0.14285714285714285
14 0.09324324324324323 0.7 0.08108108108108109 0.10714285714285714
6 0.7486486486486487 0.18214285714285716 0.02702702702702703 0.10714285714285714
1 0.897945945945946 0.41428571428571437 0.02702702702702703 0.10714285714285714
1 0.8033513513513514 0.7357142857142858 0.02702702702702703 0.10714285714285714
1 0.829081081081081 0.41428571428571437 0.02702702702702703 0.10714285714285714
5 0.9108108108108108 0.18214285714285716 0.02702702702702703 0.10714285714285714
0 0.8162162162162162 0.8928571428571429 0.013513513513513514 0.07142857142857142
0 0.9108108108108108 0.5714285714285714 0.013513513513513514 0.07142857142857142
0 0.3297297297297297 0.8392857142857143 0.013513513513513514 0.07142857142857142
0 0.04594594594594594 0.8214285714285714 0.013513513513513514 0.07142857142857142
