11 0.5417066155321189 0.6711111111111111 0.14384349827387802 0.17777777777777778
12 0.311601150527325 0.6266666666666667 0.14384349827387802 0.17777777777777778
10 0.8820709491850431 0.20444444444444454 0.038358266206367474 0.13333333333333333
10 0.6711409395973155 0.20444444444444454 0.038358266206367474 0.13333333333333333
2 0.09495685522531161 0.6711111111111111 0.038358266206367474 0.13333333333333333
3 0.6893576222435284 0.7155555555555555 0.038358266206367474 0.13333333333333333
3 0.7468839884947268 0.18222222222222229 0.038358266206367474 0.13333333333333333
0 0.74784276126558 0.8888888888888888 0.019179133103183737 0.08888888888888889
0 0.07670182166826463 0.9333333333333333 0.019179133103183737 0.08888888888888889
0 0.8053691275167786 0.48888888888888893 0.019179133103183737 0.08888888888888889
0 0.46021093000958774 0.8444444444444444 0.019179133103183737 0.08888888888888889
0 0.23010546500479387 0.8 0.019179133103183737 0.08888888888888889
