12 0.7862275449101797 0.6545454545454545 0.08982035928143713 0.12121212121212122
11 0.45089820359281435 0.23030303030303034 0.08982035928143713 0.12121212121212122
11 0.3191616766467066 0.20000000000000007 0.08982035928143713 0.12121212121212122
14 0.31017964071856285 0.38181818181818183 0.0718562874251497 0.09090909090909091
16 0.16946107784431136 0.35151515151515156 0.1377245508982036 0.30303030303030304
17 0.9155688622754491 0.503030303030303 0.08383233532934131 0.21212121212121213
10 0.5796407185628742 0.5787878787878789 0.023952095808383235 0.09090909090909091
10 0.5796407185628742 0.8818181818181818 0.023952095808383235 0.09090909090909091
2 0.6520718562874251 0.7151515151515151 0.023952095808383235 0.09090909090909091
1 0.5910419161676647 0.290909090909091 0.023952095808383235 0.09090909090909091
0 0.5437125748502993 0.40909090909090906 0.011976047904191617 0.06060606060606061
0 0.9748502994011977 0.7121212121212122 0.011976047904191617 0.06060606060606061
