11 0.6244755244755245 0.5249999999999999 0.1048951048951049 0.16666666666666666
11 0.9041958041958043 0.5249999999999999 0.1048951048951049 0.16666666666666666
11 0.9041958041958043 0.15000000000000002 0.1048951048951049 0.16666666666666666
11 0.7643356643356644 0.5666666666666667 0.1048951048951049 0.16666666666666666
11 0.1769230769230769 0.4 0.1048951048951049 0.16666666666666666
11 0.3447552447552447 0.4 0.1048951048951049 0.16666666666666666
6 0.4811188811188811 0.5041666666666667 0.027972027972027972 0.125
9 0.8727272727272727 0.8791666666666667 0.027972027972027972 0.125
5 0.5230769230769231 0.5041666666666667 0.027972027972027972 0.125
5 0.43916083916083914 0.4625 0.027972027972027972 0.125
0 0.9706293706293707 0.6875 0.013986013986013986 0.08333333333333333
0 0.9706293706293707 0.3125 0.013986013986013986 0.08333333333333333
0 0.2853146853146853 0.5625 0.013986013986013986 0.08333333333333333
