12 0.8904 0.28148148148148155 0.12 0.14814814814814814
12 0.5224 0.5037037037037038 0.12 0.14814814814814814
17 0.6792 0.6888888888888889 0.112 0.25925925925925924
11 0.33039999999999997 0.24444444444444446 0.12 0.14814814814814814
13 0.3624 0.6888888888888889 0.12 0.14814814814814814
15 0.1432 0.3555555555555556 0.096 0.18518518518518517
12 0.33039999999999997 0.4666666666666667 0.12 0.14814814814814814
2 0.839168 0.6148148148148148 0.032 0.1111111111111111
0 0.8864 0.7592592592592593 0.016 0.07407407407407407
0 0.9663999999999999 0.42592592592592593 0.016 0.07407407407407407
0 0.8224 0.42592592592592593 0.016 0.07407407407407407
0 0.6944 0.9444444444444444 0.016 0.07407407407407407
0 0.2944 0.8333333333333334 0.016 0.07407407407407407
