16 0.6766390833863781 0.6767676767676767 0.14642220524573465 0.5050505050505051
14 0.5334182049649905 0.5757575757575757 0.07639419404125286 0.15151515151515152
12 0.4283895607893062 0.5252525252525253 0.09549274255156608 0.20202020202020202
11 0.16104392106938253 0.3232323232323232 0.09549274255156608 0.20202020202020202
12 0.18650541056651812 0.6262626262626263 0.09549274255156608 0.20202020202020202
12 0.3010821133036283 0.5757575757575757 0.09549274255156608 0.20202020202020202
6 0.8835136855506048 0.19696969696969702 0.02546473134708429 0.15151515151515152
10 0.7943984723106302 0.24747474747474763 0.02546473134708429 0.15151515151515152
10 0.9217059197963082 0.601010101010101 0.02546473134708429 0.15151515151515152
2 0.8065181413112668 0.5757575757575757 0.02546473134708429 0.15151515151515152
0 0.8453214513049014 0.8737373737373737 0.012732365673542145 0.10101010101010101
0 0.13239974538510504 0.8232323232323232 0.012732365673542145 0.10101010101010101
