17 0.41192660550458715 0.6 0.12844036697247707 0.3333333333333333
11 0.8743119266055046 0.21904761904761916 0.13761467889908258 0.19047619047619047
15 0.20091743119266053 0.3142857142857144 0.11009174311926606 0.23809523809523808
15 0.5678899082568807 0.5523809523809524 0.11009174311926606 0.23809523809523808
10 0.7412844036697247 0.19523809523809532 0.03669724770642202 0.14285714285714285
5 0.6862385321100917 0.4809523809523809 0.03669724770642202 0.14285714285714285
5 0.6862385321100917 0.19523809523809532 0.03669724770642202 0.14285714285714285
0 0.9614678899082568 0.40476190476190477 0.01834862385321101 0.09523809523809523
0 0.33761467889908253 0.9285714285714286 0.01834862385321101 0.09523809523809523
0 0.13577981651376148 0.5238095238095238 0.01834862385321101 0.09523809523809523
