12 0.27499999999999997 0.30714285714285716 0.16304347826086957 0.14285714285714285
17 0.4880434782608695 0.30714285714285716 0.15217391304347827 0.25
11 0.5358695652173913 0.6285714285714286 0.16304347826086957 0.14285714285714285
15 0.2597826086956522 0.6285714285714286 0.13043478260869565 0.17857142857142858
1 0.7271304347826087 0.7357142857142858 0.043478260869565216 0.10714285714285714
3 0.8358695652173914 0.5571428571428572 0.043478260869565216 0.10714285714285714
3 0.7271739130434783 0.5571428571428572 0.043478260869565216 0.10714285714285714
0 0.7478260869565218 0.8928571428571429 0.021739130434782608 0.07142857142857142
0 0.8565217391304347 0.4 0.021739130434782608 0.07142857142857142
0 0.4434782608695652 0.7678571428571428 0.021739130434782608 0.07142857142857142
