12 0.5188524590163934 0.25263157894736843 0.12295081967213115 0.10526315789473684
13 0.20737704918032784 0.35789473684210527 0.12295081967213115 0.10526315789473684
17 0.3516393442622951 0.22631578947368425 0.11475409836065574 0.18421052631578946
9 0.8426229508196721 0.7921052631578948 0.03278688524590164 0.07894736842105263
9 0.6459016393442623 0.7921052631578948 0.03278688524590164 0.07894736842105263
9 0.7934426229508197 0.5026315789473685 0.03278688524590164 0.07894736842105263
10 0.6950819672131148 0.18684210526315792 0.03278688524590164 0.07894736842105263
10 0.8918032786885246 0.8184210526315789 0.03278688524590164 0.07894736842105263
1 0.7106885245901639 0.35789473684210527 0.03278688524590164 0.07894736842105263
4 0.7778688524590165 0.6210526315789473 0.03278688524590164 0.07894736842105263
0 0.6459016393442623 0.9605263157894737 0.01639344262295082 0.05263157894736842
