11 0.16884057971014493 0.6626506024096386 0.10869565217391304 0.1606425702811245
14 0.28840579710144926 0.6626506024096386 0.08695652173913043 0.12048192771084337
11 0.42971014492753623 0.7028112449799196 0.10869565217391304 0.1606425702811245
12 0.5746376811594203 0.7429718875502007 0.10869565217391304 0.1606425702811245
9 0.817391304347826 0.4417670682730923 0.028985507246376812 0.12048192771084337
10 0.8608695652173913 0.6827309236947791 0.028985507246376812 0.12048192771084337
1 0.7456231884057971 0.6626506024096386 0.028985507246376812 0.12048192771084337
1 0.8035942028985508 0.1807228915662651 0.028985507246376812 0.12048192771084337
4 0.7456521739130435 0.1807228915662651 0.028985507246376812 0.12048192771084337
5 0.6869565217391305 0.40160642570281124 0.028985507246376812 0.12048192771084337
0 0.8608695652173913 0.8594377510040161 0.014492753623188406 0.08032128514056225
0 0.10724637681159421 0.8192771084337349 0.014492753623188406 0.08032128514056225
