11 0.5620481927710843 0.504 0.09036144578313253 0.16
11 0.2728915662650602 0.6639999999999999 0.09036144578313253 0.16
16 0.4114457831325301 0.3440000000000001 0.13855421686746988 0.4
16 0.7126506024096386 0.42400000000000004 0.13855421686746988 0.4
11 0.4174698795180723 0.704 0.09036144578313253 0.16
11 0.14036144578313253 0.704 0.09036144578313253 0.16
9 0.9204819277108435 0.3640000000000001 0.024096385542168676 0.12
4 0.8728915662650603 0.3440000000000001 0.024096385542168676 0.12
0 0.8361445783132531 0.5 0.012048192771084338 0.08
0 0.0891566265060241 0.86 0.012048192771084338 0.08
0 0.36626506024096384 0.86 0.012048192771084338 0.08
0 0.2216867469879518 0.8200000000000001 0.012048192771084338 0.08
0 0.6433734939759036 0.7 0.012048192771084338 0.08
