11 0.6329656862745098 0.600896860986547 0.09193429762196617 0.17937219730941703
14 0.3786764705882353 0.6457399103139013 0.07354743809757293 0.13452914798206278
12 0.755514705882353 0.5560538116591929 0.09193429762196617 0.17937219730941703
16 0.24693627450980393 0.6457399103139013 0.14096592302034813 0.4484304932735426
12 0.755514705882353 0.8251121076233183 0.09193429762196617 0.17937219730941703
11 0.49816176470588236 0.6457399103139013 0.09193429762196617 0.17937219730941703
9 0.8750000000000001 0.17488789237668168 0.024515812699190977 0.13452914798206278
1 0.9246078431372551 0.5112107623318385 0.024515812699190977 0.13452914798206278
2 0.8633333333333335 0.5112107623318385 0.024515812699190977 0.13452914798206278
1 0.11460784313725492 0.7354260089686099 0.024515812699190977 0.13452914798206278
0 0.10294117647058824 0.9327354260089686 0.012257906349595489 0.08968609865470852
0 0.9362745098039217 0.7533632286995515 0.012257906349595489 0.08968609865470852
0 0.5808823529411765 0.7757847533632287 0.012257906349595489 0.08968609865470852
