11 0.8102493074792243 0.11612903225806459 0.2077562326869806 0.12903225806451613
10 0.2493074792243767 0.7774193548387096 0.055401662049861494 0.0967741935483871
1 0.4141828254847645 0.7935483870967742 0.055401662049861494 0.0967741935483871
1 0.3614404432132964 0.503225806451613 0.055401662049861494 0.0967741935483871
4 0.1371191135734072 0.2129032258064517 0.055401662049861494 0.0967741935483871
4 0.5831024930747922 0.2129032258064517 0.055401662049861494 0.0967741935483871
0 0.38781163434903043 0.9516129032258065 0.027700831024930747 0.06451612903225806
0 0.6094182825484764 0.3548387096774194 0.027700831024930747 0.06451612903225806
0 0.4986149584487534 0.6290322580645161 0.027700831024930747 0.06451612903225806
0 0.9418282548476454 0.24193548387096775 0.027700831024930747 0.06451612903225806
