15 0.8711538461538462 0.38 0.07692307692307693 0.25
15 0.1532051282051282 0.38 0.07692307692307693 0.25
11 0.4955128205128205 0.48 0.09615384615384616 0.2
17 0.6211538461538462 0.48 0.08974358974358974 0.35
11 0.7647435897435897 0.42999999999999994 0.09615384615384616 0.2
1 0.28656410256410253 0.42999999999999994 0.02564102564102564 0.15
4 0.3519230769230769 0.83 0.02564102564102564 0.15
0 0.2487179487179487 0.625 0.01282051282051282 0.1
0 0.9282051282051282 0.6 0.01282051282051282 0.1
0 0.441025641025641 0.675 0.01282051282051282 0.1
0 0.7102564102564103 0.625 0.01282051282051282 0.1
