13 0.39939485627836613 0.31666666666666676 0.22699757869249396 0.16666666666666666
12 0.7322239031770046 0.15000000000000002 0.22699757869249396 0.16666666666666666
13 0.7322239031770046 0.775 0.22699757869249396 0.16666666666666666
11 0.7927382753403934 0.4 0.22699757869249396 0.16666666666666666
6 0.43721633888048417 0.5249999999999999 0.09079903147699758 0.08333333333333333
9 0.1497730711043873 0.4208333333333333 0.06053268765133172 0.125
0 0.3313161875945538 0.6875 0.03026634382566586 0.08333333333333333
0 0.875945537065053 0.9375 0.03026634382566586 0.08333333333333333
0 0.9364599092284418 0.5625 0.03026634382566586 0.08333333333333333
0 0.6641452344931922 0.5625 0.03026634382566586 0.08333333333333333
