17 0.332258064516129 0.5703324808184143 0.15053763440860216 0.35823950870010235
13 0.8526881720430107 0.2531969309462917 0.16129032258064516 0.2047082906857728
16 0.5623655913978495 0.6726342710997442 0.24731182795698925 0.5117707267144319
6 0.14838709677419357 0.3145780051150895 0.06451612903225806 0.1023541453428864
6 0.7935483870967741 0.6726342710997442 0.06451612903225806 0.1023541453428864
0 0.07311827956989247 0.5140664961636829 0.021505376344086023 0.1023541453428864
0 0.8688172043010752 0.8721227621483376 0.021505376344086023 0.1023541453428864
0 0.35268817204301073 0.9232736572890026 0.021505376344086023 0.1023541453428864
0 0.9548387096774194 0.45268542199488493 0.021505376344086023 0.1023541453428864
0 0.7612903225806451 0.45268542199488493 0.021505376344086023 0.1023541453428864
