11 0.5058394160583941 0.3925925925925926 0.10948905109489052 0.14814814814814814
17 0.34233576642335767 0.6148148148148148 0.10218978102189781 0.25925925925925924
11 0.3452554744525547 0.1703703703703704 0.10948905109489052 0.14814814814814814
12 0.17007299270072992 0.4666666666666667 0.10948905109489052 0.14814814814814814
12 0.9000000000000001 0.7259259259259259 0.10948905109489052 0.14814814814814814
6 0.7649635036496351 0.4481481481481482 0.029197080291970802 0.1111111111111111
4 0.7510948905109489 0.6888888888888889 0.029197080291970802 0.1111111111111111
3 0.6927007299270074 0.4296296296296296 0.029197080291970802 0.1111111111111111
4 0.632846715328467 0.4296296296296296 0.029197080291970802 0.1111111111111111
0 0.7065693430656934 0.22962962962962974 0.014598540145985401 0.07407407407407407
0 0.9693430656934308 0.8703703703703703 0.014598540145985401 0.07407407407407407
0 0.2832116788321168 0.31481481481481477 0.014598540145985401 0.07407407407407407
0 0.2832116788321168 0.8703703703703703 0.014598540145985401 0.07407407407407407
0 0.10802919708029197 0.6111111111111112 0.014598540145985401 0.07407407407407407
