15 0.3985623003194888 0.5446559297218155 0.09584664536741214 0.14645577035735208
12 0.40175718849840253 0.2518301610541728 0.11980830670926518 0.11716461628588166
13 0.8250798722044728 0.39824304538799415 0.11980830670926518 0.11716461628588166
11 0.8250798722044728 0.1054172767203514 0.11980830670926518 0.11716461628588166
12 0.8250798722044728 0.6617862371888725 0.11980830670926518 0.11716461628588166
16 0.5934504792332268 0.3689604685212299 0.18370607028753994 0.29291154071470415
11 0.23402555910543127 0.486090775988287 0.11980830670926518 0.11716461628588166
10 0.7891373801916932 0.9106881405563689 0.03194888178913738 0.08787346221441125
4 0.9017571884984026 0.9253294289897511 0.03194888178913738 0.08787346221441125
5 0.8370607028753994 0.9106881405563689 0.03194888178913738 0.08787346221441125
0 0.9009584664536741 0.7759882869692533 0.01597444089456869 0.05858230814294083
0 0.9009584664536741 0.5124450951683748 0.01597444089456869 0.05858230814294083
0 0.9009584664536741 0.21961932650073213 0.01597444089456869 0.05858230814294083
0 0.3418530351437699 0.6734992679355782 0.01597444089456869 0.05858230814294083
0 0.3338658146964856 0.3660322108345535 0.01597444089456869 0.05858230814294083
0 0.16613418530351437 0.6002928257686676 0.01597444089456869 0.05858230814294083
