11 0.2100550964187328 0.42400000000000004 0.10333425186001653 0.16
17 0.7169421487603306 0.704 0.09644530173601543 0.28
11 0.540633608815427 0.584 0.10333425186001653 0.16
11 0.5681818181818182 0.784 0.10333425186001653 0.16
11 0.3891184573002755 0.544 0.10333425186001653 0.16
12 0.23760330578512398 0.6639999999999999 0.10333425186001653 0.16
2 0.895977961432507 0.584 0.02755580049600441 0.12
4 0.06818181818181819 0.384 0.02755580049600441 0.12
5 0.8402203856749312 0.20400000000000007 0.02755580049600441 0.12
0 0.05509641873278237 0.56 0.013777900248002205 0.08
0 0.05509641873278237 0.20800000000000007 0.013777900248002205 0.08
0 0.9090909090909092 0.368 0.013777900248002205 0.08
0 0.509641873278237 0.94 0.013777900248002205 0.08
0 0.1790633608815427 0.8200000000000001 0.013777900248002205 0.08
