15 0.17661290322580644 0.3307692307692308 0.0967741935483871 0.19230769230769232
15 0.3217741935483871 0.3307692307692308 0.0967741935483871 0.19230769230769232
15 0.8217741935483871 0.3307692307692308 0.0967741935483871 0.19230769230769232
14 0.8209677419354838 0.5615384615384615 0.0967741935483871 0.11538461538461539
11 0.6717741935483871 0.44615384615384623 0.12096774193548387 0.15384615384615385
17 0.475 0.48461538461538467 0.11290322580645161 0.2692307692307692
4 0.8137096774193548 0.7538461538461538 0.03225806451612903 0.11538461538461539
0 0.8290322580645161 0.9230769230769231 0.016129032258064516 0.07692307692307693
0 0.11935483870967742 0.5 0.016129032258064516 0.07692307692307693
0 0.6032258064516128 0.5961538461538461 0.016129032258064516 0.07692307692307693
0 0.49032258064516127 0.75 0.016129032258064516 0.07692307692307693
