12 0.5938775510204082 0.2333333333333334 0.10204081632653061 0.16666666666666666
15 0.35306122448979593 0.3583333333333334 0.08163265306122448 0.20833333333333334
11 0.2129251700680272 0.275 0.10204081632653061 0.16666666666666666
15 0.20340136054421767 0.5666666666666667 0.08163265306122448 0.20833333333333334
16 0.8727891156462586 0.6499999999999999 0.1564625850340136 0.4166666666666667
6 0.6857142857142857 0.2958333333333334 0.027210884353741496 0.125
6 0.6857142857142857 0.5041666666666667 0.027210884353741496 0.125
9 0.7401360544217687 0.5041666666666667 0.027210884353741496 0.125
10 0.4748299319727891 0.275 0.04081632653061224 0.08333333333333333
0 0.6857142857142857 0.6875 0.013605442176870748 0.08333333333333333
0 0.2639455782312925 0.75 0.013605442176870748 0.08333333333333333
0 0.9714285714285715 0.9375 0.013605442176870748 0.08333333333333333
