11 0.6243243243243243 0.6645161290322581 0.13513513513513514 0.12903225806451613
11 0.8765765765765765 0.11612903225806459 0.13513513513513514 0.12903225806451613
11 0.8405405405405405 0.40645161290322585 0.13513513513513514 0.12903225806451613
11 0.6603603603603604 0.8258064516129032 0.13513513513513514 0.12903225806451613
15 0.2153153153153153 0.7612903225806451 0.10810810810810811 0.16129032258064516
1 0.4387747747747747 0.6967741935483871 0.036036036036036036 0.0967741935483871
5 0.7999999999999999 0.6806451612903226 0.036036036036036036 0.0967741935483871
5 0.36756756756756753 0.6806451612903226 0.036036036036036036 0.0967741935483871
0 0.9261261261261261 0.532258064516129 0.018018018018018018 0.06451612903225806
0 0.2954954954954955 0.9032258064516129 0.018018018018018018 0.06451612903225806
0 0.9621621621621621 0.24193548387096775 0.018018018018018018 0.06451612903225806
0 0.7999999999999999 0.24193548387096775 0.018018018018018018 0.06451612903225806
0 0.5837837837837837 0.9516129032258065 0.018018018018018018 0.06451612903225806
