13 0.6873684210526315 0.44166666666666665 0.15789473684210525 0.16666666666666666
12 0.4557894736842105 0.4833333333333333 0.15789473684210525 0.16666666666666666
17 0.8936842105263159 0.5666666666666667 0.14736842105263157 0.2916666666666667
6 0.26105263157894737 0.37916666666666676 0.042105263157894736 0.125
9 0.671578947368421 0.775 0.06315789473684211 0.08333333333333333
3 0.17789473684210524 0.3583333333333334 0.042105263157894736 0.125
0 0.5978947368421053 0.9375 0.021052631578947368 0.08333333333333333
0 0.19789473684210526 0.5416666666666667 0.021052631578947368 0.08333333333333333
0 0.19789473684210526 0.17500000000000016 0.021052631578947368 0.08333333333333333
0 0.5978947368421053 0.6041666666666667 0.021052631578947368 0.08333333333333333
0 0.3663157894736842 0.6458333333333333 0.021052631578947368 0.08333333333333333
