17 0.7049079754601227 0.6639999999999999 0.08588957055214724 0.28
16 0.3331288343558282 0.3440000000000001 0.1411042944785276 0.4
12 0.31472392638036806 0.704 0.09202453987730061 0.16
12 0.15521472392638036 0.6639999999999999 0.09202453987730061 0.16
11 0.5846625766871165 0.46399999999999997 0.09202453987730061 0.16
11 0.8300613496932516 0.624 0.09202453987730061 0.16
12 0.17975460122699385 0.30400000000000005 0.09202453987730061 0.16
6 0.9312883435582823 0.624 0.03680981595092025 0.08
9 0.46503067484662575 0.504 0.03680981595092025 0.08
0 0.9742331288343559 0.78 0.012269938650306749 0.08
0 0.7165644171779141 0.94 0.012269938650306749 0.08
0 0.1276073619631902 0.45999999999999996 0.012269938650306749 0.08
