12 0.3638461538461538 0.10285714285714287 0.11538461538461539 0.11428571428571428
11 0.3946153846153846 0.5314285714285715 0.11538461538461539 0.11428571428571428
11 0.5484615384615384 0.30285714285714294 0.11538461538461539 0.11428571428571428
15 0.5684615384615385 0.7314285714285714 0.09230769230769231 0.14285714285714285
13 0.1946153846153846 0.5028571428571429 0.11538461538461539 0.11428571428571428
11 0.3946153846153846 0.27428571428571435 0.11538461538461539 0.11428571428571428
10 0.7292307692307692 0.5742857142857143 0.03076923076923077 0.08571428571428572
2 0.8208 0.56 0.03076923076923077 0.08571428571428572
2 0.7915076923076924 0.8171428571428572 0.03076923076923077 0.08571428571428572
0 0.8676923076923077 0.9285714285714286 0.015384615384615385 0.05714285714285714
0 0.8984615384615384 0.6714285714285715 0.015384615384615385 0.05714285714285714
0 0.3292307692307692 0.6428571428571428 0.015384615384615385 0.05714285714285714
0 0.6369230769230769 0.8571428571428572 0.015384615384615385 0.05714285714285714
0 0.5138461538461538 0.8571428571428572 0.015384615384615385 0.05714285714285714
0 0.3292307692307692 0.3857142857142857 0.015384615384615385 0.05714285714285714
