11 0.8719626168224299 0.5220779220779221 0.14018691588785046 0.1038961038961039
12 0.8719626168224299 0.2883116883116883 0.14018691588785046 0.1038961038961039
14 0.22242990654205608 0.7558441558441559 0.11214953271028037 0.07792207792207792
17 0.6626168224299066 0.651948051948052 0.1308411214953271 0.18181818181818182
13 0.27383177570093453 0.8597402597402597 0.14018691588785046 0.1038961038961039
14 0.8579439252336448 0.08051948051948055 0.11214953271028037 0.07792207792207792
15 0.44766355140186914 0.7818181818181817 0.11214953271028037 0.12987012987012986
3 0.8495327102803739 0.7558441558441559 0.037383177570093455 0.07792207792207792
0 0.9607476635514018 0.6233766233766234 0.018691588785046728 0.05194805194805195
0 0.9607476635514018 0.38961038961038963 0.018691588785046728 0.05194805194805195
0 0.9420560747663551 0.16883116883116878 0.018691588785046728 0.05194805194805195
0 0.5869158878504672 0.8311688311688312 0.018691588785046728 0.05194805194805195
0 0.19439252336448598 0.961038961038961 0.018691588785046728 0.05194805194805195
