14 0.3291338582677165 0.49230769230769234 0.09448818897637795 0.15384615384615385
11 0.8921259842519684 0.441025641025641 0.11811023622047244 0.20512820512820512
11 0.5299212598425197 0.6461538461538461 0.11811023622047244 0.20512820512820512
14 0.3606299212598425 0.7487179487179487 0.09448818897637795 0.15384615384615385
11 0.19921259842519684 0.441025641025641 0.11811023622047244 0.20512820512820512
2 0.6684724409448819 0.5435897435897435 0.031496062992125984 0.15384615384615385
3 0.7472440944881891 0.5435897435897435 0.031496062992125984 0.15384615384615385
5 0.6834645669291338 0.2615384615384615 0.031496062992125984 0.15384615384615385
0 0.7622047244094488 0.7692307692307692 0.015748031496062992 0.10256410256410256
0 0.9669291338582677 0.641025641025641 0.015748031496062992 0.10256410256410256
0 0.305511811023622 0.9230769230769231 0.015748031496062992 0.10256410256410256
