15 0.7679303278688525 0.5052631578947369 0.06147540983606557 0.2631578947368421
11 0.22182377049180327 0.34736842105263155 0.07684426229508197 0.21052631578947367
13 0.7751024590163935 0.8210526315789474 0.07684426229508197 0.21052631578947367
15 0.4503073770491804 0.4 0.06147540983606557 0.2631578947368421
11 0.6623975409836067 0.4 0.07684426229508197 0.21052631578947367
11 0.3447745901639344 0.2947368421052632 0.07684426229508197 0.21052631578947367
12 0.5496926229508197 0.4526315789473684 0.07684426229508197 0.21052631578947367
12 0.11936475409836067 0.34736842105263155 0.07684426229508197 0.21052631578947367
2 0.9369672131147543 0.6105263157894736 0.020491803278688523 0.15789473684210525
2 0.8857377049180329 0.34736842105263155 0.020491803278688523 0.15789473684210525
0 0.4139344262295082 0.631578947368421 0.010245901639344262 0.10526315789473684
0 0.30122950819672134 0.5 0.010245901639344262 0.10526315789473684
0 0.07581967213114756 0.5526315789473684 0.010245901639344262 0.10526315789473684
