13 0.6595959595959595 0.5824561403508772 0.15151515151515152 0.14035087719298245
12 0.8616161616161616 0.4421052631578948 0.15151515151515152 0.14035087719298245
12 0.4575757575757575 0.5473684210526315 0.15151515151515152 0.14035087719298245
11 0.25555555555555554 0.7578947368421053 0.15151515151515152 0.14035087719298245
11 0.8616161616161616 0.12631578947368427 0.15151515151515152 0.14035087719298245
6 0.8161616161616161 0.7403508771929824 0.04040404040404041 0.10526315789473684
2 0.6353131313131313 0.7929824561403509 0.04040404040404041 0.10526315789473684
3 0.22929292929292933 0.4421052631578948 0.04040404040404041 0.10526315789473684
0 0.2909090909090909 0.5789473684210527 0.020202020202020204 0.07017543859649122
0 0.6545454545454545 0.9473684210526316 0.020202020202020204 0.07017543859649122
0 0.9575757575757575 0.5789473684210527 0.020202020202020204 0.07017543859649122
0 0.9575757575757575 0.26315789473684215 0.020202020202020204 0.07017543859649122
