12 0.4944927536231884 0.4173913043478261 0.08696660482374768 0.17391304347826086
11 0.23942028985507244 0.24347826086956526 0.08696660482374768 0.17391304347826086
17 0.37623188405797103 0.4608695652173913 0.08116883116883117 0.30434782608695654
11 0.8886956521739131 0.33043478260869574 0.08696660482374768 0.17391304347826086
11 0.7379710144927537 0.37391304347826093 0.08696660482374768 0.17391304347826086
13 0.13507246376811594 0.20000000000000007 0.08696660482374768 0.17391304347826086
11 0.5988405797101449 0.37391304347826093 0.08696660482374768 0.17391304347826086
6 0.8973913043478261 0.7434782608695651 0.023191094619666047 0.13043478260869565
9 0.9321739130434783 0.7 0.023191094619666047 0.13043478260869565
1 0.8515710144927537 0.7217391304347827 0.023191094619666047 0.13043478260869565
0 0.8973913043478261 0.9347826086956522 0.011595547309833023 0.08695652173913043
0 0.3292753623188406 0.7608695652173914 0.011595547309833023 0.08695652173913043
0 0.688695652173913 0.5434782608695652 0.011595547309833023 0.08695652173913043
0 0.943768115942029 0.5 0.011595547309833023 0.08695652173913043
0 0.8394202898550726 0.5 0.011595547309833023 0.08695652173913043
0 0.08579710144927537 0.3695652173913043 0.011595547309833023 0.08695652173913043
