11 0.7645283018867924 0.4 0.11322463768115942 0.16666666666666666
12 0.1758490566037736 0.3583333333333334 0.11322463768115942 0.16666666666666666
16 0.3645283018867924 0.275 0.1736111111111111 0.4166666666666667
16 0.5758490566037736 0.44166666666666676 0.1736111111111111 0.4166666666666667
12 0.3343396226415094 0.775 0.11322463768115942 0.16666666666666666
6 0.8664150943396226 0.5041666666666667 0.030193236714975844 0.125
5 0.9116981132075471 0.4625 0.030193236714975844 0.125
0 0.270188679245283 0.9375 0.015096618357487922 0.08333333333333333
0 0.11169811320754718 0.5208333333333333 0.015096618357487922 0.08333333333333333
0 0.27773584905660376 0.5625 0.015096618357487922 0.08333333333333333
