15 0.42108843537414964 0.32340425531914896 0.08163265306122448 0.2127659574468085
12 0.7571428571428571 0.451063829787234 0.10204081632653061 0.1702127659574468
15 0.42108843537414964 0.7489361702127659 0.08163265306122448 0.2127659574468085
11 0.9068027210884354 0.4085106382978724 0.10204081632653061 0.1702127659574468
13 0.15850340136054422 0.32340425531914896 0.10204081632653061 0.1702127659574468
11 0.6074829931972789 0.4936170212765957 0.10204081632653061 0.1702127659574468
9 0.2707482993197279 0.32340425531914896 0.04081632653061224 0.0851063829787234
0 0.9714285714285715 0.574468085106383 0.013605442176870748 0.0851063829787234
0 0.4816326530612245 0.9361702127659575 0.013605442176870748 0.0851063829787234
0 0.3727891156462585 0.9361702127659575 0.013605442176870748 0.0851063829787234
0 0.3727891156462585 0.5106382978723405 0.013605442176870748 0.0851063829787234
0 0.6993197278911565 0.6170212765957447 0.013605442176870748 0.0851063829787234
0 0.5496598639455782 0.6595744680851063 0.013605442176870748 0.0851063829787234
0 0.10068027210884355 0.4893617021276596 0.013605442176870748 0.0851063829787234
