16 0.796031746031746 0.48750000000000004 0.18253968253968253 0.3125
12 0.5976190476190476 0.14375000000000004 0.11904761904761904 0.125
11 0.28015873015873016 0.70625 0.11904761904761904 0.125
12 0.12142857142857141 0.7375 0.11904761904761904 0.125
11 0.5976190476190476 0.42500000000000004 0.11904761904761904 0.125
12 0.7722222222222223 0.11250000000000004 0.11904761904761904 0.125
2 0.4198095238095238 0.51875 0.031746031746031744 0.09375
3 0.41984126984126985 0.70625 0.031746031746031744 0.09375
5 0.4349206349206349 0.34687500000000004 0.031746031746031744 0.09375
0 0.4349206349206349 0.84375 0.015873015873015872 0.0625
0 0.9111111111111111 0.703125 0.015873015873015872 0.0625
0 0.053968253968253964 0.859375 0.015873015873015872 0.0625
0 0.5301587301587302 0.265625 0.015873015873015872 0.0625
0 0.5301587301587302 0.546875 0.015873015873015872 0.0625
