13 0.8808695652173912 0.45333333333333337 0.13043478260869565 0.13333333333333333
11 0.25478260869565217 0.15333333333333343 0.13043478260869565 0.13333333333333333
15 0.2426086956521739 0.4866666666666667 0.10434782608695652 0.16666666666666666
11 0.42869565217391303 0.3866666666666667 0.13043478260869565 0.13333333333333333
10 0.5634782608695652 0.6366666666666667 0.034782608695652174 0.1
10 0.5634782608695652 0.43666666666666676 0.034782608695652174 0.1
1 0.6512695652173913 0.42000000000000004 0.034782608695652174 0.1
5 0.5634782608695652 0.8033333333333333 0.034782608695652174 0.1
5 0.72 0.43666666666666676 0.034782608695652174 0.1
0 0.5634782608695652 0.95 0.017391304347826087 0.06666666666666667
0 0.9634782608695652 0.5833333333333333 0.017391304347826087 0.06666666666666667
0 0.8069565217391305 0.5833333333333333 0.017391304347826087 0.06666666666666667
0 0.1808695652173913 0.2833333333333333 0.017391304347826087 0.06666666666666667
0 0.1808695652173913 0.6333333333333333 0.017391304347826087 0.06666666666666667
