16 0.18785714285714283 0.2774193548387097 0.16428571428571428 0.3225806451612903
12 0.7378571428571429 0.11612903225806459 0.10714285714285714 0.12903225806451613
16 0.5592857142857143 0.7612903225806451 0.16428571428571428 0.3225806451612903
11 0.39499999999999996 0.3096774193548387 0.10714285714285714 0.12903225806451613
11 0.5378571428571428 0.34193548387096784 0.10714285714285714 0.12903225806451613
10 0.82 0.5193548387096775 0.02857142857142857 0.0967741935483871
4 0.8921428571428572 0.6967741935483871 0.02857142857142857 0.0967741935483871
4 0.7635714285714286 0.5354838709677419 0.02857142857142857 0.0967741935483871
5 0.7057142857142857 0.7129032258064516 0.02857142857142857 0.0967741935483871
5 0.82 0.7129032258064516 0.02857142857142857 0.0967741935483871
0 0.82 0.9193548387096774 0.014285714285714285 0.06451612903225806
0 0.7771428571428571 0.3935483870967743 0.014285714285714285 0.06451612903225806
0 0.8057142857142857 0.24193548387096775 0.014285714285714285 0.06451612903225806
0 0.10571428571428572 0.5 0.014285714285714285 0.06451612903225806
0 0.33428571428571424 0.4354838709677419 0.014285714285714285 0.06451612903225806
