16 0.17651006711409395 0.42000000000000004 0.15436241610738255 0.3333333333333333
16 0.39127516778523486 0.6866666666666666 0.15436241610738255 0.3333333333333333
11 0.3711409395973154 0.3866666666666667 0.10067114093959731 0.13333333333333333
16 0.874496644295302 0.42000000000000004 0.15436241610738255 0.3333333333333333
6 0.5557046979865772 0.2366666666666667 0.026845637583892617 0.1
10 0.5557046979865772 0.40333333333333343 0.026845637583892617 0.1
2 0.6234630872483221 0.62 0.026845637583892617 0.1
1 0.6892885906040268 0.82 0.026845637583892617 0.1
4 0.568456375838926 0.82 0.026845637583892617 0.1
0 0.7302013422818792 0.95 0.013422818791946308 0.06666666666666667
0 0.9718120805369128 0.65 0.013422818791946308 0.06666666666666667
0 0.09932885906040269 0.65 0.013422818791946308 0.06666666666666667
