11 0.4006134969325153 0.5407407407407407 0.09202453987730061 0.14814814814814814
11 0.9159509202453988 0.28148148148148155 0.09202453987730061 0.14814814814814814
11 0.7932515337423314 0.5407407407407407 0.09202453987730061 0.14814814814814814
15 0.2570552147239264 0.6888888888888889 0.0736196319018405 0.18518518518518517
17 0.23865030674846624 0.31851851851851853 0.08588957055214724 0.25925925925925924
13 0.658282208588957 0.5777777777777777 0.09202453987730061 0.14814814814814814
11 0.5355828220858896 0.5407407407407407 0.09202453987730061 0.14814814814814814
9 0.8883435582822087 0.5962962962962963 0.024539877300613498 0.1111111111111111
10 0.1276073619631902 0.48518518518518516 0.024539877300613498 0.1111111111111111
3 0.07914110429447853 0.5037037037037038 0.024539877300613498 0.1111111111111111
0 0.04171779141104295 0.6851851851851851 0.012269938650306749 0.07407407407407407
0 0.9742331288343559 0.42592592592592593 0.012269938650306749 0.07407407407407407
0 0.34846625766871164 0.6851851851851851 0.012269938650306749 0.07407407407407407
0 0.7411042944785275 0.6851851851851851 0.012269938650306749 0.07407407407407407
0 0.2134969325153374 0.8518518518518519 0.012269938650306749 0.07407407407407407
