11 0.4664285714285714 0.624 0.10714285714285714 0.16
11 0.4664285714285714 0.864 0.10714285714285714 0.16
11 0.1807142857142857 0.784 0.10714285714285714 0.16
12 0.32357142857142857 0.744 0.10714285714285714 0.16
12 0.6235714285714286 0.704 0.10714285714285714 0.16
9 0.7914285714285714 0.524 0.02857142857142857 0.12
10 0.72 0.20400000000000007 0.02857142857142857 0.12
1 0.8050285714285714 0.18400000000000005 0.02857142857142857 0.12
4 0.8921428571428572 0.18400000000000005 0.02857142857142857 0.12
4 0.7778571428571429 0.704 0.02857142857142857 0.12
0 0.8485714285714285 0.33999999999999997 0.014285714285714285 0.08
0 0.5628571428571428 0.86 0.014285714285714285 0.08
