11 0.6879032258064516 0.4076923076923078 0.12096774193548387 0.15384615384615385
12 0.510483870967742 0.36923076923076925 0.12096774193548387 0.15384615384615385
14 0.1435483870967742 0.17692307692307696 0.0967741935483871 0.11538461538461539
11 0.8653225806451613 0.36923076923076925 0.12096774193548387 0.15384615384615385
9 0.34516129032258064 0.2730769230769231 0.03225806451612903 0.11538461538461539
1 0.8443870967741935 0.7538461538461538 0.03225806451612903 0.11538461538461539
2 0.263741935483871 0.25384615384615394 0.03225806451612903 0.11538461538461539
0 0.8290322580645161 0.9423076923076923 0.016129032258064516 0.07692307692307693
0 0.8290322580645161 0.5846153846153845 0.016129032258064516 0.07692307692307693
0 0.24838709677419354 0.46153846153846156 0.016129032258064516 0.07692307692307693
0 0.4419354838709677 0.5192307692307692 0.016129032258064516 0.07692307692307693
