12 0.2842987804878049 0.5578947368421052 0.11436413540713632 0.21052631578947367
12 0.2538109756097561 0.24210526315789482 0.11436413540713632 0.21052631578947367
12 0.11661585365853659 0.2947368421052632 0.11436413540713632 0.21052631578947367
11 0.6044207317073171 0.6105263157894736 0.11436413540713632 0.21052631578947367
15 0.4260670731707317 0.5052631578947369 0.09149130832570906 0.2631578947368421
11 0.7721036585365854 0.5578947368421052 0.11436413540713632 0.21052631578947367
1 0.9062195121951221 0.5578947368421052 0.030497102775236352 0.15789473684210525
0 0.05182926829268293 0.5 0.015248551387618176 0.10526315789473684
0 0.21951219512195125 0.7631578947368421 0.015248551387618176 0.10526315789473684
0 0.5396341463414634 0.8157894736842105 0.015248551387618176 0.10526315789473684
