17 0.6431818181818182 0.5335120643431636 0.10606060606060606 0.18776824034334763
11 0.2371212121212121 0.613941018766756 0.11363636363636363 0.1072961373390558
16 0.44166666666666665 0.6675603217158177 0.17424242424242425 0.26824034334763946
13 0.41893939393939394 0.34584450402144773 0.11363636363636363 0.1072961373390558
9 0.8393939393939394 0.7345844504021448 0.030303030303030304 0.08047210300429185
2 0.824969696969697 0.5871313672922251 0.030303030303030304 0.08047210300429185
1 0.824969696969697 0.3190348525469169 0.030303030303030304 0.08047210300429185
4 0.8250000000000001 0.1045576407506702 0.030303030303030304 0.08047210300429185
0 0.7636363636363637 0.2091152815013404 0.015151515151515152 0.0536480686695279
0 0.7636363636363637 0.4235924932975871 0.015151515151515152 0.0536480686695279
0 0.5818181818181818 0.7184986595174263 0.015151515151515152 0.0536480686695279
0 0.3545454545454545 0.8525469168900804 0.015151515151515152 0.0536480686695279
0 0.3545454545454545 0.45040214477211793 0.015151515151515152 0.0536480686695279
