16 0.1889367816091954 0.2930232558139535 0.16527737855705663 0.23255813953488372
11 0.555316091954023 0.2697674418604652 0.10778959471112388 0.09302325581395349
16 0.37571839080459773 0.24651162790697678 0.16527737855705663 0.23255813953488372
11 0.6989942528735632 0.24651162790697678 0.10778959471112388 0.09302325581395349
12 0.8714080459770116 0.08372093023255822 0.10778959471112388 0.09302325581395349
1 0.9116091954022989 0.45581395348837217 0.02874389192296637 0.06976744186046512
1 0.8397701149425288 0.6651162790697674 0.02874389192296637 0.06976744186046512
3 0.8397988505747127 0.2930232558139535 0.02874389192296637 0.06976744186046512
5 0.831896551724138 0.8744186046511628 0.04311583788444955 0.046511627906976744
0 0.882183908045977 0.9651162790697675 0.014371945961483185 0.046511627906976744
0 0.8534482758620691 0.7674418604651163 0.014371945961483185 0.046511627906976744
0 0.9252873563218392 0.5581395348837209 0.014371945961483185 0.046511627906976744
0 0.10632183908045978 0.4534883720930233 0.014371945961483185 0.046511627906976744
0 0.9396551724137933 0.17441860465116277 0.014371945961483185 0.046511627906976744
0 0.810344827586207 0.17441860465116277 0.014371945961483185 0.046511627906976744
