11 0.8765765765765765 0.5636363636363637 0.13513513513513514 0.12121212121212122
13 0.2099099099099099 0.38181818181818183 0.13513513513513514 0.12121212121212122
12 0.4081081081081081 0.1696969696969698 0.13513513513513514 0.12121212121212122
11 0.8405405405405405 0.8363636363636364 0.13513513513513514 0.12121212121212122
11 0.4081081081081081 0.35151515151515156 0.13513513513513514 0.12121212121212122
9 0.6918918918918918 0.7909090909090909 0.036036036036036036 0.09090909090909091
10 0.5477477477477477 0.7606060606060606 0.036036036036036036 0.09090909090909091
2 0.6747387387387388 0.4424242424242425 0.036036036036036036 0.09090909090909091
2 0.6747387387387388 0.6242424242424243 0.036036036036036036 0.09090909090909091
5 0.6018018018018018 0.30606060606060614 0.036036036036036036 0.09090909090909091
0 0.5477477477477477 0.9242424242424242 0.018018018018018018 0.06060606060606061
0 0.9261261261261261 0.9545454545454546 0.018018018018018018 0.06060606060606061
0 0.9621621621621621 0.6818181818181819 0.018018018018018018 0.06060606060606061
0 0.7999999999999999 0.6818181818181819 0.018018018018018018 0.06060606060606061
0 0.13333333333333333 0.5 0.018018018018018018 0.06060606060606061
