13 0.6452631578947368 0.7 0.15789473684210525 0.2222222222222222
12 0.8557894736842105 0.25555555555555554 0.15789473684210525 0.2222222222222222
14 0.18736842105263157 0.3666666666666667 0.12631578947368421 0.16666666666666666
14 0.5873684210526315 0.3111111111111111 0.12631578947368421 0.16666666666666666
10 0.84 0.7 0.06315789473684211 0.1111111111111111
4 0.3463157894736842 0.3666666666666667 0.042105263157894736 0.16666666666666666
5 0.4294736842105263 0.3388888888888889 0.042105263157894736 0.16666666666666666
0 0.4294736842105263 0.5833333333333333 0.021052631578947368 0.1111111111111111
0 0.9136842105263158 0.9166666666666666 0.021052631578947368 0.1111111111111111
0 0.9557894736842105 0.4722222222222222 0.021052631578947368 0.1111111111111111
0 0.5557894736842105 0.9166666666666666 0.021052631578947368 0.1111111111111111
