15 0.15869565217391304 0.8173374613003096 0.08695652173913043 0.15489467162329615
13 0.29927536231884055 0.848297213622291 0.10869565217391304 0.12391573729863693
11 0.5891304347826086 0.848297213622291 0.10869565217391304 0.12391573729863693
11 0.4442028985507246 0.8173374613003096 0.10869565217391304 0.12391573729863693
9 0.6869565217391305 0.6160990712074303 0.028985507246376812 0.09293680297397769
3 0.7746376811594203 0.13622291021671828 0.028985507246376812 0.09293680297397769
4 0.8891304347826086 0.13622291021671828 0.028985507246376812 0.09293680297397769
5 0.8318840579710145 0.1207430340557275 0.028985507246376812 0.09293680297397769
5 0.6869565217391305 0.8018575851393188 0.028985507246376812 0.09293680297397769
5 0.7884057971014492 0.43034055727554177 0.028985507246376812 0.09293680297397769
0 0.7304347826086957 0.2569659442724458 0.014492753623188406 0.061957868649318466
0 0.10724637681159421 0.9535603715170279 0.014492753623188406 0.061957868649318466
