12 0.19098360655737706 0.22469135802469142 0.12295081967213115 0.09876543209876543
17 0.8106557377049181 0.7925925925925925 0.11475409836065574 0.1728395061728395
15 0.8024590163934426 0.10123456790123464 0.09836065573770492 0.12345679012345678
14 0.3590163934426229 0.24938271604938278 0.09836065573770492 0.07407407407407407
11 0.8139344262295082 0.49629629629629635 0.12295081967213115 0.09876543209876543
11 0.8139344262295082 0.24938271604938278 0.12295081967213115 0.09876543209876543
13 0.5680327868852458 0.27407407407407414 0.12295081967213115 0.09876543209876543
6 0.5311475409836065 0.5827160493827162 0.03278688524590164 0.07407407407407407
6 0.5311475409836065 0.4345679012345679 0.03278688524590164 0.07407407407407407
0 0.5311475409836065 0.691358024691358 0.01639344262295082 0.04938271604938271
0 0.8918032786885246 0.962962962962963 0.01639344262295082 0.04938271604938271
0 0.8918032786885246 0.5925925925925926 0.01639344262295082 0.04938271604938271
0 0.8918032786885246 0.345679012345679 0.01639344262295082 0.04938271604938271
