12 0.13054607508532423 0.5071428571428571 0.12798634812286688 0.2857142857142857
15 0.28924914675767915 0.5785714285714285 0.10238907849829351 0.35714285714285715
14 0.8344709897610921 0.22142857142857142 0.10238907849829351 0.21428571428571427
12 0.6936860068259385 0.5071428571428571 0.12798634812286688 0.2857142857142857
11 0.523037542662116 0.5785714285714285 0.12798634812286688 0.2857142857142857
6 0.8088737201365187 0.6142857142857143 0.034129692832764506 0.21428571428571427
2 0.8950170648464164 0.5785714285714285 0.034129692832764506 0.21428571428571427
0 0.3651877133105802 0.8928571428571429 0.017064846416382253 0.14285714285714285
0 0.058020477815699655 0.7857142857142857 0.017064846416382253 0.14285714285714285
0 0.45051194539249145 0.8571428571428572 0.017064846416382253 0.14285714285714285
