11 0.20909090909090908 0.16442953020134232 0.12396694214876033 0.1342281879194631
17 0.23884297520661155 0.4664429530201343 0.11570247933884298 0.2348993288590604
14 0.8909090909090909 0.8355704697986577 0.09917355371900827 0.10067114093959731
13 0.7545454545454545 0.802013422818792 0.12396694214876033 0.1342281879194631
2 0.5363305785123967 0.5335570469798658 0.03305785123966942 0.10067114093959731
2 0.41904132231404956 0.1308724832214766 0.03305785123966942 0.10067114093959731
3 0.6173553719008263 0.8355704697986577 0.03305785123966942 0.10067114093959731
0 0.46942148760330576 0.2617449664429531 0.01652892561983471 0.06711409395973154
0 0.5520661157024793 0.6812080536912752 0.01652892561983471 0.06711409395973154
0 0.5520661157024793 0.38590604026845654 0.01652892561983471 0.06711409395973154
0 0.965289256198347 0.9496644295302014 0.01652892561983471 0.06711409395973154
0 0.171900826446281 0.697986577181208 0.01652892561983471 0.06711409395973154
