16 0.7336538461538461 0.18333333333333335 0.22115384615384615 0.2777777777777778
11 0.4740384615384615 0.7944444444444444 0.14423076923076922 0.1111111111111111
11 0.43557692307692303 0.6277777777777778 0.14423076923076922 0.1111111111111111
11 0.24326923076923074 0.6555555555555556 0.14423076923076922 0.1111111111111111
10 0.8730769230769231 0.6138888888888889 0.038461538461538464 0.08333333333333333
10 0.6230769230769231 0.6416666666666666 0.038461538461538464 0.08333333333333333
3 0.6990384615384614 0.6277777777777778 0.038461538461538464 0.08333333333333333
3 0.7971153846153847 0.6277777777777778 0.038461538461538464 0.08333333333333333
0 0.6807692307692308 0.7777777777777778 0.019230769230769232 0.05555555555555555
0 0.6807692307692308 0.5055555555555556 0.019230769230769232 0.05555555555555555
0 0.8730769230769231 0.375 0.019230769230769232 0.05555555555555555
0 0.6230769230769231 0.375 0.019230769230769232 0.05555555555555555
0 0.3923076923076923 0.9027777777777778 0.019230769230769232 0.05555555555555555
