11 0.9104575163398694 0.556923076923077 0.09803921568627451 0.12307692307692308
12 0.361437908496732 0.4338461538461539 0.09803921568627451 0.12307692307692308
16 0.1849673202614379 0.46461538461538465 0.1503267973856209 0.3076923076923077
11 0.5052287581699346 0.4338461538461539 0.09803921568627451 0.12307692307692308
14 0.5215686274509804 0.7415384615384615 0.0784313725490196 0.09230769230769231
1 0.7770980392156863 0.4953846153846154 0.026143790849673203 0.09230769230769231
1 0.7235555555555555 0.6492307692307693 0.026143790849673203 0.09230769230769231
1 0.7770980392156863 0.6492307692307693 0.026143790849673203 0.09230769230769231
4 0.6320261437908496 0.21846153846153848 0.026143790849673203 0.09230769230769231
0 0.7895424836601307 0.7846153846153846 0.013071895424836602 0.06153846153846154
0 0.6196078431372549 0.08307692307692316 0.013071895424836602 0.06153846153846154
0 0.6718954248366013 0.3384615384615385 0.013071895424836602 0.06153846153846154
0 0.9725490196078432 0.676923076923077 0.013071895424836602 0.06153846153846154
0 0.30588235294117644 0.5538461538461539 0.013071895424836602 0.06153846153846154
0 0.47581699346405226 0.8461538461538461 0.013071895424836602 0.06153846153846154
