11 0.6185671039354188 0.7929824561403509 0.15139281388776746 0.14035087719298245
11 0.8607467204843593 0.12631578947368427 0.15139281388776746 0.14035087719298245
14 0.805247225025227 0.4421052631578948 0.12111425111021397 0.10526315789473684
14 0.1796165489404642 0.9333333333333333 0.12111425111021397 0.10526315789473684
12 0.19475277497477297 0.7578947368421053 0.15139281388776746 0.14035087719298245
12 0.39656912209889 0.8280701754385965 0.15139281388776746 0.14035087719298245
6 0.875882946518668 0.7403508771929824 0.04037141703673799 0.10526315789473684
1 0.796125126135217 0.7228070175438597 0.04037141703673799 0.10526315789473684
0 0.875882946518668 0.8947368421052632 0.020185708518368994 0.07017543859649122
0 0.8960645812310798 0.5614035087719298 0.020185708518368994 0.07017543859649122
0 0.9566094853683148 0.26315789473684215 0.020185708518368994 0.07017543859649122
0 0.7749747729566095 0.26315789473684215 0.020185708518368994 0.07017543859649122
0 0.5327951564076691 0.9298245614035088 0.020185708518368994 0.07017543859649122
