11 0.8364140480591497 0.3690140845070423 0.13863216266173753 0.11267605633802817
12 0.6146025878003697 0.847887323943662 0.13863216266173753 0.11267605633802817
16 0.8271719038817006 0.7070422535211267 0.21256931608133087 0.28169014084507044
11 0.577634011090573 0.6788732394366197 0.13863216266173753 0.11267605633802817
6 0.2587800369685767 0.21408450704225357 0.036968576709796676 0.08450704225352113
10 0.36968576709796674 0.8338028169014085 0.036968576709796676 0.08450704225352113
2 0.35208872458410356 0.3690140845070423 0.036968576709796676 0.08450704225352113
2 0.2411829944547135 0.819718309859155 0.036968576709796676 0.08450704225352113
4 0.1654343807763401 0.6225352112676057 0.036968576709796676 0.08450704225352113
3 0.09149722735674677 0.20000000000000007 0.036968576709796676 0.08450704225352113
0 0.36968576709796674 0.9577464788732395 0.018484288354898338 0.056338028169014086
0 0.07393715341959334 0.07605633802816913 0.018484288354898338 0.056338028169014086
0 0.42513863216266173 0.47887323943661975 0.018484288354898338 0.056338028169014086
0 0.9611829944547134 0.9014084507042254 0.018484288354898338 0.056338028169014086
0 0.9242144177449167 0.47887323943661975 0.018484288354898338 0.056338028169014086
0 0.7578558225508317 0.47887323943661975 0.018484288354898338 0.056338028169014086
0 0.5360443622920518 0.9577464788732395 0.018484288354898338 0.056338028169014086
