11 0.9014388489208633 0.12857142857142867 0.1079136690647482 0.14285714285714285
14 0.7467625899280576 0.48571428571428565 0.08633093525179857 0.10714285714285714
15 0.6179856115107915 0.5214285714285714 0.08633093525179857 0.17857142857142858
13 0.2827338129496403 0.8071428571428572 0.1079136690647482 0.14285714285714285
11 0.8726618705035972 0.45000000000000007 0.1079136690647482 0.14285714285714285
17 0.10719424460431655 0.6642857142857143 0.10071942446043165 0.25
11 0.2827338129496403 0.48571428571428577 0.1079136690647482 0.14285714285714285
2 0.4367194244604316 0.5571428571428572 0.02877697841726619 0.10714285714285714
2 0.494273381294964 0.7714285714285714 0.02877697841726619 0.10714285714285714
0 0.4805755395683453 0.9285714285714286 0.014388489208633094 0.07142857142857142
0 0.9410071942446044 0.5892857142857143 0.014388489208633094 0.07142857142857142
0 0.9697841726618706 0.2678571428571429 0.014388489208633094 0.07142857142857142
0 0.8402877697841726 0.2678571428571429 0.014388489208633094 0.07142857142857142
0 0.22158273381294966 0.9464285714285714 0.014388489208633094 0.07142857142857142
0 0.04892086330935252 0.9107142857142857 0.014388489208633094 0.07142857142857142
0 0.22158273381294966 0.625 0.014388489208633094 0.07142857142857142
