12 0.16428571428571426 0.6272727272727273 0.09740259740259741 0.09090909090909091
17 0.4344155844155845 0.8090909090909091 0.09090909090909091 0.1590909090909091
15 0.2850649350649351 0.6727272727272728 0.07792207792207792 0.11363636363636363
16 0.5863636363636363 0.7636363636363637 0.14935064935064934 0.22727272727272727
11 0.7746753246753246 0.0818181818181819 0.09740259740259741 0.09090909090909091
1 0.901922077922078 0.7181818181818183 0.025974025974025976 0.06818181818181818
2 0.901922077922078 0.8318181818181818 0.025974025974025976 0.06818181818181818
2 0.7330909090909091 0.46818181818181825 0.025974025974025976 0.06818181818181818
3 0.8097402597402596 0.2863636363636364 0.025974025974025976 0.06818181818181818
5 0.7454545454545455 0.5931818181818183 0.025974025974025976 0.06818181818181818
0 0.9142857142857144 0.9318181818181819 0.012987012987012988 0.045454545454545456
0 0.8493506493506494 0.375 0.012987012987012988 0.045454545454545456
0 0.3818181818181818 0.9659090909090909 0.012987012987012988 0.045454545454545456
0 0.8363636363636364 0.17045454545454541 0.012987012987012988 0.045454545454545456
0 0.7194805194805195 0.17045454545454541 0.012987012987012988 0.045454545454545456
