15 0.6761538461538462 0.5478260869565217 0.09230769230769231 0.21739130434782608
11 0.8561538461538462 0.24347826086956526 0.11538461538461539 0.17391304347826086
14 0.8446153846153845 0.5043478260869565 0.09230769230769231 0.13043478260869565
11 0.17923076923076925 0.6347826086956522 0.11538461538461539 0.17391304347826086
11 0.6869230769230769 0.24347826086956526 0.11538461538461539 0.17391304347826086
9 0.37538461538461537 0.8739130434782608 0.03076923076923077 0.13043478260869565
2 0.4376615384615385 0.5043478260869565 0.03076923076923077 0.13043478260869565
1 0.31310769230769225 0.5043478260869565 0.03076923076923077 0.13043478260869565
3 0.5453846153846155 0.24347826086956526 0.03076923076923077 0.13043478260869565
0 0.48307692307692307 0.6739130434782609 0.015384615384615385 0.08695652173913043
0 0.9138461538461539 0.6521739130434783 0.015384615384615385 0.08695652173913043
0 0.11384615384615385 0.8043478260869565 0.015384615384615385 0.08695652173913043
