16 0.5610294117647059 0.6200000000000001 0.16911764705882354 0.3333333333333333
13 0.39191176470588235 0.45333333333333337 0.11029411764705882 0.13333333333333333
16 0.20808823529411763 0.5533333333333335 0.16911764705882354 0.3333333333333333
12 0.39191176470588235 0.6533333333333333 0.11029411764705882 0.13333333333333333
9 0.7852941176470588 0.37 0.029411764705882353 0.1
10 0.7852941176470588 0.5366666666666666 0.029411764705882353 0.1
1 0.8448235294117648 0.18666666666666676 0.029411764705882353 0.1
1 0.7712941176470588 0.72 0.029411764705882353 0.1
5 0.711764705882353 0.17000000000000004 0.029411764705882353 0.1
0 0.7852941176470588 0.8666666666666667 0.014705882352941176 0.06666666666666667
