17 0.14318181818181816 0.5928571428571429 0.10606060606060606 0.25
11 0.5098484848484848 0.45000000000000007 0.11363636363636363 0.14285714285714285
14 0.34696969696969693 0.5214285714285714 0.09090909090909091 0.10714285714285714
12 0.8431818181818181 0.16428571428571437 0.11363636363636363 0.14285714285714285
13 0.6613636363636364 0.41428571428571437 0.11363636363636363 0.14285714285714285
11 0.35833333333333334 0.8071428571428572 0.11363636363636363 0.14285714285714285
11 0.328030303030303 0.30714285714285716 0.11363636363636363 0.14285714285714285
3 0.7946969696969698 0.48571428571428565 0.030303030303030304 0.10714285714285714
0 0.29393939393939394 0.9464285714285714 0.015151515151515152 0.07142857142857142
0 0.29393939393939394 0.6428571428571428 0.015151515151515152 0.07142857142857142
0 0.9151515151515152 0.3035714285714286 0.015151515151515152 0.07142857142857142
0 0.7787878787878788 0.3035714285714286 0.015151515151515152 0.07142857142857142
