13 0.8985185185185186 0.6442307692307692 0.1111111111111111 0.19230769230769232
15 0.5770370370370371 0.6442307692307692 0.08888888888888889 0.2403846153846154
11 0.1725925925925926 0.5480769230769231 0.1111111111111111 0.19230769230769232
15 0.7251851851851853 0.6442307692307692 0.08888888888888889 0.2403846153846154
9 0.3022222222222222 0.1875000000000001 0.02962962962962963 0.14423076923076922
1 0.3621925925925926 0.45192307692307687 0.02962962962962963 0.14423076923076922
4 0.4659259259259259 0.45192307692307687 0.02962962962962963 0.14423076923076922
0 0.4207407407407407 0.6394230769230769 0.014814814814814815 0.09615384615384616
0 0.968888888888889 0.8317307692307693 0.014814814814814815 0.09615384615384616
0 0.7911111111111111 0.8557692307692308 0.014814814814814815 0.09615384615384616
0 0.10962962962962963 0.7355769230769231 0.014814814814814815 0.09615384615384616
