13 0.8557894736842105 0.5333333333333333 0.15789473684210525 0.2222222222222222
15 0.3989473684210526 0.3111111111111111 0.12631578947368421 0.2777777777777778
14 0.18736842105263157 0.25555555555555554 0.12631578947368421 0.16666666666666666
6 0.5347368421052632 0.6166666666666667 0.042105263157894736 0.16666666666666666
4 0.6410526315789473 0.5888888888888888 0.042105263157894736 0.16666666666666666
5 0.5347368421052632 0.2833333333333333 0.042105263157894736 0.16666666666666666
0 0.5347368421052632 0.9166666666666666 0.021052631578947368 0.1111111111111111
0 0.9557894736842105 0.75 0.021052631578947368 0.1111111111111111
0 0.7663157894736842 0.75 0.021052631578947368 0.1111111111111111
0 0.3242105263157895 0.5555555555555556 0.021052631578947368 0.1111111111111111
