14 0.5365384615384615 0.8693333333333333 0.11538461538461539 0.08
11 0.5509615384615384 0.3626666666666667 0.14423076923076922 0.10666666666666667
15 0.49903846153846154 0.6293333333333333 0.11538461538461539 0.13333333333333333
11 0.26249999999999996 0.6293333333333333 0.14423076923076922 0.10666666666666667
11 0.5509615384615384 0.09600000000000009 0.14423076923076922 0.10666666666666667
6 0.7576923076923077 0.5893333333333334 0.038461538461538464 0.08
9 0.8538461538461538 0.5626666666666666 0.038461538461538464 0.08
4 0.8355769230769231 0.41600000000000004 0.038461538461538464 0.08
0 0.5846153846153845 0.7466666666666666 0.019230769230769232 0.05333333333333334
0 0.46923076923076923 0.96 0.019230769230769232 0.05333333333333334
0 0.46923076923076923 0.4666666666666667 0.019230769230769232 0.05333333333333334
0 0.18076923076923077 0.7333333333333334 0.019230769230769232 0.05333333333333334
0 0.46923076923076923 0.19999999999999996 0.019230769230769232 0.05333333333333334
