17 0.5422413793103448 0.6347826086956522 0.1206896551724138 0.30434782608695654
17 0.1629310344827586 0.6347826086956522 0.1206896551724138 0.30434782608695654
11 0.3732758620689655 0.4173913043478261 0.12931034482758622 0.17391304347826086
14 0.5327586206896552 0.28695652173913044 0.10344827586206896 0.13043478260869565
14 0.3258620689655172 0.808695652173913 0.10344827586206896 0.13043478260869565
6 0.8344827586206897 0.22173913043478266 0.034482758620689655 0.13043478260869565
9 0.8862068965517241 0.26521739130434785 0.034482758620689655 0.13043478260869565
2 0.8180689655172414 0.5478260869565217 0.034482758620689655 0.13043478260869565
3 0.7491379310344828 0.24347826086956526 0.034482758620689655 0.13043478260869565
5 0.6793103448275862 0.5695652173913044 0.034482758620689655 0.13043478260869565
0 0.8344827586206897 0.7391304347826086 0.017241379310344827 0.08695652173913043
0 0.3 0.5869565217391304 0.017241379310344827 0.08695652173913043
