11 0.5329411764705883 0.12413793103448278 0.17647058823529413 0.13793103448275862
11 0.58 0.7793103448275862 0.17647058823529413 0.13793103448275862
12 0.8623529411764705 0.19310344827586212 0.17647058823529413 0.13793103448275862
11 0.2976470588235294 0.29655172413793107 0.17647058823529413 0.13793103448275862
14 0.5152941176470588 0.3310344827586207 0.1411764705882353 0.10344827586206896
6 0.7976470588235294 0.46896551724137936 0.07058823529411765 0.06896551724137931
2 0.8105411764705882 0.7793103448275862 0.047058823529411764 0.10344827586206896
0 0.8329411764705882 0.9310344827586207 0.023529411764705882 0.06896551724137931
0 0.88 0.603448275862069 0.023529411764705882 0.06896551724137931
0 0.48 0.9137931034482758 0.023529411764705882 0.06896551724137931
0 0.7623529411764706 0.3275862068965517 0.023529411764705882 0.06896551724137931
