11 0.523037542662116 0.275 0.12798634812286688 0.16666666666666666
15 0.5110921501706485 0.5666666666666667 0.10238907849829351 0.20833333333333334
15 0.3404436860068259 0.275 0.10238907849829351 0.20833333333333334
15 0.18686006825938564 0.275 0.10238907849829351 0.20833333333333334
2 0.6902389078498293 0.275 0.034129692832764506 0.125
2 0.8950170648464164 0.7333333333333334 0.034129692832764506 0.125
1 0.7926279863481228 0.7333333333333334 0.034129692832764506 0.125
0 0.8430034129692833 0.9375 0.017064846416382253 0.08333333333333333
0 0.9112627986348122 0.55 0.017064846416382253 0.08333333333333333
0 0.12627986348122866 0.45833333333333337 0.017064846416382253 0.08333333333333333
