14 0.8921985815602838 0.8150943396226416 0.0851063829787234 0.11320754716981132
12 0.7468085106382979 0.4377358490566038 0.10638297872340426 0.1509433962264151
12 0.39219858156028364 0.24905660377358496 0.10638297872340426 0.1509433962264151
11 0.20780141843971628 0.6264150943396226 0.10638297872340426 0.1509433962264151
15 0.35390070921985817 0.6264150943396226 0.0851063829787234 0.18867924528301888
12 0.9028368794326241 0.47547169811320755 0.10638297872340426 0.1509433962264151
13 0.9028368794326241 0.13584905660377367 0.10638297872340426 0.1509433962264151
6 0.5730496453900709 0.38113207547169814 0.028368794326241134 0.11320754716981132
2 0.5156312056737589 0.6264150943396226 0.028368794326241134 0.11320754716981132
4 0.6304964539007093 0.6264150943396226 0.028368794326241134 0.11320754716981132
0 0.9560283687943263 0.9433962264150944 0.014184397163120567 0.07547169811320754
0 0.9702127659574469 0.6226415094339622 0.014184397163120567 0.07547169811320754
0 0.41702127659574467 0.7924528301886793 0.014184397163120567 0.07547169811320754
0 0.9702127659574469 0.28301886792452835 0.014184397163120567 0.07547169811320754
0 0.33191489361702126 0.39622641509433965 0.014184397163120567 0.07547169811320754
0 0.14751773049645392 0.7735849056603774 0.014184397163120567 0.07547169811320754
