14 0.8180555555555555 0.09841269841269851 0.08333333333333333 0.09523809523809523
17 0.38125 0.7333333333333334 0.09722222222222222 0.2222222222222222
12 0.8284722222222222 0.25714285714285723 0.10416666666666667 0.12698412698412698
11 0.8562500000000001 0.4476190476190477 0.10416666666666667 0.12698412698412698
11 0.2173611111111111 0.638095238095238 0.10416666666666667 0.12698412698412698
11 0.24513888888888888 0.8285714285714285 0.10416666666666667 0.12698412698412698
11 0.6756944444444444 0.6063492063492064 0.10416666666666667 0.12698412698412698
17 0.5340277777777778 0.5746031746031747 0.09722222222222222 0.2222222222222222
2 0.8117777777777778 0.7333333333333334 0.027777777777777776 0.09523809523809523
0 0.9222222222222223 0.5714285714285714 0.013888888888888888 0.06349206349206349
0 0.7972222222222222 0.5714285714285714 0.013888888888888888 0.06349206349206349
0 0.18611111111111112 0.9523809523809523 0.013888888888888888 0.06349206349206349
