12 0.5831081081081081 0.7157894736842105 0.10135135135135136 0.21052631578947367
11 0.5628378378378378 0.4 0.10135135135135136 0.21052631578947367
15 0.2831081081081081 0.34736842105263155 0.08108108108108109 0.2631578947368421
12 0.42770270270270266 0.4526315789473684 0.10135135135135136 0.21052631578947367
13 0.15743243243243243 0.2947368421052632 0.10135135135135136 0.21052631578947367
6 0.9108108108108108 0.5842105263157895 0.02702702702702703 0.15789473684210525
1 0.8574054054054054 0.6105263157894736 0.02702702702702703 0.15789473684210525
3 0.7209459459459459 0.6105263157894736 0.02702702702702703 0.15789473684210525
3 0.789864864864865 0.6105263157894736 0.02702702702702703 0.15789473684210525
0 0.5256756756756756 0.9210526315789473 0.013513513513513514 0.10526315789473684
0 0.1 0.5 0.013513513513513514 0.10526315789473684
