11 0.8829059829059829 0.4307692307692308 0.1282051282051282 0.3076923076923077
11 0.6948717948717948 0.5076923076923077 0.1282051282051282 0.3076923076923077
11 0.4897435897435897 0.5846153846153845 0.1282051282051282 0.3076923076923077
15 0.15299145299145298 0.4307692307692308 0.10256410256410256 0.38461538461538464
9 0.3145299145299145 0.46923076923076923 0.03418803418803419 0.23076923076923078
10 0.2632478632478632 0.46923076923076923 0.03418803418803419 0.23076923076923078
0 0.26324786324786326 0.8076923076923077 0.017094017094017096 0.15384615384615385
0 0.9641025641025641 0.7307692307692308 0.017094017094017096 0.15384615384615385
0 0.8102564102564103 0.7307692307692308 0.017094017094017096 0.15384615384615385
0 0.41709401709401706 0.8846153846153846 0.017094017094017096 0.15384615384615385
0 0.6222222222222222 0.8076923076923077 0.017094017094017096 0.15384615384615385
