12 0.7862275449101797 0.5750528541226215 0.08982035928143713 0.1692047377326565
14 0.5497005988023952 0.32135306553911214 0.0718562874251497 0.12690355329949238
11 0.9179640718562875 0.5327695560253699 0.08982035928143713 0.1692047377326565
12 0.13952095808383233 0.36363636363636365 0.08982035928143713 0.1692047377326565
17 0.6640718562874252 0.5327695560253699 0.08383233532934131 0.2961082910321489
11 0.45089820359281435 0.32135306553911214 0.08982035928143713 0.1692047377326565
10 0.24431137724550897 0.2156448202959832 0.023952095808383235 0.12690355329949238
10 0.3401197604790419 0.4693446088794926 0.023952095808383235 0.12690355329949238
1 0.2916407185628742 0.4482029598308668 0.023952095808383235 0.12690355329949238
5 0.8910179640718564 0.8921775898520085 0.023952095808383235 0.12690355329949238
0 0.3401197604790419 0.6553911205073994 0.011976047904191617 0.08460236886632826
0 0.9748502994011977 0.6976744186046511 0.011976047904191617 0.08460236886632826
0 0.08862275449101797 0.5285412262156447 0.011976047904191617 0.08460236886632826
