11 0.18440233236151604 0.8137931034482758 0.10936132983377078 0.13793103448275862
16 0.6435860058309039 0.22758620689655173 0.16768737241178186 0.3448275862068966
11 0.6508746355685131 0.7103448275862069 0.10936132983377078 0.13793103448275862
12 0.3447521865889213 0.7793103448275862 0.10936132983377078 0.13793103448275862
11 0.47594752186588923 0.7448275862068965 0.10936132983377078 0.13793103448275862
6 0.7784256559766765 0.2793103448275862 0.029163021289005542 0.10344827586206896
10 0.8513119533527698 0.796551724137931 0.029163021289005542 0.10344827586206896
1 0.9103206997084549 0.7793103448275862 0.029163021289005542 0.10344827586206896
3 0.837463556851312 0.46896551724137936 0.029163021289005542 0.10344827586206896
0 0.9241982507288631 0.9310344827586207 0.014581510644502771 0.06896551724137931
0 0.9241982507288631 0.6275862068965516 0.014581510644502771 0.06896551724137931
0 0.5889212827988338 0.8448275862068966 0.014581510644502771 0.06896551724137931
0 0.282798833819242 0.9137931034482758 0.014581510644502771 0.06896551724137931
