11 0.270625 0.4 0.09375 0.16666666666666666
15 0.436875 0.5666666666666667 0.075 0.20833333333333334
12 0.145625 0.3583333333333334 0.09375 0.16666666666666666
11 0.683125 0.5249999999999999 0.09375 0.16666666666666666
11 0.558125 0.4833333333333333 0.09375 0.16666666666666666
16 0.289375 0.775 0.14375 0.4166666666666667
10 0.78 0.4208333333333333 0.025 0.125
1 0.8544 0.19166666666666676 0.025 0.125
3 0.905625 0.19166666666666676 0.025 0.125
4 0.8306250000000001 0.44166666666666665 0.025 0.125
0 0.8425 0.625 0.0125 0.08333333333333333
0 0.0925 0.5208333333333333 0.0125 0.08333333333333333
