12 0.6941666666666666 0.30000000000000004 0.125 0.09523809523809523
17 0.2075 0.4904761904761905 0.11666666666666667 0.16666666666666666
17 0.2075 0.2047619047619048 0.11666666666666667 0.16666666666666666
14 0.5316666666666666 0.3238095238095239 0.1 0.07142857142857142
11 0.39416666666666667 0.30000000000000004 0.125 0.09523809523809523
6 0.8566666666666667 0.47857142857142865 0.03333333333333333 0.07142857142857142
6 0.8566666666666667 0.5976190476190477 0.03333333333333333 0.07142857142857142
10 0.8566666666666667 0.8357142857142857 0.03333333333333333 0.07142857142857142
1 0.8408 0.3476190476190476 0.03333333333333333 0.07142857142857142
4 0.8724999999999999 0.7285714285714285 0.03333333333333333 0.07142857142857142
0 0.8566666666666667 0.9404761904761905 0.016666666666666666 0.047619047619047616
0 0.22333333333333333 0.6547619047619048 0.016666666666666666 0.047619047619047616
