15 0.349124613800206 0.4956521739130435 0.12360939431396786 0.14492753623188406
15 0.349124613800206 0.7855072463768116 0.12360939431396786 0.14492753623188406
9 0.811534500514933 0.5971014492753624 0.04120313143798929 0.08695652173913043
9 0.8733264675592173 0.6260869565217391 0.04120313143798929 0.08695652173913043
2 0.6457672502574665 0.6115942028985507 0.04120313143798929 0.08695652173913043
3 0.6457260556127703 0.20579710144927543 0.04120313143798929 0.08695652173913043
3 0.7301750772399589 0.35072463768115947 0.04120313143798929 0.08695652173913043
0 0.811534500514933 0.782608695652174 0.020601565718994644 0.057971014492753624
0 0.7497425334706488 0.4782608695652174 0.020601565718994644 0.057971014492753624
0 0.6261585993820803 0.0782608695652175 0.020601565718994644 0.057971014492753624
0 0.2760041194644696 0.9130434782608696 0.020601565718994644 0.057971014492753624
0 0.2760041194644696 0.6231884057971014 0.020601565718994644 0.057971014492753624
