11 0.6124999999999999 0.5478260869565217 0.11029411764705882 0.17391304347826086
12 0.18602941176470586 0.20000000000000007 0.11029411764705882 0.17391304347826086
14 0.6014705882352941 0.7652173913043478 0.08823529411764706 0.13043478260869565
17 0.7566176470588236 0.6347826086956522 0.10294117647058823 0.30434782608695654
6 0.2852941176470588 0.26521739130434785 0.029411764705882353 0.13043478260869565
6 0.43235294117647055 0.30869565217391315 0.029411764705882353 0.13043478260869565
9 0.49117647058823527 0.5260869565217391 0.029411764705882353 0.13043478260869565
10 0.8808823529411764 0.6347826086956522 0.04411764705882353 0.08695652173913043
2 0.3595294117647059 0.24347826086956526 0.029411764705882353 0.13043478260869565
5 0.43235294117647055 0.5260869565217391 0.029411764705882353 0.13043478260869565
0 0.2852941176470588 0.5 0.014705882352941176 0.08695652173913043
0 0.43235294117647055 0.7173913043478262 0.014705882352941176 0.08695652173913043
