11 0.5340425531914893 0.2533333333333334 0.10638297872340426 0.13333333333333333
16 0.8673758865248228 0.22000000000000008 0.16312056737588654 0.3333333333333333
17 0.10567375886524823 0.42000000000000004 0.09929078014184398 0.23333333333333334
11 0.6900709219858155 0.28666666666666674 0.10638297872340426 0.13333333333333333
6 0.28936170212765955 0.33666666666666667 0.028368794326241134 0.1
9 0.4312056737588652 0.5700000000000001 0.028368794326241134 0.1
9 0.4312056737588652 0.77 0.028368794326241134 0.1
9 0.24680851063829784 0.77 0.028368794326241134 0.1
1 0.3751489361702128 0.3533333333333334 0.028368794326241134 0.1
4 0.3028368794326241 0.7866666666666666 0.028368794326241134 0.1
0 0.24680851063829784 0.95 0.014184397163120567 0.06666666666666667
0 0.6297872340425532 0.41666666666666663 0.014184397163120567 0.06666666666666667
0 0.9702127659574469 0.44999999999999996 0.014184397163120567 0.06666666666666667
0 0.7858156028368795 0.44999999999999996 0.014184397163120567 0.06666666666666667
0 0.04822695035460993 0.65 0.014184397163120567 0.06666666666666667
