15 0.19042553191489361 0.18666666666666676 0.1276595744680851 0.16666666666666666
6 0.5404255319148936 0.8033333333333333 0.0425531914893617 0.1
6 0.6468085106382978 0.30333333333333334 0.0425531914893617 0.1
10 0.5404255319148936 0.33666666666666667 0.0425531914893617 0.1
2 0.6265531914893617 0.4866666666666667 0.0425531914893617 0.1
2 0.4127659574468085 0.38506666666666667 0.06382978723404255 0.06666666666666667
1 0.4127659574468085 0.22160000000000013 0.06382978723404255 0.06666666666666667
4 0.7755319148936171 0.32000000000000006 0.0425531914893617 0.1
5 0.6468085106382978 0.8033333333333333 0.0425531914893617 0.1
0 0.5404255319148936 0.95 0.02127659574468085 0.06666666666666667
0 0.7957446808510638 0.17333333333333345 0.02127659574468085 0.06666666666666667
0 0.7106382978723403 0.6166666666666667 0.02127659574468085 0.06666666666666667
0 0.2851063829787234 0.33333333333333337 0.02127659574468085 0.06666666666666667
