12 0.5939922480620154 0.384 0.14534883720930233 0.16
11 0.8265503875968991 0.384 0.14534883720930233 0.16
12 0.40019379844961234 0.3440000000000001 0.14534883720930233 0.16
11 0.187015503875969 0.384 0.14534883720930233 0.16
13 0.7877906976744186 0.14400000000000002 0.14534883720930233 0.16
6 0.7635658914728681 0.764 0.03875968992248062 0.12
2 0.8807751937984496 0.744 0.03875968992248062 0.12
0 0.821705426356589 0.9 0.01937984496124031 0.08
0 0.9186046511627907 0.54 0.01937984496124031 0.08
0 0.7441860465116279 0.54 0.01937984496124031 0.08
0 0.31782945736434104 0.5 0.01937984496124031 0.08
