15 0.5798387096774194 0.6916666666666667 0.0967741935483871 0.20833333333333334
13 0.5588709677419355 0.4 0.12096774193548387 0.16666666666666666
11 0.23629032258064514 0.5666666666666667 0.12096774193548387 0.16666666666666666
13 0.3975806451612903 0.6083333333333334 0.12096774193548387 0.16666666666666666
9 0.7 0.4625 0.03225806451612903 0.125
2 0.8298064516129032 0.4833333333333333 0.03225806451612903 0.125
4 0.7637096774193547 0.2333333333333334 0.03225806451612903 0.125
0 0.8451612903225806 0.6875 0.016129032258064516 0.08333333333333333
0 0.5225806451612903 0.875 0.016129032258064516 0.08333333333333333
0 0.16774193548387098 0.7291666666666667 0.016129032258064516 0.08333333333333333
