17 0.7775157232704403 0.704 0.11006289308176101 0.28
11 0.5919811320754716 0.18400000000000005 0.1179245283018868 0.16
16 0.20676100628930816 0.6639999999999999 0.18081761006289307 0.4
13 0.17531446540880502 0.18400000000000005 0.1179245283018868 0.16
12 0.6234276729559748 0.784 0.1179245283018868 0.16
11 0.6234276729559748 0.42400000000000004 0.1179245283018868 0.16
11 0.43474842767295596 0.46399999999999997 0.1179245283018868 0.16
4 0.9033018867924528 0.704 0.031446540880503145 0.12
0 0.11635220125786164 0.94 0.015723270440251572 0.08
0 0.10849056603773585 0.33999999999999997 0.015723270440251572 0.08
0 0.5566037735849056 0.94 0.015723270440251572 0.08
0 0.5566037735849056 0.5800000000000001 0.015723270440251572 0.08
0 0.36792452830188677 0.62 0.015723270440251572 0.08
