11 0.39499999999999996 0.6492537313432836 0.10714285714285714 0.14925373134328357
11 0.5378571428571428 0.4626865671641792 0.10714285714285714 0.14925373134328357
16 0.18785714285714283 0.6865671641791045 0.16428571428571428 0.373134328358209
14 0.6842857142857143 0.23880597014925375 0.08571428571428572 0.11194029850746269
11 0.695 0.4253731343283583 0.10714285714285714 0.14925373134328357
11 0.39499999999999996 0.31343283582089554 0.10714285714285714 0.14925373134328357
9 0.9057142857142858 0.14552238805970152 0.02857142857142857 0.11194029850746269
1 0.8921142857142857 0.38805970149253743 0.02857142857142857 0.11194029850746269
3 0.8350000000000001 0.38805970149253743 0.02857142857142857 0.11194029850746269
0 0.8485714285714285 0.5522388059701493 0.014285714285714285 0.07462686567164178
0 0.33428571428571424 0.7947761194029851 0.014285714285714285 0.07462686567164178
0 0.33428571428571424 0.45895522388059706 0.014285714285714285 0.07462686567164178
0 0.10571428571428572 0.9440298507462687 0.014285714285714285 0.07462686567164178
