11 0.46696428571428567 0.6742857142857143 0.13392857142857142 0.11428571428571428
11 0.22589285714285712 0.24571428571428577 0.13392857142857142 0.11428571428571428
16 0.46696428571428567 0.41714285714285715 0.20535714285714285 0.2857142857142857
11 0.4401785714285714 0.16000000000000003 0.13392857142857142 0.11428571428571428
9 0.775 0.8028571428571428 0.03571428571428571 0.08571428571428572
10 0.6678571428571428 0.5171428571428571 0.03571428571428571 0.08571428571428572
10 0.7214285714285714 0.37428571428571433 0.03571428571428571 0.08571428571428572
1 0.8651428571428571 0.5028571428571429 0.03571428571428571 0.08571428571428572
2 0.7919999999999999 0.5028571428571429 0.03571428571428571 0.08571428571428572
5 0.6678571428571428 0.8314285714285714 0.03571428571428571 0.08571428571428572
0 0.6678571428571428 0.9571428571428572 0.017857142857142856 0.05714285714285714
0 0.8821428571428571 0.6571428571428571 0.017857142857142856 0.05714285714285714
0 0.39107142857142857 0.7857142857142857 0.017857142857142856 0.05714285714285714
