12 0.4745098039215686 0.2944444444444445 0.1961297071129707 0.1111111111111111
17 0.7437908496732026 0.18333333333333335 0.18305439330543932 0.19444444444444445
11 0.4875816993464052 0.7944444444444444 0.1961297071129707 0.1111111111111111
12 0.4875816993464052 0.5444444444444445 0.1961297071129707 0.1111111111111111
6 0.7686274509803921 0.5027777777777778 0.05230125523012552 0.08333333333333333
6 0.8470588235294118 0.5027777777777778 0.05230125523012552 0.08333333333333333
5 0.6901960784313725 0.5305555555555557 0.05230125523012552 0.08333333333333333
5 0.1803921568627451 0.7666666666666666 0.07845188284518828 0.05555555555555555
0 0.08888888888888889 0.875 0.02615062761506276 0.05555555555555555
0 0.873202614379085 0.375 0.02615062761506276 0.05555555555555555
0 0.3764705882352941 0.6527777777777778 0.02615062761506276 0.05555555555555555
0 0.3633986928104575 0.4027777777777778 0.02615062761506276 0.05555555555555555
0 0.3764705882352941 0.9027777777777778 0.02615062761506276 0.05555555555555555
