11 0.8915584415584417 0.7157894736842105 0.09740259740259741 0.21052631578947367
11 0.8655844155844157 0.4 0.09740259740259741 0.21052631578947367
16 0.2876623376623376 0.4526315789473684 0.14935064935064934 0.5263157894736842
11 0.44999999999999996 0.4 0.09740259740259741 0.21052631578947367
11 0.7227272727272727 0.4526315789473684 0.09740259740259741 0.21052631578947367
11 0.12532467532467534 0.34736842105263155 0.09740259740259741 0.21052631578947367
6 0.5376623376623376 0.47894736842105257 0.025974025974025976 0.15789473684210525
3 0.5889610389610389 0.5052631578947369 0.025974025974025976 0.15789473684210525
0 0.5376623376623376 0.7105263157894737 0.012987012987012988 0.10526315789473684
0 0.6675324675324675 0.6578947368421053 0.012987012987012988 0.10526315789473684
0 0.8363636363636364 0.9210526315789473 0.012987012987012988 0.10526315789473684
0 0.21298701298701297 0.8157894736842105 0.012987012987012988 0.10526315789473684
