12 0.5209090909090909 0.6967741935483871 0.13636363636363635 0.12903225806451613
14 0.2709090909090909 0.567741935483871 0.10909090909090909 0.0967741935483871
11 0.28454545454545455 0.7290322580645161 0.13636363636363635 0.12903225806451613
9 0.8618181818181818 0.7774193548387096 0.03636363636363636 0.0967741935483871
10 0.8618181818181818 0.1645161290322581 0.03636363636363636 0.0967741935483871
10 0.8072727272727273 0.7774193548387096 0.03636363636363636 0.0967741935483871
2 0.6973090909090909 0.43870967741935485 0.03636363636363636 0.0967741935483871
3 0.6972727272727272 0.1483870967741936 0.03636363636363636 0.0967741935483871
5 0.8618181818181818 0.45483870967741935 0.03636363636363636 0.0967741935483871
0 0.8072727272727273 0.9193548387096774 0.01818181818181818 0.06451612903225806
0 0.7527272727272727 0.27419354838709675 0.01818181818181818 0.06451612903225806
0 0.7527272727272727 0.564516129032258 0.01818181818181818 0.06451612903225806
0 0.6799999999999999 0.6129032258064516 0.01818181818181818 0.06451612903225806
