17 0.3822429906542056 0.31851851851851853 0.1308411214953271 0.25925925925925924
12 0.8719626168224299 0.8 0.14018691588785046 0.14814814814814814
12 0.18037383177570093 0.13333333333333341 0.14018691588785046 0.14814814814814814
12 0.3859813084112149 0.6518518518518519 0.14018691588785046 0.14814814814814814
11 0.8719626168224299 0.5037037037037038 0.14018691588785046 0.14814814814814814
10 0.530841121495327 0.22592592592592597 0.037383177570093455 0.1111111111111111
2 0.5486355140186915 0.5407407407407407 0.037383177570093455 0.1111111111111111
4 0.6813084112149533 0.24444444444444446 0.037383177570093455 0.1111111111111111
0 0.6242990654205607 0.38888888888888884 0.018691588785046728 0.07407407407407407
0 0.9607476635514018 0.9444444444444444 0.018691588785046728 0.07407407407407407
0 0.9607476635514018 0.6481481481481481 0.018691588785046728 0.07407407407407407
