11 0.3477941176470588 0.63 0.11029411764705882 0.2
11 0.49485294117647055 0.6799999999999999 0.11029411764705882 0.2
15 0.17573529411764705 0.63 0.08823529411764706 0.25
13 0.6419117647058823 0.63 0.11029411764705882 0.2
6 0.8588235294117647 0.30499999999999994 0.029411764705882353 0.15
6 0.9029411764705882 0.605 0.029411764705882353 0.15
9 0.7411764705882353 0.2550000000000001 0.029411764705882353 0.15
2 0.8007058823529412 0.63 0.029411764705882353 0.15
0 0.9029411764705882 0.825 0.014705882352941176 0.1
0 0.2852941176470588 0.825 0.014705882352941176 0.1
