11 0.38061224489795914 0.30000000000000004 0.15306122448979592 0.18181818181818182
14 0.1816326530612245 0.6181818181818182 0.12244897959183673 0.13636363636363635
11 0.4214285714285714 0.5727272727272728 0.15306122448979592 0.18181818181818182
3 0.703061224489796 0.4363636363636364 0.04081632653061224 0.13636363636363635
4 0.7846938775510205 0.4363636363636364 0.04081632653061224 0.13636363636363635
4 0.5989795918367347 0.4363636363636364 0.04081632653061224 0.13636363636363635
5 0.5795918367346938 0.7318181818181818 0.04081632653061224 0.13636363636363635
0 0.5795918367346938 0.9318181818181819 0.02040816326530612 0.09090909090909091
0 0.7224489795918367 0.23636363636363633 0.02040816326530612 0.09090909090909091
0 0.33469387755102037 0.75 0.02040816326530612 0.09090909090909091
