17 0.8471922246220304 0.23571428571428577 0.0755939524838013 0.25
11 0.5145788336933046 0.6642857142857143 0.08099352051835854 0.14285714285714285
17 0.6312095032397409 0.6642857142857143 0.0755939524838013 0.25
13 0.13660907127429806 0.6285714285714286 0.08099352051835854 0.14285714285714285
17 0.7392008639308856 0.6642857142857143 0.0755939524838013 0.25
16 0.35799136069114473 0.7 0.12419006479481641 0.35714285714285715
10 0.22570194384449244 0.6285714285714286 0.032397408207343416 0.07142857142857142
2 0.8461339092872571 0.6642857142857143 0.02159827213822894 0.10714285714285714
2 0.9335637149028079 0.6642857142857143 0.02159827213822894 0.10714285714285714
0 0.879049676025918 0.8392857142857143 0.01079913606911447 0.07142857142857142
0 0.900647948164147 0.4821428571428571 0.01079913606911447 0.07142857142857142
0 0.4686825053995681 0.8035714285714286 0.01079913606911447 0.07142857142857142
0 0.2958963282937365 0.9464285714285714 0.01079913606911447 0.07142857142857142
