15 0.29124087591240877 0.28 0.08759124087591241 0.25
13 0.17007299270072992 0.32999999999999996 0.10948905109489052 0.2
11 0.47664233576642334 0.32999999999999996 0.10948905109489052 0.2
17 0.897080291970803 0.58 0.10218978102189781 0.35
12 0.47664233576642334 0.63 0.10948905109489052 0.2
1 0.6036788321167883 0.48 0.029197080291970802 0.15
1 0.7656642335766424 0.48 0.029197080291970802 0.15
1 0.6912700729927007 0.48 0.029197080291970802 0.15
0 0.5897810218978102 0.775 0.014598540145985401 0.1
0 0.9693430656934308 0.925 0.014598540145985401 0.1
0 0.10802919708029197 0.525 0.014598540145985401 0.1
