15 0.5732673267326732 0.5473684210526315 0.1188118811881188 0.17543859649122806
11 0.38910891089108907 0.7578947368421053 0.1485148514851485 0.14035087719298245
14 0.37425742574257426 0.4771929824561404 0.1188118811881188 0.10526315789473684
14 0.7702970297029703 0.8280701754385965 0.1188118811881188 0.10526315789473684
11 0.38910891089108907 0.16140350877192988 0.1485148514851485 0.14035087719298245
16 0.8148514851485148 0.40701754385964917 0.22772277227722773 0.3508771929824561
9 0.14653465346534655 0.7052631578947368 0.039603960396039604 0.10526315789473684
10 0.20594059405940596 0.6701754385964912 0.039603960396039604 0.10526315789473684
3 0.5633663366336633 0.7578947368421053 0.039603960396039604 0.10526315789473684
0 0.14653465346534655 0.8596491228070176 0.019801980198019802 0.07017543859649122
0 0.8594059405940594 0.9473684210526316 0.019801980198019802 0.07017543859649122
0 0.9584158415841584 0.6491228070175439 0.019801980198019802 0.07017543859649122
0 0.30495049504950494 0.8947368421052632 0.019801980198019802 0.07017543859649122
0 0.30495049504950494 0.5964912280701755 0.019801980198019802 0.07017543859649122
0 0.30495049504950494 0.29824561403508776 0.019801980198019802 0.07017543859649122
