11 0.19494949494949496 0.5272727272727273 0.15151515151515152 0.18181818181818182
15 0.6252525252525253 0.6181818181818182 0.12121212121212122 0.22727272727272727
11 0.8616161616161616 0.1636363636363637 0.15151515151515152 0.18181818181818182
11 0.4575757575757575 0.6636363636363636 0.15151515151515152 0.18181818181818182
6 0.2202020202020202 0.7545454545454545 0.06060606060606061 0.09090909090909091
4 0.8373737373737374 0.5727272727272728 0.04040404040404041 0.13636363636363635
0 0.14949494949494951 0.9318181818181819 0.020202020202020204 0.09090909090909091
0 0.7151515151515151 0.8181818181818181 0.020202020202020204 0.09090909090909091
0 0.9575757575757575 0.34090909090909094 0.020202020202020204 0.09090909090909091
0 0.37171717171717167 0.8409090909090909 0.020202020202020204 0.09090909090909091
