11 0.30069444444444443 0.42999999999999994 0.10416666666666667 0.2
13 0.16180555555555556 0.38 0.10416666666666667 0.2
11 0.5784722222222222 0.42999999999999994 0.10416666666666667 0.2
15 0.4298611111111111 0.42999999999999994 0.08333333333333333 0.25
9 0.7694444444444444 0.655 0.027777777777777776 0.15
10 0.6861111111111111 0.30499999999999994 0.027777777777777776 0.15
3 0.8256944444444445 0.6799999999999999 0.027777777777777776 0.15
3 0.8520833333333333 0.32999999999999996 0.027777777777777776 0.15
5 0.7277777777777777 0.355 0.027777777777777776 0.15
0 0.7694444444444444 0.925 0.013888888888888888 0.1
0 0.10277777777777779 0.575 0.013888888888888888 0.1
