11 0.5866197183098592 0.523076923076923 0.1056338028169014 0.15384615384615385
15 0.21056338028169014 0.676923076923077 0.08450704225352113 0.19230769230769232
11 0.4176056338028169 0.48461538461538456 0.1056338028169014 0.15384615384615385
16 0.24154929577464787 0.2923076923076924 0.1619718309859155 0.38461538461538464
6 0.7943661971830985 0.5807692307692307 0.028169014084507043 0.11538461538461539
10 0.752112676056338 0.6192307692307693 0.028169014084507043 0.11538461538461539
1 0.8513802816901409 0.6 0.028169014084507043 0.11538461538461539
3 0.6950704225352112 0.6 0.028169014084507043 0.11538461538461539
0 0.2732394366197183 0.8461538461538461 0.014084507042253521 0.07692307692307693
0 0.5267605633802817 0.6730769230769231 0.014084507042253521 0.07692307692307693
