16 0.4535483870967742 0.4389233954451346 0.14838709677419354 0.4142502071251036
11 0.12451612903225807 0.4389233954451345 0.0967741935483871 0.16570008285004142
16 0.6341935483870967 0.3561076604554866 0.14838709677419354 0.4142502071251036
14 0.2696774193548387 0.6045548654244306 0.07741935483870968 0.12427506213753108
13 0.795483870967742 0.39751552795031053 0.0967741935483871 0.16570008285004142
12 0.9116129032258066 0.3561076604554866 0.0967741935483871 0.16570008285004142
12 0.1503225806451613 0.6873706004140786 0.0967741935483871 0.16570008285004142
11 0.3051612903225806 0.23188405797101452 0.0967741935483871 0.16570008285004142
3 0.8961290322580645 0.8944099378881988 0.025806451612903226 0.12427506213753108
0 0.9083870967741936 0.712215320910973 0.012903225806451613 0.08285004142502071
0 0.9729032258064517 0.5175983436853002 0.012903225806451613 0.08285004142502071
0 0.09548387096774194 0.8488612836438924 0.012903225806451613 0.08285004142502071
0 0.2503225806451613 0.39337474120082816 0.012903225806451613 0.08285004142502071
