17 0.1487012987012987 0.42999999999999994 0.09090909090909091 0.35
12 0.8915584415584417 0.63 0.09740259740259741 0.2
11 0.2811688311688311 0.42999999999999994 0.09740259740259741 0.2
11 0.7487012987012986 0.58 0.09740259740259741 0.2
17 0.6292207792207792 0.58 0.09090909090909091 0.35
1 0.4461298701298701 0.53 0.025974025974025976 0.15
4 0.39415584415584415 0.53 0.025974025974025976 0.15
5 0.4987012987012987 0.505 0.025974025974025976 0.15
0 0.4987012987012987 0.775 0.012987012987012988 0.1
0 0.5766233766233766 0.925 0.012987012987012988 0.1
0 0.09610389610389611 0.775 0.012987012987012988 0.1
0 0.8363636363636364 0.825 0.012987012987012988 0.1
