11 0.21376146788990827 0.15652173913043488 0.13761467889908258 0.17391304347826086
15 0.5862385321100917 0.33043478260869574 0.11009174311926606 0.21739130434782608
16 0.828440366972477 0.6347826086956522 0.21100917431192662 0.43478260869565216
11 0.7642201834862385 0.24347826086956526 0.13761467889908258 0.17391304347826086
2 0.3550825688073394 0.24347826086956526 0.03669724770642202 0.13043478260869565
5 0.4660550458715596 0.26521739130434785 0.03669724770642202 0.13043478260869565
0 0.4110091743119266 0.4130434782608695 0.01834862385321101 0.08695652173913043
0 0.13577981651376148 0.32608695652173914 0.01834862385321101 0.08695652173913043
0 0.9614678899082568 0.9347826086956522 0.01834862385321101 0.08695652173913043
0 0.7229357798165137 0.9347826086956522 0.01834862385321101 0.08695652173913043
