11 0.3132450331125828 0.35151515151515156 0.09933774834437085 0.12121212121212122
11 0.7768211920529801 0.7454545454545454 0.09933774834437085 0.12121212121212122
17 0.16490066225165562 0.2606060606060606 0.09271523178807947 0.21212121212121213
11 0.44569536423841055 0.38181818181818183 0.09933774834437085 0.12121212121212122
12 0.16754966887417216 0.5333333333333334 0.09933774834437085 0.12121212121212122
17 0.9066225165562914 0.593939393939394 0.09271523178807947 0.21212121212121213
10 0.5350993377483444 0.30606060606060614 0.026490066225165563 0.09090909090909091
2 0.5887152317880795 0.593939393939394 0.026490066225165563 0.09090909090909091
3 0.6536423841059602 0.7757575757575758 0.026490066225165563 0.09090909090909091
5 0.6013245033112583 0.7606060606060606 0.026490066225165563 0.09090909090909091
0 0.6013245033112583 0.9242424242424242 0.013245033112582781 0.06060606060606061
0 0.6013245033112583 0.4606060606060607 0.013245033112582781 0.06060606060606061
0 0.9721854304635762 0.803030303030303 0.013245033112582781 0.06060606060606061
0 0.25695364238410595 0.4696969696969697 0.013245033112582781 0.06060606060606061
