13 0.8603465851172273 0.2538860103626944 0.15293637846655792 0.20725388601036268
12 0.4118246687054027 0.5647668393782384 0.15293637846655792 0.20725388601036268
6 0.16207951070336393 0.5906735751295337 0.040783034257748776 0.15544041450777202
9 0.10091743119266056 0.5388601036269429 0.040783034257748776 0.15544041450777202
10 0.2232415902140673 0.5906735751295337 0.040783034257748776 0.15544041450777202
3 0.6931702344546382 0.20207253886010368 0.040783034257748776 0.15544041450777202
3 0.5688073394495413 0.6683937823834196 0.040783034257748776 0.15544041450777202
5 0.7125382262996941 0.6424870466321244 0.040783034257748776 0.15544041450777202
0 0.5494393476044852 0.9222797927461139 0.020391517128874388 0.10362694300518134
0 0.6309887869520897 0.40414507772020725 0.020391517128874388 0.10362694300518134
0 0.10091743119266056 0.8186528497409327 0.020391517128874388 0.10362694300518134
0 0.9571865443425076 0.455958549222798 0.020391517128874388 0.10362694300518134
0 0.3251783893985729 0.766839378238342 0.020391517128874388 0.10362694300518134
