15 0.35172413793103446 0.7972602739726027 0.09196811771919068 0.136986301369863
13 0.8681992337164751 0.3315068493150686 0.11496014714898835 0.1095890410958904
16 0.6 0.4958904109589042 0.1762722256284488 0.273972602739726
14 0.8567049808429118 0.08493150684931505 0.09196811771919068 0.0821917808219178
15 0.16781609195402297 0.8520547945205479 0.09196811771919068 0.136986301369863
13 0.8681992337164751 0.5780821917808219 0.11496014714898835 0.1095890410958904
11 0.5770114942528736 0.7424657534246575 0.11496014714898835 0.1095890410958904
10 0.9103448275862068 0.810958904109589 0.030656039239730228 0.0821917808219178
2 0.8497777777777777 0.8246575342465754 0.030656039239730228 0.0821917808219178
0 0.9103448275862068 0.9589041095890412 0.015328019619865114 0.0547945205479452
0 0.9409961685823754 0.6849315068493151 0.015328019619865114 0.0547945205479452
0 0.9409961685823754 0.4383561643835616 0.015328019619865114 0.0547945205479452
0 0.9256704980842911 0.17808219178082196 0.015328019619865114 0.0547945205479452
