12 0.522754491017964 0.52 0.08982035928143713 0.13333333333333333
11 0.9179640718562875 0.12 0.08982035928143713 0.13333333333333333
11 0.2832335329341317 0.5866666666666667 0.08982035928143713 0.13333333333333333
13 0.15149700598802393 0.62 0.08982035928143713 0.13333333333333333
11 0.4029940119760479 0.5533333333333333 0.08982035928143713 0.13333333333333333
10 0.615568862275449 0.4700000000000001 0.023952095808383235 0.1
10 0.7592814371257486 0.87 0.023952095808383235 0.1
3 0.6880239520958085 0.18666666666666676 0.023952095808383235 0.1
3 0.7107784431137724 0.4866666666666667 0.023952095808383235 0.1
3 0.8077844311377246 0.6533333333333333 0.023952095808383235 0.1
0 0.651497005988024 0.31666666666666665 0.011976047904191617 0.06666666666666667
0 0.9748502994011977 0.25 0.011976047904191617 0.06666666666666667
0 0.23233532934131734 0.7166666666666667 0.011976047904191617 0.06666666666666667
