17 0.910483870967742 0.5333333333333333 0.11290322580645161 0.3888888888888889
11 0.3008064516129032 0.3666666666666667 0.12096774193548387 0.2222222222222222
13 0.4620967741935484 0.42222222222222217 0.12096774193548387 0.2222222222222222
11 0.7524193548387097 0.25555555555555554 0.12096774193548387 0.2222222222222222
15 0.1120967741935484 0.47777777777777775 0.0967741935483871 0.2777777777777778
3 0.5862903225806451 0.3111111111111111 0.03225806451612903 0.16666666666666666
0 0.9258064516129032 0.9166666666666666 0.016129032258064516 0.1111111111111111
0 0.23225806451612904 0.5833333333333333 0.016129032258064516 0.1111111111111111
0 0.6838709677419355 0.4722222222222222 0.016129032258064516 0.1111111111111111
0 0.054838709677419356 0.7222222222222222 0.016129032258064516 0.1111111111111111
