11 0.5788321167883211 0.6916666666666667 0.10948905109489052 0.16666666666666666
15 0.24744525547445254 0.5666666666666667 0.08759124087591241 0.20833333333333334
11 0.9000000000000001 0.15000000000000002 0.10948905109489052 0.16666666666666666
17 0.10875912408759124 0.6083333333333334 0.10218978102189781 0.2916666666666667
17 0.7072992700729928 0.4833333333333333 0.10218978102189781 0.2916666666666667
13 0.41824817518248175 0.6499999999999999 0.10948905109489052 0.16666666666666666
9 0.837956204379562 0.5458333333333334 0.029197080291970802 0.125
2 0.8970510948905109 0.5249999999999999 0.029197080291970802 0.125
0 0.9693430656934308 0.3125 0.014598540145985401 0.08333333333333333
0 0.837956204379562 0.3125 0.014598540145985401 0.08333333333333333
0 0.5167883211678832 0.8541666666666666 0.014598540145985401 0.08333333333333333
0 0.049635036496350364 0.8958333333333334 0.014598540145985401 0.08333333333333333
0 0.35620437956204376 0.8125 0.014598540145985401 0.08333333333333333
