11 0.5409090909090909 0.630057803468208 0.09740259740259741 0.23121387283236994
11 0.1512987012987013 0.4566473988439307 0.09740259740259741 0.23121387283236994
11 0.2811688311688311 0.3988439306358381 0.09740259740259741 0.23121387283236994
11 0.41103896103896104 0.7456647398843931 0.09740259740259741 0.23121387283236994
11 0.6707792207792208 0.630057803468208 0.09740259740259741 0.23121387283236994
15 0.40194805194805194 0.3988439306358381 0.07792207792207792 0.28901734104046245
9 0.7844155844155843 0.5433526011560694 0.025974025974025976 0.17341040462427745
2 0.8369870129870131 0.22543352601156075 0.025974025974025976 0.17341040462427745
1 0.9006753246753247 0.5722543352601156 0.025974025974025976 0.17341040462427745
0 0.09610389610389611 0.6820809248554913 0.012987012987012988 0.11560693641618497
