12 0.9213235294117648 0.5058823529411764 0.11029411764705882 0.23529411764705882
11 0.1713235294117647 0.6823529411764706 0.11029411764705882 0.23529411764705882
13 0.33308823529411763 0.6823529411764706 0.11029411764705882 0.23529411764705882
15 0.7492647058823529 0.5647058823529412 0.08823529411764706 0.29411764705882354
15 0.5875 0.44705882352941173 0.08823529411764706 0.29411764705882354
3 0.46249999999999997 0.5647058823529412 0.029411764705882353 0.17647058823529413
0 0.6529411764705882 0.7058823529411764 0.014705882352941176 0.11764705882352941
0 0.8147058823529412 0.8235294117647058 0.014705882352941176 0.11764705882352941
0 0.10882352941176471 0.9117647058823529 0.014705882352941176 0.11764705882352941
0 0.27058823529411763 0.9117647058823529 0.014705882352941176 0.11764705882352941
