16 0.6221238938053097 0.27142857142857146 0.20353982300884957 0.35714285714285715
12 0.3831858407079646 0.7357142857142858 0.13274336283185842 0.14285714285714285
11 0.5601769911504425 0.7 0.13274336283185842 0.14285714285714285
15 0.1584070796460177 0.7714285714285714 0.10619469026548672 0.17857142857142858
11 0.8964601769911504 0.16428571428571437 0.13274336283185842 0.14285714285714285
2 0.8574867256637169 0.48571428571428565 0.035398230088495575 0.10714285714285714
4 0.8398230088495575 0.7 0.035398230088495575 0.10714285714285714
0 0.8566371681415929 0.8571428571428572 0.017699115044247787 0.07142857142857142
0 0.23716814159292035 0.9285714285714286 0.017699115044247787 0.07142857142857142
0 0.5203539823008849 0.5178571428571428 0.017699115044247787 0.07142857142857142
0 0.3079646017699115 0.875 0.017699115044247787 0.07142857142857142
0 0.8212389380530973 0.3035714285714286 0.017699115044247787 0.07142857142857142
