13 0.27835820895522384 0.09787234042553195 0.11194029850746269 0.0851063829787234
12 0.11417910447761193 0.2468085106382979 0.11194029850746269 0.0851063829787234
16 0.33059701492537313 0.4170212765957447 0.17164179104477612 0.2127659574468085
11 0.27835820895522384 0.225531914893617 0.11194029850746269 0.0851063829787234
11 0.5171641791044775 0.39574468085106385 0.11194029850746269 0.0851063829787234
1 0.8126567164179105 0.6297872340425532 0.029850746268656716 0.06382978723404255
1 0.6619701492537313 0.4382978723404256 0.029850746268656716 0.06382978723404255
4 0.887313432835821 0.8638297872340426 0.029850746268656716 0.06382978723404255
3 0.7514925373134328 0.8638297872340426 0.029850746268656716 0.06382978723404255
0 0.9014925373134328 0.9574468085106383 0.014925373134328358 0.0425531914893617
0 0.7074626865671642 0.5212765957446808 0.014925373134328358 0.0425531914893617
0 0.826865671641791 0.7234042553191489 0.014925373134328358 0.0425531914893617
0 0.050746268656716415 0.32978723404255317 0.014925373134328358 0.0425531914893617
0 0.24477611940298505 0.5638297872340425 0.014925373134328358 0.0425531914893617
