12 0.8037694013303769 0.5837837837837838 0.1662971175166297 0.10810810810810811
11 0.582039911308204 0.5837837837837838 0.1662971175166297 0.10810810810810811
11 0.582039911308204 0.854054054054054 0.1662971175166297 0.10810810810810811
12 0.8481152993348116 0.0972972972972973 0.1662971175166297 0.10810810810810811
11 0.31596452328159647 0.8810810810810811 0.1662971175166297 0.10810810810810811
14 0.7871396895787139 0.3675675675675676 0.13303769401330376 0.08108108108108109
9 0.753880266075388 0.8135135135135135 0.04434589800443459 0.08108108108108109
10 0.8203991130820398 0.8135135135135135 0.04434589800443459 0.08108108108108109
4 0.10975609756097561 0.854054054054054 0.04434589800443459 0.08108108108108109
0 0.9090909090909091 0.6891891891891893 0.022172949002217297 0.05405405405405406
0 0.8869179600886917 0.45945945945945943 0.022172949002217297 0.05405405405405406
0 0.4878048780487805 0.9594594594594594 0.022172949002217297 0.05405405405405406
0 0.4878048780487805 0.6891891891891893 0.022172949002217297 0.05405405405405406
0 0.9534368070953436 0.20270270270270274 0.022172949002217297 0.05405405405405406
0 0.753880266075388 0.20270270270270274 0.022172949002217297 0.05405405405405406
