16 0.6434624697336562 0.5523809523809524 0.13922518159806296 0.47619047619047616
14 0.3861985472154964 0.6 0.07263922518159806 0.14285714285714285
12 0.5042372881355932 0.21904761904761916 0.09079903147699758 0.19047619047619047
12 0.15314769975786924 0.4095238095238095 0.09079903147699758 0.19047619047619047
11 0.7947941888619856 0.6 0.09079903147699758 0.19047619047619047
17 0.50181598062954 0.6476190476190476 0.0847457627118644 0.3333333333333333
1 0.2463922518159806 0.5047619047619047 0.024213075060532687 0.14285714285714285
3 0.925544794188862 0.6952380952380952 0.024213075060532687 0.14285714285714285
5 0.3075060532687651 0.4809523809523809 0.024213075060532687 0.14285714285714285
0 0.8886198547215498 0.8809523809523809 0.012106537530266344 0.09523809523809523
0 0.23486682808716708 0.7380952380952381 0.012106537530266344 0.09523809523809523
