17 0.2752380952380952 0.15083798882681565 0.13333333333333333 0.1956400223588597
11 0.27904761904761904 0.4860335195530726 0.14285714285714285 0.11179429849077697
11 0.8695238095238095 0.3184357541899441 0.14285714285714285 0.11179429849077697
9 0.42666666666666664 0.3044692737430168 0.0380952380952381 0.08384572386808273
9 0.4838095238095238 0.8072625698324022 0.0380952380952381 0.08384572386808273
1 0.5019428571428571 0.6536312849162011 0.0380952380952381 0.08384572386808273
3 0.6752380952380953 0.5139664804469274 0.0380952380952381 0.08384572386808273
3 0.5971428571428571 0.5139664804469274 0.0380952380952381 0.08384572386808273
0 0.4838095238095238 0.9301675977653632 0.01904761904761905 0.05589714924538849
0 0.1980952380952381 0.34357541899441335 0.01904761904761905 0.05589714924538849
0 0.1980952380952381 0.5949720670391061 0.01904761904761905 0.05589714924538849
0 0.96 0.42737430167597756 0.01904761904761905 0.05589714924538849
0 0.7885714285714286 0.42737430167597756 0.01904761904761905 0.05589714924538849
