13 0.543312101910828 0.43870967741935485 0.09554140127388536 0.12903225806451613
11 0.8363057324840765 0.6 0.09554140127388536 0.12903225806451613
11 0.16114649681528662 0.40645161290322585 0.09554140127388536 0.12903225806451613
11 0.30127388535031846 0.43870967741935485 0.09554140127388536 0.12903225806451613
16 0.880891719745223 0.2129032258064517 0.1464968152866242 0.3225806451612903
12 0.6961783439490445 0.6 0.09554140127388536 0.12903225806451613
11 0.42866242038216557 0.40645161290322585 0.09554140127388536 0.12903225806451613
11 0.6707006369426751 0.40645161290322585 0.09554140127388536 0.12903225806451613
5 0.845859872611465 0.8741935483870967 0.025477707006369428 0.0967741935483871
5 0.8076433121019109 0.8741935483870967 0.025477707006369428 0.0967741935483871
0 0.8968152866242038 0.7258064516129032 0.012738853503184714 0.06451612903225806
0 0.9732484076433122 0.4354838709677419 0.012738853503184714 0.06451612903225806
0 0.8076433121019108 0.4354838709677419 0.012738853503184714 0.06451612903225806
0 0.6420382165605095 0.7258064516129032 0.012738853503184714 0.06451612903225806
