12 0.5661654135338345 0.4816326530612245 0.11278195488721804 0.08163265306122448
17 0.8939849624060151 0.3387755102040817 0.10526315789473684 0.14285714285714285
13 0.8969924812030075 0.07346938775510203 0.11278195488721804 0.08163265306122448
17 0.8939849624060151 0.6448979591836734 0.10526315789473684 0.14285714285714285
16 0.3781954887218045 0.6040816326530613 0.17293233082706766 0.20408163265306123
16 0.1676691729323308 0.6448979591836734 0.17293233082706766 0.20408163265306123
15 0.706015037593985 0.5224489795918368 0.09022556390977443 0.10204081632653061
10 0.3744360902255639 0.35918367346938773 0.045112781954887216 0.04081632653061224
2 0.8789172932330828 0.889795918367347 0.03007518796992481 0.061224489795918366
0 0.9233082706766917 0.9693877551020408 0.015037593984962405 0.04081632653061224
0 0.3218045112781955 0.4387755102040817 0.015037593984962405 0.04081632653061224
0 0.9684210526315791 0.7857142857142857 0.015037593984962405 0.04081632653061224
0 0.9684210526315791 0.47959183673469385 0.015037593984962405 0.04081632653061224
0 0.9684210526315791 0.15306122448979587 0.015037593984962405 0.04081632653061224
0 0.7729323308270677 0.6122448979591837 0.015037593984962405 0.04081632653061224
