11 0.22192982456140348 0.16000000000000003 0.13157894736842105 0.11428571428571428
11 0.2570175438596491 0.3314285714285715 0.13157894736842105 0.11428571428571428
9 0.831578947368421 0.26 0.03508771929824561 0.08571428571428572
2 0.7254736842105263 0.8171428571428572 0.03508771929824561 0.08571428571428572
2 0.6218947368421053 0.44571428571428573 0.03508771929824561 0.08571428571428572
1 0.8148771929824562 0.8171428571428572 0.03508771929824561 0.08571428571428572
4 0.4798245614035087 0.44571428571428573 0.03508771929824561 0.08571428571428572
3 0.44649122807017544 0.6742857142857143 0.03508771929824561 0.08571428571428572
3 0.6552631578947368 0.27428571428571435 0.03508771929824561 0.08571428571428572
5 0.37543859649122807 0.26 0.03508771929824561 0.08571428571428572
0 0.7087719298245614 0.9571428571428572 0.017543859649122806 0.05714285714285714
0 0.5333333333333333 0.5571428571428572 0.017543859649122806 0.05714285714285714
0 0.5684210526315789 0.5571428571428572 0.017543859649122806 0.05714285714285714
0 0.1824561403508772 0.44285714285714284 0.017543859649122806 0.05714285714285714
