16 0.78359375 0.6461538461538462 0.1796875 0.19230769230769232
15 0.17109375 0.6846153846153846 0.09375 0.09615384615384616
13 0.76015625 0.41538461538461546 0.1171875 0.07692307692307693
14 0.7484375 0.2615384615384616 0.09375 0.057692307692307696
17 0.55390625 0.6076923076923078 0.109375 0.1346153846153846
11 0.79140625 0.0692307692307692 0.1171875 0.07692307692307693
10 0.3578125 0.7038461538461539 0.046875 0.038461538461538464
3 0.7398437499999999 0.8769230769230769 0.03125 0.057692307692307696
0 0.725 0.9711538461538461 0.015625 0.038461538461538464
0 0.896875 0.7788461538461539 0.015625 0.038461538461538464
0 0.834375 0.4903846153846154 0.015625 0.038461538461538464
0 0.81875 0.32692307692307687 0.015625 0.038461538461538464
0 0.725 0.14423076923076927 0.015625 0.038461538461538464
