17 0.8454545454545455 0.72 0.0979020979020979 0.23333333333333334
12 0.1769230769230769 0.62 0.1048951048951049 0.13333333333333333
16 0.8692307692307694 0.22000000000000008 0.16083916083916083 0.3333333333333333
17 0.4258741258741259 0.6533333333333333 0.0979020979020979 0.23333333333333334
14 0.29230769230769227 0.6533333333333333 0.08391608391608392 0.1
6 0.7048951048951049 0.7033333333333334 0.027972027972027972 0.1
2 0.6482797202797203 0.45333333333333337 0.027972027972027972 0.1
2 0.6482797202797203 0.6866666666666666 0.027972027972027972 0.1
5 0.593006993006993 0.30333333333333334 0.027972027972027972 0.1
5 0.551048951048951 0.7033333333333334 0.027972027972027972 0.1
0 0.551048951048951 0.8833333333333333 0.013986013986013986 0.06666666666666667
0 0.9146853146853148 0.95 0.013986013986013986 0.06666666666666667
0 0.9706293706293707 0.44999999999999996 0.013986013986013986 0.06666666666666667
