12 0.7006060606060606 0.24444444444444446 0.18186226964112512 0.14814814814814814
11 0.45818181818181813 0.28148148148148155 0.18186226964112512 0.14814814814814814
12 0.21575757575757576 0.13333333333333341 0.18186226964112512 0.14814814814814814
13 0.749090909090909 0.4666666666666667 0.18186226964112512 0.14814814814814814
12 0.7006060606060606 0.8 0.18186226964112512 0.14814814814814814
10 0.11272727272727273 0.4481481481481482 0.04849660523763336 0.1111111111111111
0 0.8157575757575757 0.9444444444444444 0.02424830261881668 0.07407407407407407
0 0.11272727272727273 0.2777777777777778 0.02424830261881668 0.07407407407407407
0 0.8642424242424243 0.6111111111111112 0.02424830261881668 0.07407407407407407
0 0.646060606060606 0.6111111111111112 0.02424830261881668 0.07407407407407407
