11 0.323972602739726 0.6146341463414634 0.10273972602739725 0.1951219512195122
15 0.602054794520548 0.46829268292682924 0.0821917808219178 0.24390243902439024
17 0.8828767123287672 0.41951219512195115 0.0958904109589041 0.34146341463414637
15 0.43767123287671234 0.7121951219512195 0.0821917808219178 0.24390243902439024
11 0.7486301369863013 0.41951219512195115 0.10273972602739725 0.1951219512195122
12 0.4746575342465753 0.2243902439024391 0.10273972602739725 0.1951219512195122
6 0.21095890410958903 0.4926829268292683 0.0273972602739726 0.14634146341463414
1 0.1281095890410959 0.46829268292682924 0.0273972602739726 0.14634146341463414
0 0.16986301369863013 0.8048780487804879 0.0136986301369863 0.0975609756097561
0 0.4986301369863014 0.926829268292683 0.0136986301369863 0.0975609756097561
0 0.8958904109589042 0.7560975609756098 0.0136986301369863 0.0975609756097561
0 0.4164383561643835 0.41463414634146345 0.0136986301369863 0.0975609756097561
