16 0.817763157894737 0.8472727272727273 0.1513157894736842 0.18181818181818182
11 0.824342105263158 0.35636363636363644 0.09868421052631579 0.07272727272727272
16 0.8440789473684212 0.5745454545454546 0.1513157894736842 0.18181818181818182
13 0.6269736842105263 0.5381818181818182 0.09868421052631579 0.07272727272727272
11 0.1796052631578947 0.52 0.09868421052631579 0.07272727272727272
17 0.8217105263157896 0.12 0.09210526315789473 0.12727272727272726
6 0.3868421052631579 0.42000000000000004 0.02631578947368421 0.05454545454545454
3 0.3348684210526316 0.52 0.02631578947368421 0.05454545454545454
3 0.43881578947368416 0.52 0.02631578947368421 0.05454545454545454
0 0.9131578947368422 0.9727272727272728 0.013157894736842105 0.03636363636363636
0 0.7684210526315789 0.7 0.013157894736842105 0.03636363636363636
0 0.7684210526315789 0.42727272727272725 0.013157894736842105 0.03636363636363636
0 0.1236842105263158 0.5909090909090908 0.013157894736842105 0.03636363636363636
0 0.886842105263158 0.24545454545454548 0.013157894736842105 0.03636363636363636
0 0.7684210526315789 0.24545454545454548 0.013157894736842105 0.03636363636363636
