11 0.1577319587628866 0.36363636363636354 0.15463917525773196 0.2205071664829107
12 0.38453608247422677 0.4187327823691459 0.15463917525773196 0.2205071664829107
11 0.8587628865979381 0.5289256198347106 0.15463917525773196 0.2205071664829107
10 0.7092783505154638 0.3360881542699724 0.041237113402061855 0.16538037486218302
3 0.6072164948453608 0.859504132231405 0.041237113402061855 0.16538037486218302
5 0.5237113402061855 0.28099173553719003 0.041237113402061855 0.16538037486218302
0 0.6268041237113402 0.6170798898071624 0.020618556701030927 0.11025358324145534
0 0.956701030927835 0.743801652892562 0.020618556701030927 0.11025358324145534
0 0.07010309278350516 0.5785123966942148 0.020618556701030927 0.11025358324145534
0 0.29690721649484536 0.6336088154269972 0.020618556701030927 0.11025358324145534
