12 0.22705882352941179 0.23571428571428577 0.17647058823529413 0.14285714285714285
11 0.8388235294117646 0.30714285714285716 0.17647058823529413 0.14285714285714285
9 0.5035294117647059 0.25357142857142867 0.047058823529411764 0.10714285714285714
9 0.5035294117647059 0.7892857142857143 0.047058823529411764 0.10714285714285714
1 0.5987764705882354 0.48571428571428565 0.047058823529411764 0.10714285714285714
3 0.41058823529411764 0.23571428571428577 0.047058823529411764 0.10714285714285714
0 0.5035294117647059 0.9464285714285714 0.023529411764705882 0.07142857142857142
0 0.6211764705882352 0.6428571428571428 0.023529411764705882 0.07142857142857142
0 0.5035294117647059 0.09642857142857153 0.023529411764705882 0.07142857142857142
0 0.9505882352941176 0.4464285714285714 0.023529411764705882 0.07142857142857142
0 0.7388235294117647 0.4464285714285714 0.023529411764705882 0.07142857142857142
