11 0.7265013054830287 0.5127272727272727 0.09793679811961348 0.14545454545454545
11 0.3087467362924282 0.44000000000000006 0.09793679811961348 0.14545454545454545
11 0.5959530026109661 0.5127272727272727 0.09793679811961348 0.14545454545454545
17 0.44973890339425593 0.6945454545454546 0.09140767824497258 0.2545454545454545
14 0.4164490861618799 0.4036363636363637 0.07834943849569079 0.10909090909090909
15 0.15600522193211488 0.5127272727272727 0.07834943849569079 0.18181818181818182
9 0.8668407310704962 0.6763636363636363 0.026116479498563595 0.10909090909090909
3 0.8544386422976502 0.2581818181818182 0.026116479498563595 0.10909090909090909
4 0.9197127937336815 0.43999999999999995 0.026116479498563595 0.10909090909090909
0 0.8668407310704962 0.09818181818181826 0.013058239749281797 0.07272727272727272
0 0.25326370757180156 0.5818181818181818 0.013058239749281797 0.07272727272727272
0 0.3968668407310705 0.9454545454545454 0.013058239749281797 0.07272727272727272
