11 0.32479338842975203 0.23030303030303034 0.12396694214876033 0.12121212121212122
11 0.7710743801652893 0.8363636363636364 0.12396694214876033 0.12121212121212122
15 0.7264462809917356 0.4727272727272728 0.09917355371900827 0.15151515151515152
17 0.15619834710743802 0.20000000000000007 0.11570247933884298 0.21212121212121213
13 0.7380165289256199 0.6545454545454545 0.12396694214876033 0.12121212121212122
6 0.9074380165289256 0.6545454545454545 0.049586776859504134 0.06060606060606061
9 0.45289256198347105 0.27575757575757576 0.03305785123966942 0.09090909090909091
3 0.5694214876033058 0.5636363636363636 0.03305785123966942 0.09090909090909091
5 0.5024793388429751 0.27575757575757576 0.03305785123966942 0.09090909090909091
0 0.5851239669421487 0.40000000000000013 0.01652892561983471 0.06060606060606061
0 0.965289256198347 0.7727272727272727 0.01652892561983471 0.06060606060606061
0 0.7008264462809917 0.9545454545454546 0.01652892561983471 0.06060606060606061
