11 0.17191011235955056 0.5461847389558232 0.16853932584269662 0.1606425702811245
14 0.6044943820224719 0.5060240963855421 0.1348314606741573 0.12048192771084337
11 0.4191011235955056 0.5060240963855421 0.16853932584269662 0.1606425702811245
11 0.8460674157303371 0.14457831325301207 0.16853932584269662 0.1606425702811245
11 0.8460674157303371 0.5060240963855421 0.16853932584269662 0.1606425702811245
2 0.7741123595505618 0.8674698795180723 0.0449438202247191 0.12048192771084337
0 0.32359550561797756 0.6626506024096386 0.02247191011235955 0.08032128514056225
0 0.07640449438202247 0.7028112449799196 0.02247191011235955 0.08032128514056225
0 0.750561797752809 0.6626506024096386 0.02247191011235955 0.08032128514056225
0 0.952808988764045 0.3012048192771084 0.02247191011235955 0.08032128514056225
0 0.750561797752809 0.3012048192771084 0.02247191011235955 0.08032128514056225
