14 0.3705882352941176 0.37058823529411766 0.11764705882352941 0.08823529411764706
17 0.1852941176470588 0.37058823529411766 0.13725490196078433 0.20588235294117646
6 0.8705882352941177 0.17941176470588238 0.0392156862745098 0.08823529411764706
9 0.49803921568627446 0.15000000000000002 0.0392156862745098 0.08823529411764706
9 0.49803921568627446 0.3264705882352942 0.0392156862745098 0.08823529411764706
10 0.7137254901960784 0.17941176470588238 0.0392156862745098 0.08823529411764706
2 0.6343529411764706 0.7823529411764706 0.0392156862745098 0.08823529411764706
1 0.6343529411764706 0.4882352941176471 0.0392156862745098 0.08823529411764706
3 0.7931372549019609 0.4882352941176471 0.0392156862745098 0.08823529411764706
0 0.6156862745098038 0.9117647058823529 0.0196078431372549 0.058823529411764705
0 0.8117647058823529 0.6470588235294117 0.0196078431372549 0.058823529411764705
0 0.5764705882352941 0.6029411764705883 0.0196078431372549 0.058823529411764705
