14 0.7541613316261204 0.8150943396226416 0.15368852459016394 0.11320754716981132
15 0.49935979513444306 0.7773584905660378 0.15368852459016394 0.18867924528301888
12 0.824583866837388 0.47547169811320755 0.19211065573770492 0.1509433962264151
11 0.824583866837388 0.13584905660377367 0.19211065573770492 0.1509433962264151
9 0.12676056338028172 0.6452830188679245 0.05122950819672131 0.11320754716981132
2 0.2816389244558259 0.3245283018867925 0.05122950819672131 0.11320754716981132
0 0.20358514724711912 0.4716981132075472 0.025614754098360656 0.07547169811320754
0 0.8693982074263764 0.9433962264150944 0.025614754098360656 0.07547169811320754
0 0.6133162612035852 0.9433962264150944 0.025614754098360656 0.07547169811320754
0 0.9462227912932137 0.6226415094339622 0.025614754098360656 0.07547169811320754
0 0.7157490396927016 0.6226415094339622 0.025614754098360656 0.07547169811320754
0 0.9462227912932137 0.28301886792452835 0.025614754098360656 0.07547169811320754
0 0.7157490396927016 0.28301886792452835 0.025614754098360656 0.07547169811320754
