15 0.3850877192982456 0.31851851851851853 0.10526315789473684 0.18518518518518517
11 0.5903508771929824 0.31851851851851853 0.13157894736842105 0.14814814814814814
12 0.22192982456140348 0.24444444444444446 0.13157894736842105 0.14814814814814814
6 0.7263157894736841 0.188888888888889 0.03508771929824561 0.1111111111111111
2 0.743017543859649 0.3925925925925926 0.03508771929824561 0.1111111111111111
2 0.743017543859649 0.7259259259259259 0.03508771929824561 0.1111111111111111
3 0.8675438596491228 0.7259259259259259 0.03508771929824561 0.1111111111111111
0 0.7263157894736841 0.9444444444444444 0.017543859649122806 0.07407407407407407
0 0.8140350877192982 0.537037037037037 0.017543859649122806 0.07407407407407407
0 0.5157894736842105 0.4629629629629629 0.017543859649122806 0.07407407407407407
