11 0.6274853801169591 0.6634146341463414 0.08771929824561403 0.1951219512195122
16 0.36432748538011694 0.7121951219512195 0.13450292397660818 0.4878048780487805
15 0.08128654970760234 0.46829268292682924 0.07017543859649122 0.24390243902439024
14 0.1976608187134503 0.9073170731707317 0.07017543859649122 0.14634146341463414
15 0.4906432748538012 0.6634146341463414 0.07017543859649122 0.24390243902439024
11 0.9198830409356726 0.3219512195121951 0.08771929824561403 0.1951219512195122
13 0.22982456140350876 0.46829268292682924 0.08771929824561403 0.1951219512195122
4 0.7771929824561404 0.3219512195121951 0.023391812865497075 0.14634146341463414
3 0.7292397660818712 0.5658536585365854 0.023391812865497075 0.14634146341463414
5 0.8233918128654971 0.29756097560975603 0.023391812865497075 0.14634146341463414
0 0.9754385964912281 0.5121951219512195 0.011695906432748537 0.0975609756097561
0 0.5777777777777777 0.8536585365853658 0.011695906432748537 0.0975609756097561
0 0.039766081871345026 0.6829268292682926 0.011695906432748537 0.0975609756097561
0 0.18011695906432748 0.6585365853658536 0.011695906432748537 0.0975609756097561
