13 0.739090909090909 0.82 0.13636363636363635 0.13333333333333333
16 0.7663636363636364 0.42000000000000004 0.20909090909090908 0.3333333333333333
12 0.739090909090909 0.12 0.13636363636363635 0.13333333333333333
15 0.5445454545454546 0.3866666666666667 0.10909090909090909 0.16666666666666666
12 0.37545454545454543 0.4866666666666667 0.13636363636363635 0.13333333333333333
14 0.16181818181818183 0.52 0.10909090909090909 0.1
5 0.32545454545454544 0.32000000000000006 0.05454545454545454 0.06666666666666667
0 0.8254545454545454 0.95 0.01818181818181818 0.06666666666666667
0 0.8981818181818182 0.65 0.01818181818181818 0.06666666666666667
0 0.29818181818181816 0.6166666666666667 0.01818181818181818 0.06666666666666667
