11 0.3742857142857143 0.34285714285714286 0.14285714285714285 0.14285714285714285
13 0.6219047619047618 0.37857142857142867 0.14285714285714285 0.14285714285714285
11 0.8695238095238095 0.45000000000000007 0.14285714285714285 0.14285714285714285
12 0.8695238095238095 0.12857142857142867 0.14285714285714285 0.14285714285714285
6 0.7885714285714286 0.7892857142857143 0.0380952380952381 0.10714285714285714
9 0.8457142857142856 0.7535714285714286 0.0380952380952381 0.10714285714285714
0 0.7885714285714286 0.9464285714285714 0.01904761904761905 0.07142857142857142
0 0.96 0.5892857142857143 0.01904761904761905 0.07142857142857142
0 0.7885714285714286 0.5892857142857143 0.01904761904761905 0.07142857142857142
0 0.7885714285714286 0.2678571428571429 0.01904761904761905 0.07142857142857142
