11 0.7783216783216783 0.5566265060240965 0.1048951048951049 0.0963855421686747
11 0.9041958041958043 0.5325301204819277 0.1048951048951049 0.0963855421686747
15 0.6426573426573426 0.6289156626506025 0.08391608391608392 0.12048192771084337
1 0.20072727272727273 0.5084337349397591 0.027972027972027972 0.07228915662650602
1 0.20072727272727273 0.653012048192771 0.027972027972027972 0.07228915662650602
1 0.272 0.17108433734939743 0.027972027972027972 0.07228915662650602
1 0.4817902097902098 0.29156626506024097 0.027972027972027972 0.07228915662650602
2 0.34058741258741254 0.8698795180722891 0.027972027972027972 0.07228915662650602
4 0.41188811188811186 0.17108433734939743 0.027972027972027972 0.07228915662650602
0 0.42517482517482513 0.06506024096385554 0.013986013986013986 0.04819277108433735
0 0.5230769230769231 0.3855421686746988 0.013986013986013986 0.04819277108433735
0 0.18741258741258743 0.7590361445783133 0.013986013986013986 0.04819277108433735
0 0.9706293706293707 0.6265060240963856 0.013986013986013986 0.04819277108433735
0 0.593006993006993 0.7349397590361446 0.013986013986013986 0.04819277108433735
