15 0.8214723926380368 0.4818181818181818 0.0736196319018405 0.22727272727272727
15 0.4288343558282209 0.6636363636363636 0.0736196319018405 0.22727272727272727
11 0.14294478527607363 0.3909090909090909 0.09202453987730061 0.18181818181818182
14 0.256441717791411 0.3909090909090909 0.0736196319018405 0.13636363636363635
12 0.7073619631901841 0.4363636363636364 0.09202453987730061 0.18181818181818182
16 0.2840490797546012 0.7545454545454545 0.1411042944785276 0.45454545454545453
10 0.9312883435582823 0.4818181818181818 0.03680981595092025 0.09090909090909091
3 0.594478527607362 0.6636363636363636 0.024539877300613498 0.13636363636363635
5 0.5447852760736196 0.6863636363636363 0.024539877300613498 0.13636363636363635
5 0.5447852760736196 0.32272727272727275 0.024539877300613498 0.13636363636363635
0 0.9742331288343559 0.6590909090909092 0.012269938650306749 0.09090909090909091
0 0.4834355828220859 0.8636363636363636 0.012269938650306749 0.09090909090909091
0 0.09079754601226994 0.5681818181818181 0.012269938650306749 0.09090909090909091
