13 0.8954198473282442 0.784 0.11450381679389313 0.16
11 0.7274809160305343 0.46399999999999997 0.11450381679389313 0.16
13 0.2694656488549618 0.18400000000000005 0.11450381679389313 0.16
12 0.8954198473282442 0.42400000000000004 0.11450381679389313 0.16
15 0.2282442748091603 0.584 0.0916030534351145 0.2
6 0.37251908396946565 0.484 0.030534351145038167 0.12
1 0.38705343511450374 0.264 0.030534351145038167 0.12
3 0.5717557251908397 0.46399999999999997 0.030534351145038167 0.12
4 0.4480916030534351 0.46399999999999997 0.030534351145038167 0.12
5 0.5099236641221374 0.44399999999999995 0.030534351145038167 0.12
0 0.9679389312977099 0.94 0.015267175572519083 0.08
0 0.9679389312977099 0.5800000000000001 0.015267175572519083 0.08
0 0.2961832061068702 0.76 0.015267175572519083 0.08
0 0.20458015267175572 0.33999999999999997 0.015267175572519083 0.08
