11 0.6460122699386502 0.5333333333333333 0.09202453987730061 0.2222222222222222
17 0.11595092024539877 0.47777777777777775 0.08588957055214724 0.3888888888888889
14 0.9190184049079755 0.47777777777777775 0.0736196319018405 0.16666666666666666
11 0.2411042944785276 0.47777777777777775 0.09202453987730061 0.2222222222222222
16 0.49263803680981594 0.5333333333333333 0.1411042944785276 0.5555555555555556
11 0.3515337423312883 0.42222222222222217 0.09202453987730061 0.2222222222222222
9 0.7901840490797547 0.5055555555555555 0.024539877300613498 0.16666666666666666
10 0.826993865030675 0.5611111111111111 0.024539877300613498 0.16666666666666666
1 0.7416932515337423 0.5333333333333333 0.024539877300613498 0.16666666666666666
0 0.7533742331288343 0.8611111111111112 0.012269938650306749 0.1111111111111111
0 0.9742331288343559 0.6666666666666667 0.012269938650306749 0.1111111111111111
