12 0.31061452513966475 0.22666666666666668 0.16763522574877068 0.17777777777777778
12 0.846927374301676 0.76 0.16763522574877068 0.17777777777777778
12 0.846927374301676 0.3600000000000001 0.16763522574877068 0.17777777777777778
6 0.4614525139664804 0.29333333333333345 0.044702726866338846 0.13333333333333333
9 0.10391061452513967 0.20444444444444454 0.044702726866338846 0.13333333333333333
2 0.5519106145251397 0.3155555555555556 0.044702726866338846 0.13333333333333333
3 0.6614525139664804 0.3155555555555556 0.044702726866338846 0.13333333333333333
0 0.4614525139664804 0.5777777777777777 0.022351363433169423 0.08888888888888889
0 0.5731843575418994 0.1200000000000001 0.022351363433169423 0.08888888888888889
0 0.953072625698324 0.9333333333333333 0.022351363433169423 0.08888888888888889
0 0.953072625698324 0.5333333333333333 0.022351363433169423 0.08888888888888889
0 0.21564245810055865 0.4 0.022351363433169423 0.08888888888888889
