15 0.16717557251908396 0.6363636363636364 0.0916030534351145 0.17482517482517482
12 0.8954198473282442 0.2867132867132868 0.11450381679389313 0.13986013986013987
9 0.6015267175572518 0.37412587412587417 0.030534351145038167 0.1048951048951049
1 0.5397251908396946 0.6013986013986015 0.030534351145038167 0.1048951048951049
2 0.3816793893129771 0.5297902097902099 0.04580152671755725 0.06993006993006994
1 0.3267175572519084 0.1834965034965037 0.04580152671755725 0.06993006993006994
4 0.7244274809160306 0.39160839160839167 0.030534351145038167 0.1048951048951049
4 0.6618320610687022 0.8811188811188811 0.030534351145038167 0.1048951048951049
0 0.46412213740458014 0.7377622377622377 0.015267175572519083 0.06993006993006994
0 0.37251908396946565 0.3601398601398603 0.015267175572519083 0.06993006993006994
0 0.23511450381679388 0.7902097902097902 0.015267175572519083 0.06993006993006994
0 0.11297709923664123 0.7902097902097902 0.015267175572519083 0.06993006993006994
0 0.9679389312977099 0.42307692307692313 0.015267175572519083 0.06993006993006994
0 0.8305343511450382 0.42307692307692313 0.015267175572519083 0.06993006993006994
