13 0.32201646090534974 0.8195121951219512 0.15432098765432098 0.0975609756097561
11 0.8158436213991769 0.08780487804878057 0.15432098765432098 0.0975609756097561
11 0.5895061728395061 0.8439024390243902 0.15432098765432098 0.0975609756097561
9 0.7695473251028806 0.29512195121951224 0.0411522633744856 0.07317073170731707
4 0.8734567901234568 0.8439024390243902 0.0411522633744856 0.07317073170731707
4 0.7911522633744856 0.6243902439024391 0.0411522633744856 0.07317073170731707
0 0.8930041152263374 0.9512195121951219 0.0205761316872428 0.04878048780487805
0 0.8106995884773662 0.5170731707317073 0.0205761316872428 0.04878048780487805
0 0.8930041152263374 0.7365853658536585 0.0205761316872428 0.04878048780487805
0 0.7695473251028806 0.4024390243902439 0.0205761316872428 0.04878048780487805
0 0.9135802469135802 0.18292682926829273 0.0205761316872428 0.04878048780487805
