12 0.3833333333333333 0.35151515151515156 0.11904761904761904 0.12121212121212122
16 0.5896825396825397 0.2606060606060606 0.18253968253968253 0.30303030303030304
11 0.3595238095238095 0.1696969696969698 0.11904761904761904 0.12121212121212122
11 0.20079365079365077 0.20000000000000007 0.11904761904761904 0.12121212121212122
11 0.5658730158730159 0.5333333333333334 0.11904761904761904 0.12121212121212122
2 0.7516190476190475 0.7757575757575758 0.031746031746031744 0.09090909090909091
2 0.8627301587301587 0.7757575757575758 0.031746031746031744 0.09090909090909091
1 0.8325079365079365 0.4424242424242425 0.031746031746031744 0.09090909090909091
3 0.7515873015873015 0.593939393939394 0.031746031746031744 0.09090909090909091
0 0.9111111111111111 0.9545454545454546 0.015873015873015872 0.06060606060606061
0 0.31587301587301586 0.4696969696969697 0.015873015873015872 0.06060606060606061
