16 0.8654676258992806 0.7454545454545454 0.16546762589928057 0.30303030303030304
11 0.4697841726618705 0.4424242424242425 0.1079136690647482 0.12121212121212122
11 0.6136690647482014 0.4121212121212121 0.1079136690647482 0.12121212121212122
11 0.18201438848920862 0.503030303030303 0.1079136690647482 0.12121212121212122
11 0.8438848920863309 0.38181818181818183 0.1079136690647482 0.12121212121212122
13 0.8726618705035972 0.10909090909090913 0.1079136690647482 0.12121212121212122
13 0.3258992805755396 0.4727272727272728 0.1079136690647482 0.12121212121212122
4 0.7244604316546762 0.35151515151515156 0.02877697841726619 0.09090909090909091
0 0.9697841726618706 0.9545454545454546 0.014388489208633094 0.06060606060606061
0 0.9122302158273381 0.5 0.014388489208633094 0.06060606060606061
0 0.9410071942446044 0.2272727272727273 0.014388489208633094 0.06060606060606061
0 0.8115107913669064 0.2272727272727273 0.014388489208633094 0.06060606060606061
