11 0.7448529411764706 0.2628571428571428 0.11029411764705882 0.22857142857142856
13 0.31838235294117645 0.31999999999999995 0.11029411764705882 0.22857142857142856
11 0.5977941176470588 0.31999999999999995 0.11029411764705882 0.22857142857142856
11 0.4654411764705882 0.3771428571428571 0.11029411764705882 0.22857142857142856
15 0.16102941176470587 0.4342857142857143 0.08823529411764706 0.2857142857142857
15 0.7639705882352942 0.6628571428571428 0.08823529411764706 0.2857142857142857
6 0.8808823529411764 0.4342857142857143 0.04411764705882353 0.11428571428571428
0 0.25588235294117645 0.5428571428571429 0.014705882352941176 0.11428571428571428
0 0.711764705882353 0.9142857142857143 0.014705882352941176 0.11428571428571428
0 0.10882352941176471 0.6857142857142857 0.014705882352941176 0.11428571428571428
