11 0.36391752577319586 0.32999999999999996 0.15463917525773196 0.2
12 0.8587628865979381 0.18000000000000005 0.15463917525773196 0.2
11 0.4051546391752577 0.63 0.15463917525773196 0.2
11 0.8175257731958763 0.63 0.15463917525773196 0.2
12 0.611340206185567 0.58 0.15463917525773196 0.2
3 0.17216494845360827 0.32999999999999996 0.041237113402061855 0.15
0 0.15257731958762888 0.55 0.020618556701030927 0.1
0 0.9154639175257732 0.825 0.020618556701030927 0.1
0 0.31752577319587627 0.825 0.020618556701030927 0.1
0 0.956701030927835 0.375 0.020618556701030927 0.1
0 0.7711340206185566 0.375 0.020618556701030927 0.1
