11 0.7394160583941606 0.6758620689655173 0.10948905109489052 0.13793103448275862
14 0.17372262773722627 0.1586206896551725 0.08759124087591241 0.10344827586206896
12 0.5934306569343065 0.7103448275862069 0.10948905109489052 0.13793103448275862
12 0.9000000000000001 0.6413793103448275 0.10948905109489052 0.13793103448275862
15 0.17445255474452553 0.43448275862068975 0.08759124087591241 0.1724137931034483
9 0.31240875912408755 0.21034482758620698 0.029197080291970802 0.10344827586206896
1 0.3861021897810219 0.43448275862068975 0.029197080291970802 0.10344827586206896
1 0.4590948905109489 0.6413793103448275 0.029197080291970802 0.10344827586206896
4 0.3262773722627737 0.6413793103448275 0.029197080291970802 0.10344827586206896
0 0.472992700729927 0.8275862068965517 0.014598540145985401 0.06896551724137931
0 0.23941605839416055 0.5862068965517242 0.014598540145985401 0.06896551724137931
0 0.9693430656934308 0.7758620689655172 0.014598540145985401 0.06896551724137931
0 0.837956204379562 0.7758620689655172 0.014598540145985401 0.06896551724137931
