11 0.8053571428571429 0.4608695652173913 0.08928571428571429 0.17391304347826086
11 0.5672619047619047 0.5478260869565217 0.08928571428571429 0.17391304347826086
11 0.1744047619047619 0.24347826086956526 0.08928571428571429 0.17391304347826086
11 0.3053571428571428 0.5913043478260869 0.08928571428571429 0.17391304347826086
15 0.14226190476190476 0.6782608695652174 0.07142857142857142 0.21739130434782608
11 0.6863095238095238 0.5043478260869565 0.08928571428571429 0.17391304347826086
10 0.46904761904761905 0.7 0.023809523809523808 0.13043478260869565
10 0.3857142857142857 0.7 0.023809523809523808 0.13043478260869565
1 0.922 0.5478260869565217 0.023809523809523808 0.13043478260869565
4 0.39702380952380945 0.28695652173913044 0.023809523809523808 0.13043478260869565
0 0.8857142857142858 0.7608695652173914 0.011904761904761904 0.08695652173913043
0 0.3857142857142857 0.9347826086956522 0.011904761904761904 0.08695652173913043
0 0.4333333333333333 0.4565217391304348 0.011904761904761904 0.08695652173913043
0 0.12380952380952381 0.4130434782608695 0.011904761904761904 0.08695652173913043
