12 0.8616161616161616 0.15652173913043488 0.15151515151515152 0.17391304347826086
11 0.4575757575757575 0.6782608695652174 0.15151515151515152 0.17391304347826086
12 0.6595959595959595 0.4608695652173913 0.15151515151515152 0.17391304347826086
15 0.403030303030303 0.28695652173913044 0.12121212121212122 0.21739130434782608
11 0.8616161616161616 0.4173913043478261 0.15151515151515152 0.17391304347826086
2 0.17066666666666666 0.3739130434782608 0.04040404040404041 0.13043478260869565
5 0.1898989898989899 0.7434782608695651 0.04040404040404041 0.13043478260869565
0 0.1898989898989899 0.9347826086956522 0.020202020202020204 0.08695652173913043
0 0.2505050505050505 0.5434782608695652 0.020202020202020204 0.08695652173913043
0 0.4929292929292929 0.4782608695652174 0.020202020202020204 0.08695652173913043
0 0.9575757575757575 0.5869565217391304 0.020202020202020204 0.08695652173913043
0 0.37171717171717167 0.8478260869565217 0.020202020202020204 0.08695652173913043
