11 0.4425373134328358 0.6788732394366197 0.11194029850746269 0.11267605633802817
12 0.6067164179104477 0.6507042253521127 0.11194029850746269 0.11267605633802817
17 0.8276119402985075 0.5098591549295775 0.1044776119402985 0.19718309859154928
12 0.23358208955223878 0.5661971830985916 0.11194029850746269 0.11267605633802817
14 0.8194029850746268 0.08732394366197183 0.08955223880597014 0.08450704225352113
11 0.8305970149253731 0.22816901408450707 0.11194029850746269 0.11267605633802817
6 0.7970149253731343 0.8338028169014085 0.029850746268656716 0.08450704225352113
9 0.8417910447761194 0.8338028169014085 0.029850746268656716 0.08450704225352113
5 0.25223880597014925 0.7070422535211267 0.04477611940298507 0.056338028169014086
0 0.2 0.8169014084507042 0.014925373134328358 0.056338028169014086
0 0.8417910447761194 0.9577464788732395 0.014925373134328358 0.056338028169014086
0 0.9014925373134328 0.704225352112676 0.014925373134328358 0.056338028169014086
