17 0.8323529411764706 0.48 0.13725490196078433 0.35
11 0.3852941176470588 0.2300000000000001 0.14705882352941177 0.2
11 0.15 0.2300000000000001 0.14705882352941177 0.2
1 0.6754509803921569 0.32999999999999996 0.0392156862745098 0.15
4 0.5970588235294118 0.63 0.0392156862745098 0.15
5 0.5176470588235293 0.655 0.0392156862745098 0.15
0 0.5176470588235293 0.925 0.0196078431372549 0.1
0 0.8509803921568627 0.825 0.0196078431372549 0.1
0 0.30196078431372547 0.42500000000000004 0.0196078431372549 0.1
0 0.06666666666666667 0.42500000000000004 0.0196078431372549 0.1
