12 0.7553333333333333 0.415686274509804 0.1 0.1568627450980392
11 0.8886666666666667 0.14117647058823535 0.1 0.1568627450980392
15 0.506 0.5333333333333333 0.08 0.19607843137254902
15 0.09266666666666667 0.7686274509803921 0.08 0.19607843137254902
14 0.39866666666666667 0.5725490196078431 0.08 0.11764705882352941
11 0.8886666666666667 0.3764705882352942 0.1 0.1568627450980392
14 0.6253333333333333 0.49411764705882355 0.08 0.11764705882352941
14 0.092 0.415686274509804 0.08 0.11764705882352941
2 0.31264000000000003 0.5725490196078431 0.02666666666666667 0.11764705882352941
1 0.23264 0.5725490196078431 0.02666666666666667 0.11764705882352941
0 0.27199999999999996 0.7254901960784313 0.013333333333333334 0.0784313725490196
0 0.152 0.9411764705882353 0.013333333333333334 0.0784313725490196
0 0.04533333333333333 0.9411764705882353 0.013333333333333334 0.0784313725490196
0 0.04533333333333333 0.5490196078431373 0.013333333333333334 0.0784313725490196
