11 0.2502890173410404 0.24347826086956526 0.08670520231213873 0.17391304347826086
11 0.9208092485549133 0.5913043478260869 0.08670520231213873 0.17391304347826086
12 0.37745664739884394 0.28695652173913044 0.08670520231213873 0.17391304347826086
11 0.4930635838150289 0.24347826086956526 0.08670520231213873 0.17391304347826086
12 0.1346820809248555 0.24347826086956526 0.08670520231213873 0.17391304347826086
14 0.5884393063583815 0.28695652173913044 0.06936416184971098 0.13043478260869565
10 0.7213872832369942 0.35217391304347834 0.023121387283236993 0.13043478260869565
2 0.7103815028901734 0.7652173913043478 0.023121387283236993 0.13043478260869565
4 0.8028901734104047 0.5478260869565217 0.023121387283236993 0.13043478260869565
5 0.6635838150289017 0.35217391304347834 0.023121387283236993 0.13043478260869565
0 0.7560693641618498 0.9347826086956522 0.011560693641618497 0.08695652173913043
0 0.9757225433526012 0.7608695652173914 0.011560693641618497 0.08695652173913043
0 0.08554913294797688 0.4130434782608695 0.011560693641618497 0.08695652173913043
0 0.3283236994219653 0.4565217391304348 0.011560693641618497 0.08695652173913043
