13 0.20909090909090908 0.25384615384615394 0.12396694214876033 0.15384615384615385
15 0.46198347107438015 0.6384615384615384 0.09917355371900827 0.19230769230769232
12 0.8867768595041322 0.44615384615384623 0.12396694214876033 0.15384615384615385
15 0.46198347107438015 0.25384615384615394 0.09917355371900827 0.19230769230769232
16 0.26694214876033057 0.6 0.19008264462809918 0.38461538461538464
10 0.6512396694214876 0.6192307692307693 0.03305785123966942 0.11538461538461539
1 0.733090909090909 0.4076923076923077 0.03305785123966942 0.11538461538461539
2 0.733090909090909 0.6384615384615384 0.03305785123966942 0.11538461538461539
0 0.6512396694214876 0.8653846153846154 0.01652892561983471 0.07692307692307693
0 0.5355371900826446 0.42307692307692313 0.01652892561983471 0.07692307692307693
0 0.5355371900826446 0.8076923076923077 0.01652892561983471 0.07692307692307693
0 0.965289256198347 0.5961538461538461 0.01652892561983471 0.07692307692307693
0 0.171900826446281 0.8653846153846154 0.01652892561983471 0.07692307692307693
