11 0.2745614035087719 0.20000000000000007 0.13157894736842105 0.14285714285714285
14 0.4719298245614035 0.23571428571428577 0.10526315789473684 0.10714285714285714
11 0.3096491228070175 0.7 0.13157894736842105 0.14285714285714285
17 0.5166666666666666 0.5214285714285715 0.12280701754385964 0.25
6 0.831578947368421 0.6821428571428572 0.03508771929824561 0.10714285714285714
6 0.8842105263157894 0.7178571428571429 0.03508771929824561 0.10714285714285714
10 0.6561403508771929 0.6821428571428572 0.03508771929824561 0.10714285714285714
3 0.762280701754386 0.44999999999999996 0.03508771929824561 0.10714285714285714
4 0.6728070175438595 0.44999999999999996 0.03508771929824561 0.10714285714285714
0 0.831578947368421 0.9107142857142857 0.017543859649122806 0.07142857142857142
0 0.7789473684210526 0.2928571428571429 0.017543859649122806 0.07142857142857142
0 0.23508771929824562 0.8392857142857143 0.017543859649122806 0.07142857142857142
0 0.4456140350877193 0.7678571428571428 0.017543859649122806 0.07142857142857142
