12 0.62 0.6276276276276276 0.13043478260869565 0.1201923076923077
16 0.837391304347826 0.6876876876876876 0.2 0.3004807692307692
12 0.20260869565217393 0.7777777777777777 0.13043478260869565 0.1201923076923077
9 0.49391304347826087 0.7327327327327327 0.034782608695652174 0.09014423076923077
1 0.4235130434782608 0.41741741741741745 0.034782608695652174 0.09014423076923077
2 0.3904 0.5675675675675675 0.034782608695652174 0.09014423076923077
4 0.39043478260869563 0.26726726726726724 0.034782608695652174 0.09014423076923077
3 0.4234782608695652 0.11711711711711703 0.034782608695652174 0.09014423076923077
5 0.31999999999999995 0.7327327327327327 0.034782608695652174 0.09014423076923077
0 0.12869565217391304 0.8948948948948949 0.017391304347826087 0.06009615384615385
0 0.9634782608695652 0.8948948948948949 0.017391304347826087 0.06009615384615385
0 0.7373913043478261 0.8948948948948949 0.017391304347826087 0.06009615384615385
