11 0.9138364779874214 0.36250000000000004 0.09433962264150944 0.125
15 0.15031446540880503 0.33125000000000004 0.07547169811320754 0.15625
17 0.7729559748427673 0.6125 0.0880503144654088 0.21875
12 0.47358490566037736 0.55 0.09433962264150944 0.125
16 0.6182389937106918 0.6125 0.14465408805031446 0.3125
6 0.9044025157232705 0.6125 0.03773584905660377 0.0625
2 0.3578364779874214 0.20625000000000004 0.025157232704402517 0.09375
2 0.2823647798742138 0.51875 0.025157232704402517 0.09375
2 0.30631446540880497 0.76875 0.025157232704402517 0.09375
4 0.35786163522012576 0.36250000000000004 0.025157232704402517 0.09375
0 0.2943396226415094 0.90625 0.012578616352201259 0.0625
0 0.24402515723270438 0.640625 0.012578616352201259 0.0625
0 0.948427672955975 0.734375 0.012578616352201259 0.0625
0 0.9735849056603775 0.484375 0.012578616352201259 0.0625
