16 0.8761589403973511 0.3487179487179487 0.152317880794702 0.2564102564102564
11 0.3264900662251655 0.6307692307692307 0.09933774834437085 0.10256410256410256
12 0.16754966887417216 0.6307692307692307 0.09933774834437085 0.10256410256410256
6 0.7205298013245033 0.7974358974358975 0.026490066225165563 0.07692307692307693
1 0.5489801324503312 0.5794871794871795 0.026490066225165563 0.07692307692307693
1 0.6152052980132451 0.45128205128205134 0.026490066225165563 0.07692307692307693
1 0.44174834437086086 0.11794871794871775 0.026490066225165563 0.07692307692307693
2 0.6152052980132451 0.5794871794871795 0.026490066225165563 0.07692307692307693
5 0.4291390728476821 0.3358974358974359 0.026490066225165563 0.07692307692307693
5 0.6278145695364238 0.7974358974358975 0.026490066225165563 0.07692307692307693
0 0.6278145695364238 0.9358974358974359 0.013245033112582781 0.05128205128205128
0 0.680794701986755 0.6794871794871795 0.013245033112582781 0.05128205128205128
0 0.4821192052980132 0.21794871794871795 0.013245033112582781 0.05128205128205128
0 0.5086092715231788 0.6794871794871795 0.013245033112582781 0.05128205128205128
0 0.9721854304635762 0.5256410256410257 0.013245033112582781 0.05128205128205128
0 0.7999999999999999 0.5256410256410257 0.013245033112582781 0.05128205128205128
0 0.27019867549668874 0.7307692307692308 0.013245033112582781 0.05128205128205128
