12 0.754014598540146 0.6457142857142857 0.10948905109489052 0.11428571428571428
11 0.33065693430656934 0.44571428571428573 0.10948905109489052 0.11428571428571428
17 0.897080291970803 0.76 0.10218978102189781 0.2
12 0.1846715328467153 0.41714285714285715 0.10948905109489052 0.11428571428571428
6 0.4583941605839416 0.5457142857142858 0.029197080291970802 0.08571428571428572
9 0.545985401459854 0.20285714285714285 0.029197080291970802 0.08571428571428572
9 0.5021897810218978 0.5457142857142858 0.029197080291970802 0.08571428571428572
1 0.6050802919708029 0.38857142857142857 0.029197080291970802 0.08571428571428572
5 0.545985401459854 0.5457142857142858 0.029197080291970802 0.08571428571428572
0 0.4583941605839416 0.7285714285714286 0.014598540145985401 0.05714285714285714
0 0.545985401459854 0.07714285714285718 0.014598540145985401 0.05714285714285714
0 0.9693430656934308 0.9571428571428572 0.014598540145985401 0.05714285714285714
