14 0.38656716417910447 0.44855967078189296 0.08955223880597014 0.12345679012345678
14 0.535820895522388 0.40740740740740744 0.08955223880597014 0.12345679012345678
11 0.5470149253731343 0.6131687242798354 0.11194029850746269 0.1646090534979424
14 0.38656716417910447 0.654320987654321 0.08955223880597014 0.12345679012345678
14 0.535820895522388 0.8600823045267489 0.08955223880597014 0.12345679012345678
16 0.21119402985074626 0.40740740740740744 0.17164179104477612 0.411522633744856
1 0.7664477611940298 0.3662551440329218 0.029850746268656716 0.12345679012345678
1 0.691820895522388 0.654320987654321 0.029850746268656716 0.12345679012345678
3 0.8276119402985075 0.16049382716049387 0.029850746268656716 0.12345679012345678
3 0.887313432835821 0.654320987654321 0.029850746268656716 0.12345679012345678
0 0.9014925373134328 0.8353909465020576 0.014925373134328358 0.0823045267489712
