17 0.6472 0.4 0.112 0.2916666666666667
13 0.4584 0.6083333333333334 0.12 0.16666666666666666
11 0.20239999999999997 0.4 0.12 0.16666666666666666
16 0.8503999999999999 0.6499999999999999 0.184 0.4166666666666667
12 0.8264 0.15000000000000002 0.12 0.16666666666666666
9 0.3424 0.4625 0.032 0.125
2 0.327168 0.6916666666666667 0.032 0.125
0 0.3424 0.8958333333333334 0.016 0.08333333333333333
0 0.9663999999999999 0.9375 0.016 0.08333333333333333
0 0.9024 0.3125 0.016 0.08333333333333333
0 0.5824 0.6875 0.016 0.08333333333333333
