14 0.3133858267716535 0.2324324324324325 0.09448818897637795 0.08108108108108109
17 0.18031496062992125 0.2324324324324325 0.11023622047244094 0.1891891891891892
12 0.8921259842519684 0.6378378378378378 0.11811023622047244 0.10810810810810811
15 0.7236220472440945 0.6378378378378378 0.09448818897637795 0.13513513513513514
9 0.46299212598425193 0.27297297297297296 0.031496062992125984 0.08108108108108109
9 0.46299212598425193 0.5702702702702703 0.031496062992125984 0.08108108108108109
2 0.542488188976378 0.6918918918918919 0.031496062992125984 0.08108108108108109
3 0.4779527559055118 0.42162162162162165 0.031496062992125984 0.08108108108108109
3 0.5425196850393701 0.854054054054054 0.031496062992125984 0.08108108108108109
5 0.6047244094488189 0.8675675675675676 0.031496062992125984 0.08108108108108109
0 0.9669291338582677 0.7432432432432432 0.015748031496062992 0.05405405405405406
0 0.11653543307086615 0.41891891891891897 0.015748031496062992 0.05405405405405406
