13 0.48298816568047337 0.32999999999999996 0.11097957975732466 0.2
12 0.6309171597633136 0.42999999999999994 0.11097957975732466 0.2
16 0.2980769230769231 0.3800000000000001 0.17016868896123113 0.5
11 0.6309171597633136 0.88 0.11097957975732466 0.2
11 0.48298816568047337 0.63 0.11097957975732466 0.2
15 0.10281065088757398 0.58 0.08878366380585972 0.25
13 0.7640532544378699 0.63 0.11097957975732466 0.2
3 0.9090236686390534 0.73 0.02959455460195324 0.15
0 0.1686390532544379 0.8 0.01479727730097662 0.1
0 0.05029585798816568 0.8 0.01479727730097662 0.1
