14 0.2628930817610063 0.33125000000000004 0.07547169811320754 0.09375
11 0.2723270440251572 0.14375000000000004 0.09433962264150944 0.125
12 0.14654088050314465 0.17500000000000004 0.09433962264150944 0.125
11 0.8132075471698114 0.48750000000000004 0.09433962264150944 0.125
14 0.9169811320754717 0.51875 0.07547169811320754 0.09375
6 0.36981132075471695 0.25312500000000004 0.025157232704402517 0.09375
1 0.5968301886792453 0.8 0.025157232704402517 0.09375
1 0.5075723270440251 0.26875000000000004 0.025157232704402517 0.09375
1 0.6848805031446541 0.26875000000000004 0.025157232704402517 0.09375
2 0.4207295597484277 0.55 0.025157232704402517 0.09375
0 0.6088050314465409 0.9375 0.012578616352201259 0.0625
0 0.47044025157232705 0.671875 0.012578616352201259 0.0625
0 0.6465408805031446 0.390625 0.012578616352201259 0.0625
0 0.5459119496855346 0.390625 0.012578616352201259 0.0625
0 0.9735849056603775 0.625 0.012578616352201259 0.0625
0 0.09308176100628932 0.296875 0.012578616352201259 0.0625
