13 0.9080536912751679 0.20000000000000007 0.10067114093959731 0.14285714285714285
11 0.2100671140939597 0.30714285714285716 0.10067114093959731 0.14285714285714285
16 0.6194630872483221 0.23571428571428577 0.15436241610738255 0.35714285714285715
11 0.4785234899328859 0.30714285714285716 0.10067114093959731 0.14285714285714285
14 0.8711409395973155 0.5214285714285714 0.08053691275167785 0.10714285714285714
11 0.3442953020134228 0.27142857142857146 0.10067114093959731 0.14285714285714285
4 0.8919463087248323 0.8071428571428572 0.026845637583892617 0.10714285714285714
5 0.763758389261745 0.23571428571428577 0.040268456375838924 0.07142857142857142
0 0.851006711409396 0.9464285714285714 0.013422818791946308 0.07142857142857142
0 0.931543624161074 0.6428571428571428 0.013422818791946308 0.07142857142857142
0 0.9718120805369128 0.3392857142857143 0.013422818791946308 0.07142857142857142
0 0.851006711409396 0.3392857142857143 0.013422818791946308 0.07142857142857142
