13 0.46139705882352944 0.5627906976744186 0.09193429762196617 0.18604651162790697
11 0.7064950980392157 0.7023255813953488 0.09193429762196617 0.18604651162790697
15 0.5876225490196079 0.655813953488372 0.07354743809757293 0.23255813953488372
11 0.20404411764705882 0.5627906976744186 0.09193429762196617 0.18604651162790697
11 0.32659313725490197 0.6093023255813954 0.09193429762196617 0.18604651162790697
6 0.8014705882352943 0.6325581395348837 0.024515812699190977 0.13953488372093023
6 0.8627450980392158 0.6790697674418604 0.024515812699190977 0.13953488372093023
3 0.8131127450980393 0.3302325581395349 0.024515812699190977 0.13953488372093023
4 0.9246323529411765 0.655813953488372 0.024515812699190977 0.13953488372093023
5 0.08455882352941177 0.5162790697674419 0.036773719048786464 0.09302325581395349
0 0.04166666666666667 0.6976744186046512 0.012257906349595489 0.09302325581395349
0 0.8627450980392158 0.9302325581395349 0.012257906349595489 0.09302325581395349
0 0.8014705882352943 0.1255813953488374 0.012257906349595489 0.09302325581395349
0 0.40931372549019607 0.7441860465116279 0.012257906349595489 0.09302325581395349
0 0.5441176470588236 0.8604651162790697 0.012257906349595489 0.09302325581395349
