11 0.7604026845637584 0.48571428571428577 0.10067114093959731 0.14285714285714285
11 0.3711409395973154 0.45000000000000007 0.10067114093959731 0.14285714285714285
13 0.2100671140939597 0.5571428571428572 0.10067114093959731 0.14285714285714285
17 0.20738255033557046 0.23571428571428577 0.09395973154362416 0.25
11 0.8812080536912752 0.8071428571428572 0.10067114093959731 0.14285714285714285
11 0.6261744966442953 0.45000000000000007 0.10067114093959731 0.14285714285714285
17 0.9053691275167786 0.37857142857142867 0.09395973154362416 0.25
6 0.47516778523489933 0.39642857142857146 0.026845637583892617 0.10714285714285714
6 0.5154362416107382 0.43214285714285716 0.026845637583892617 0.10714285714285714
0 0.9449664429530202 0.9464285714285714 0.013422818791946308 0.07142857142857142
0 0.9718120805369128 0.625 0.013422818791946308 0.07142857142857142
0 0.851006711409396 0.625 0.013422818791946308 0.07142857142857142
