13 0.18943089430894308 0.4608695652173913 0.12195121951219512 0.17391304347826086
16 0.37642276422764226 0.37391304347826093 0.18699186991869918 0.43478260869565216
11 0.8886178861788617 0.37391304347826093 0.12195121951219512 0.17391304347826086
11 0.38455284552845526 0.7652173913043478 0.12195121951219512 0.17391304347826086
9 0.8764227642276422 0.7217391304347827 0.04878048780487805 0.08695652173913043
9 0.608130081300813 0.6130434782608696 0.032520325203252036 0.13043478260869565
9 0.656910569105691 0.30869565217391315 0.032520325203252036 0.13043478260869565
10 0.5593495934959349 0.35217391304347834 0.032520325203252036 0.13043478260869565
2 0.7227317073170731 0.5913043478260869 0.032520325203252036 0.13043478260869565
0 0.9333333333333333 0.8913043478260869 0.016260162601626018 0.08695652173913043
0 0.9658536585365853 0.5434782608695652 0.016260162601626018 0.08695652173913043
0 0.12032520325203253 0.6304347826086957 0.016260162601626018 0.08695652173913043
0 0.3154471544715447 0.9347826086956522 0.016260162601626018 0.08695652173913043
