15 0.38961038961038963 0.3294117647058823 0.11990407673860912 0.29411764705882354
11 0.6233766233766234 0.3294117647058823 0.1498800959232614 0.23529411764705882
14 0.868131868131868 0.21176470588235297 0.11990407673860912 0.17647058823529413
11 0.4035964035964036 0.7411764705882353 0.1498800959232614 0.23529411764705882
13 0.6633366633366634 0.6823529411764706 0.1498800959232614 0.23529411764705882
10 0.09890109890109891 0.35882352941176465 0.03996802557953637 0.17647058823529413
2 0.1778621378621379 0.388235294117647 0.03996802557953637 0.17647058823529413
3 0.8591408591408591 0.6823529411764706 0.03996802557953637 0.17647058823529413
0 0.2387612387612388 0.6176470588235294 0.019984012789768184 0.11764705882352941
0 0.958041958041958 0.4117647058823529 0.019984012789768184 0.11764705882352941
0 0.5784215784215785 0.9117647058823529 0.019984012789768184 0.11764705882352941
