16 0.37039999999999995 0.6681614349775784 0.184 0.4484304932735426
12 0.8904 0.6233183856502242 0.12 0.17937219730941703
13 0.8904 0.21973094170403595 0.12 0.17937219730941703
14 0.5424 0.6681614349775784 0.096 0.13452914798206278
13 0.1864 0.757847533632287 0.12 0.17937219730941703
2 0.695168 0.57847533632287 0.032 0.13452914798206278
1 0.7256319999999999 0.17488789237668168 0.032 0.13452914798206278
0 0.6464 0.34977578475336324 0.016 0.08968609865470852
0 0.9663999999999999 0.7982062780269058 0.016 0.08968609865470852
0 0.8224 0.7982062780269058 0.016 0.08968609865470852
0 0.1184 0.9327354260089686 0.016 0.08968609865470852
0 0.9663999999999999 0.3946188340807175 0.016 0.08968609865470852
0 0.8224 0.3946188340807175 0.016 0.08968609865470852
