11 0.18544303797468353 0.39375000000000004 0.0949367088607595 0.125
11 0.3120253164556962 0.39375000000000004 0.0949367088607595 0.125
11 0.4512658227848101 0.42500000000000004 0.0949367088607595 0.125
6 0.6253164556962025 0.22187500000000004 0.02531645569620253 0.09375
2 0.7133164556962025 0.51875 0.02531645569620253 0.09375
2 0.7133164556962025 0.8 0.02531645569620253 0.09375
3 0.7651898734177216 0.51875 0.02531645569620253 0.09375
4 0.8284810126582279 0.8 0.02531645569620253 0.09375
3 0.5487341772151898 0.20625000000000004 0.02531645569620253 0.09375
5 0.5367088607594936 0.503125 0.02531645569620253 0.09375
0 0.7012658227848101 0.953125 0.012658227848101266 0.0625
0 0.5873417721518988 0.328125 0.012658227848101266 0.0625
0 0.6632911392405063 0.640625 0.012658227848101266 0.0625
0 0.13164556962025317 0.515625 0.012658227848101266 0.0625
