13 0.6401574803149606 0.27142857142857146 0.11811023622047244 0.14285714285714285
17 0.33779527559055117 0.34285714285714286 0.11023622047244094 0.25
12 0.18346456692913388 0.5214285714285714 0.11811023622047244 0.14285714285714285
16 0.852755905511811 0.7 0.18110236220472442 0.35714285714285715
11 0.8291338582677165 0.27142857142857146 0.11811023622047244 0.14285714285714285
13 0.49842519685039366 0.30714285714285716 0.11811023622047244 0.14285714285714285
0 0.11653543307086615 0.6607142857142857 0.015748031496062992 0.07142857142857142
0 0.9669291338582677 0.9464285714285714 0.015748031496062992 0.07142857142857142
0 0.7622047244094488 0.9464285714285714 0.015748031496062992 0.07142857142857142
0 0.7622047244094488 0.4107142857142857 0.015748031496062992 0.07142857142857142
