13 0.8915584415584417 0.41081081081081083 0.09740259740259741 0.21621621621621623
13 0.48896103896103893 0.41081081081081083 0.09740259740259741 0.21621621621621623
15 0.18116883116883115 0.681081081081081 0.07792207792207792 0.2702702702702703
11 0.6188311688311688 0.41081081081081083 0.09740259740259741 0.21621621621621623
12 0.7487012987012986 0.4648648648648649 0.09740259740259741 0.21621621621621623
11 0.35909090909090907 0.3567567567567568 0.09740259740259741 0.21621621621621623
11 0.16428571428571426 0.3027027027027027 0.09740259740259741 0.21621621621621623
0 0.8363636363636364 0.6216216216216216 0.012987012987012988 0.10810810810810811
0 0.23896103896103893 0.9189189189189189 0.012987012987012988 0.10810810810810811
0 0.13506493506493508 0.9189189189189189 0.012987012987012988 0.10810810810810811
0 0.3038961038961039 0.5675675675675675 0.012987012987012988 0.10810810810810811
