11 0.15950413223140497 0.24864864864864866 0.12396694214876033 0.21621621621621623
11 0.34132231404958674 0.24864864864864866 0.12396694214876033 0.21621621621621623
15 0.8917355371900827 0.681081081081081 0.09917355371900827 0.2702702702702703
11 0.7214876033057851 0.5729729729729729 0.12396694214876033 0.21621621621621623
10 0.5520661157024793 0.38378378378378375 0.03305785123966942 0.16216216216216217
4 0.4851239669421487 0.41081081081081083 0.03305785123966942 0.16216216216216217
5 0.6016528925619834 0.4378378378378378 0.03305785123966942 0.16216216216216217
0 0.27107438016528923 0.45945945945945943 0.01652892561983471 0.10810810810810811
0 0.965289256198347 0.9189189189189189 0.01652892561983471 0.10810810810810811
0 0.8330578512396694 0.9189189189189189 0.01652892561983471 0.10810810810810811
