12 0.5630952380952381 0.6636363636363636 0.17857142857142858 0.18181818181818182
11 0.2773809523809524 0.2090909090909091 0.17857142857142858 0.18181818181818182
11 0.5630952380952381 0.25454545454545463 0.17857142857142858 0.18181818181818182
6 0.7238095238095238 0.5045454545454545 0.047619047619047616 0.13636363636363635
9 0.8428571428571429 0.7772727272727272 0.047619047619047616 0.13636363636363635
2 0.8201904761904762 0.5272727272727273 0.047619047619047616 0.13636363636363635
5 0.7238095238095238 0.7772727272727272 0.047619047619047616 0.13636363636363635
0 0.4619047619047619 0.8409090909090909 0.023809523809523808 0.09090909090909091
0 0.4619047619047619 0.43181818181818177 0.023809523809523808 0.09090909090909091
0 0.1761904761904762 0.38636363636363635 0.023809523809523808 0.09090909090909091
