16 0.6985185185185185 0.19487179487179496 0.17037037037037037 0.2564102564102564
11 0.18740740740740738 0.5794871794871795 0.1111111111111111 0.10256410256410256
12 0.8985185185185186 0.1692307692307693 0.1111111111111111 0.10256410256410256
11 0.542962962962963 0.24615384615384617 0.1111111111111111 0.10256410256410256
10 0.3022222222222222 0.8487179487179487 0.02962962962962963 0.07692307692307693
2 0.3163259259259259 0.6307692307692307 0.02962962962962963 0.07692307692307693
2 0.3163259259259259 0.476923076923077 0.02962962962962963 0.07692307692307693
3 0.39185185185185184 0.6307692307692307 0.02962962962962963 0.07692307692307693
5 0.3022222222222222 0.3358974358974359 0.02962962962962963 0.07692307692307693
5 0.3022222222222222 0.18205128205128207 0.02962962962962963 0.07692307692307693
0 0.3022222222222222 0.9615384615384616 0.014814814814814815 0.05128205128205128
0 0.4059259259259259 0.7435897435897436 0.014814814814814815 0.05128205128205128
0 0.968888888888889 0.2692307692307693 0.014814814814814815 0.05128205128205128
0 0.8355555555555555 0.2692307692307693 0.014814814814814815 0.05128205128205128
0 0.48 0.34615384615384615 0.014814814814814815 0.05128205128205128
