17 0.16016949152542373 0.5803722504230118 0.11864406779661017 0.23696682464454977
11 0.5364406779661016 0.5126903553299493 0.1271186440677966 0.13540961408259986
14 0.6932203389830508 0.27580372250423013 0.1016949152542373 0.1015572105619499
11 0.35 0.5465313028764806 0.1271186440677966 0.13540961408259986
9 0.6677966101694915 0.766497461928934 0.03389830508474576 0.1015572105619499
9 0.523728813559322 0.20812182741116758 0.05084745762711865 0.06770480704129993
10 0.6677966101694915 0.5634517766497462 0.03389830508474576 0.1015572105619499
1 0.8550508474576272 0.7834179357021996 0.03389830508474576 0.1015572105619499
1 0.7347796610169491 0.7834179357021996 0.03389830508474576 0.1015572105619499
5 0.871186440677966 0.5296108291032149 0.03389830508474576 0.1015572105619499
0 0.7186440677966102 0.949238578680203 0.01694915254237288 0.06770480704129993
0 0.4644067796610169 0.3401015228426396 0.01694915254237288 0.06770480704129993
0 0.7694915254237288 0.3908629441624366 0.01694915254237288 0.06770480704129993
0 0.17627118644067796 0.8138747884940778 0.01694915254237288 0.06770480704129993
0 0.4644067796610169 0.6446700507614214 0.01694915254237288 0.06770480704129993
