11 0.27904761904761904 0.7428571428571429 0.14285714285714285 0.19047619047619047
12 0.2695238095238095 0.3142857142857144 0.14285714285714285 0.19047619047619047
15 0.8752380952380953 0.4095238095238095 0.11428571428571428 0.23809523809523808
6 0.4076190476190476 0.6238095238095238 0.0380952380952381 0.14285714285714285
10 0.6171428571428571 0.29047619047619055 0.0380952380952381 0.14285714285714285
4 0.5399999999999999 0.3142857142857143 0.0380952380952381 0.14285714285714285
3 0.6942857142857144 0.6 0.0380952380952381 0.14285714285714285
5 0.4647619047619047 0.29047619047619055 0.0380952380952381 0.14285714285714285
0 0.4076190476190476 0.8333333333333334 0.01904761904761905 0.09523809523809523
0 0.96 0.6190476190476191 0.01904761904761905 0.09523809523809523
0 0.1980952380952381 0.9285714285714286 0.01904761904761905 0.09523809523809523
0 0.18857142857142858 0.5 0.01904761904761905 0.09523809523809523
