15 0.6596330275229358 0.675 0.11009174311926606 0.15625
17 0.4853211009174312 0.675 0.12844036697247707 0.21875
11 0.8743119266055046 0.42500000000000004 0.13761467889908258 0.125
14 0.163302752293578 0.39375000000000004 0.11009174311926606 0.09375
10 0.3192660550458715 0.47187500000000004 0.03669724770642202 0.09375
10 0.8238532110091743 0.675 0.05504587155963303 0.0625
2 0.3017981651376147 0.26875000000000004 0.03669724770642202 0.09375
0 0.3192660550458715 0.1312500000000001 0.01834862385321101 0.0625
0 0.8880733944954128 0.796875 0.01834862385321101 0.0625
0 0.4110091743119266 0.890625 0.01834862385321101 0.0625
0 0.9614678899082568 0.546875 0.01834862385321101 0.0625
0 0.7963302752293577 0.546875 0.01834862385321101 0.0625
