11 0.6948717948717948 0.5377777777777777 0.1282051282051282 0.17777777777777778
14 0.8700854700854701 0.1377777777777779 0.10256410256410256 0.13333333333333333
11 0.8829059829059829 0.3600000000000001 0.1282051282051282 0.17777777777777778
16 0.46410256410256406 0.4933333333333334 0.19658119658119658 0.4444444444444444
6 0.8700854700854701 0.7155555555555555 0.05128205128205128 0.08888888888888889
2 0.21114529914529914 0.6711111111111111 0.03418803418803419 0.13333333333333333
4 0.2811965811965812 0.6711111111111111 0.03418803418803419 0.13333333333333333
0 0.19487179487179487 0.8666666666666667 0.017094017094017096 0.08888888888888889
0 0.9299145299145299 0.8888888888888888 0.017094017094017096 0.08888888888888889
0 0.9641025641025641 0.5333333333333333 0.017094017094017096 0.08888888888888889
0 0.6222222222222222 0.7111111111111111 0.017094017094017096 0.08888888888888889
