16 0.24106324472960586 0.7052631578947368 0.21085441877521086 0.3508771929824561
11 0.5252062328139322 0.7052631578947368 0.13751375137513752 0.14035087719298245
11 0.5252062328139322 0.3894736842105264 0.13751375137513752 0.14035087719298245
14 0.6764436296975253 0.5649122807017544 0.11001100110011001 0.10526315789473684
14 0.8597616865261228 0.10877192982456141 0.11001100110011001 0.10526315789473684
6 0.8322639780018332 0.2666666666666667 0.03667033370003667 0.10526315789473684
10 0.8872593950504125 0.30175438596491233 0.03667033370003667 0.10526315789473684
10 0.8322639780018332 0.6526315789473685 0.03667033370003667 0.10526315789473684
5 0.8872593950504125 0.6175438596491227 0.03667033370003667 0.10526315789473684
0 0.8322639780018332 0.8421052631578947 0.018335166850018333 0.07017543859649122
0 0.8872593950504125 0.45614035087719296 0.018335166850018333 0.07017543859649122
0 0.13565536205316225 0.9473684210526316 0.018335166850018333 0.07017543859649122
0 0.4472960586617782 0.8421052631578947 0.018335166850018333 0.07017543859649122
0 0.4472960586617782 0.5263157894736843 0.018335166850018333 0.07017543859649122
