14 0.2709090909090909 0.39454094292803965 0.10909090909090909 0.07447864945382324
11 0.28454545454545455 0.543424317617866 0.13636363636363635 0.09930486593843098
6 0.7890909090909091 0.630272952853598 0.03636363636363636 0.07447864945382324
9 0.6436363636363636 0.7543424317617866 0.03636363636363636 0.07447864945382324
9 0.6981818181818181 0.5062034739454094 0.03636363636363636 0.07447864945382324
2 0.7717818181818182 0.890818858560794 0.03636363636363636 0.07447864945382324
4 0.5718181818181818 0.39454094292803965 0.03636363636363636 0.07447864945382324
3 0.4609090909090909 0.09677419354838712 0.03636363636363636 0.07447864945382324
0 0.5163636363636364 0.19354838709677413 0.01818181818181818 0.04965243296921549
0 0.5890909090909091 0.2853598014888338 0.01818181818181818 0.04965243296921549
