17 0.871631205673759 0.7951219512195122 0.09929078014184398 0.17073170731707318
12 0.4631205673758865 0.697560975609756 0.10638297872340426 0.0975609756097561
14 0.29645390070921984 0.673170731707317 0.0851063829787234 0.07317073170731707
11 0.7184397163120567 0.6243902439024391 0.10638297872340426 0.0975609756097561
17 0.9 0.1609756097560976 0.09929078014184398 0.17073170731707318
12 0.3070921985815603 0.7951219512195122 0.10638297872340426 0.0975609756097561
11 0.16524822695035463 0.7219512195121951 0.10638297872340426 0.0975609756097561
15 0.8645390070921987 0.5024390243902439 0.0851063829787234 0.12195121951219512
3 0.573758865248227 0.697560975609756 0.028368794326241134 0.07317073170731707
0 0.9418439716312057 0.9634146341463414 0.014184397163120567 0.04878048780487805
0 0.9276595744680852 0.6097560975609756 0.014184397163120567 0.04878048780487805
0 0.9702127659574469 0.3292682926829268 0.014184397163120567 0.04878048780487805
0 0.8425531914893617 0.3292682926829268 0.014184397163120567 0.04878048780487805
0 0.4028368794326241 0.7926829268292683 0.014184397163120567 0.04878048780487805
0 0.6581560283687943 0.7195121951219512 0.014184397163120567 0.04878048780487805
0 0.1049645390070922 0.8170731707317074 0.014184397163120567 0.04878048780487805
