17 0.6196043165467626 0.7103448275862069 0.12589928057553956 0.2413793103448276
11 0.5872302158273381 0.4 0.13489208633093525 0.13793103448275862
13 0.20953237410071943 0.19310344827586212 0.13489208633093525 0.13793103448275862
13 0.3714028776978417 0.1586206896551725 0.13489208633093525 0.13793103448275862
15 0.3947841726618705 0.4 0.1079136690647482 0.1724137931034483
2 0.8893525179856115 0.3310344827586207 0.03597122302158273 0.10344827586206896
4 0.8174460431654677 0.3310344827586207 0.03597122302158273 0.10344827586206896
5 0.7985611510791366 0.6586206896551724 0.03597122302158273 0.10344827586206896
0 0.9064748201438848 0.5 0.017985611510791366 0.06896551724137931
0 0.5467625899280575 0.9482758620689655 0.017985611510791366 0.06896551724137931
0 0.13309352517985612 0.3275862068965517 0.017985611510791366 0.06896551724137931
0 0.3309352517985611 0.5517241379310345 0.017985611510791366 0.06896551724137931
