11 0.9116129032258066 0.6037735849056604 0.0967741935483871 0.13726835964310227
14 0.3987096774193548 0.7753001715265866 0.07741935483870968 0.1029512697323267
12 0.2535483870967742 0.1921097770154374 0.0967741935483871 0.13726835964310227
11 0.6535483870967742 0.6723842195540308 0.0967741935483871 0.13726835964310227
17 0.40580645161290324 0.36363636363636376 0.09032258064516129 0.24021962937542896
14 0.11483870967741935 0.2264150943396227 0.07741935483870968 0.1029512697323267
11 0.7825806451612904 0.6380789022298456 0.0967741935483871 0.13726835964310227
4 0.5348387096774194 0.6037735849056604 0.025806451612903226 0.1029512697323267
4 0.8961290322580645 0.9125214408233276 0.025806451612903226 0.1029512697323267
0 0.49548387096774194 0.7375643224699828 0.012903225806451613 0.06863417982155114
0 0.9729032258064517 0.7375643224699828 0.012903225806451613 0.06863417982155114
0 0.35354838709677416 0.8919382504288165 0.012903225806451613 0.06863417982155114
0 0.19870967741935483 0.3259005145797599 0.012903225806451613 0.06863417982155114
0 0.35354838709677416 0.6003430531732419 0.012903225806451613 0.06863417982155114
