11 0.8787610619469026 0.46896551724137936 0.13274336283185842 0.13793103448275862
11 0.4893805309734513 0.1586206896551725 0.13274336283185842 0.13793103448275862
14 0.47610619469026544 0.46896551724137936 0.10619469026548672 0.10344827586206896
12 0.6663716814159292 0.3310344827586207 0.13274336283185842 0.13793103448275862
12 0.7017699115044248 0.5379310344827586 0.13274336283185842 0.13793103448275862
12 0.2946902654867256 0.12413793103448278 0.13274336283185842 0.13793103448275862
1 0.8574867256637169 0.7793103448275862 0.035398230088495575 0.10344827586206896
3 0.14778761061946905 0.1586206896551725 0.035398230088495575 0.10344827586206896
0 0.8743362831858407 0.9310344827586207 0.017699115044247787 0.06896551724137931
0 0.9628318584070796 0.603448275862069 0.017699115044247787 0.06896551724137931
0 0.4141592920353982 0.2931034482758621 0.017699115044247787 0.06896551724137931
0 0.4141592920353982 0.5862068965517242 0.017699115044247787 0.06896551724137931
0 0.6265486725663717 0.6724137931034483 0.017699115044247787 0.06896551724137931
