11 0.8526881720430107 0.6000000000000001 0.16129032258064516 0.1111111111111111
13 0.6376344086021505 0.3222222222222223 0.16129032258064516 0.1111111111111111
16 0.1967741935483871 0.48888888888888893 0.24731182795698925 0.2777777777777778
12 0.6376344086021505 0.5722222222222222 0.16129032258064516 0.1111111111111111
11 0.8526881720430107 0.10000000000000009 0.16129032258064516 0.1111111111111111
13 0.8526881720430107 0.3500000000000001 0.16129032258064516 0.1111111111111111
2 0.41823655913978497 0.48888888888888893 0.043010752688172046 0.08333333333333333
1 0.8268387096774193 0.85 0.043010752688172046 0.08333333333333333
0 0.9333333333333333 0.9583333333333334 0.021505376344086023 0.05555555555555555
0 0.9548387096774194 0.7083333333333333 0.021505376344086023 0.05555555555555555
0 0.9548387096774194 0.45833333333333337 0.021505376344086023 0.05555555555555555
0 0.9548387096774194 0.20833333333333337 0.021505376344086023 0.05555555555555555
0 0.5462365591397849 0.4305555555555556 0.021505376344086023 0.05555555555555555
0 0.07311827956989247 0.6805555555555556 0.021505376344086023 0.05555555555555555
0 0.5462365591397849 0.6805555555555556 0.021505376344086023 0.05555555555555555
