11 0.8787610619469026 0.7885714285714286 0.13274336283185842 0.11428571428571428
14 0.3699115044247787 0.16000000000000003 0.10619469026548672 0.08571428571428572
12 0.2238938053097345 0.13142857142857145 0.13274336283185842 0.11428571428571428
6 0.5380530973451327 0.20285714285714285 0.035398230088495575 0.08571428571428572
6 0.5380530973451327 0.7457142857142858 0.035398230088495575 0.08571428571428572
9 0.7327433628318584 0.7457142857142858 0.035398230088495575 0.08571428571428572
9 0.48495575221238935 0.7742857142857142 0.035398230088495575 0.08571428571428572
1 0.7158938053097346 0.56 0.035398230088495575 0.08571428571428572
4 0.6079646017699114 0.56 0.035398230088495575 0.08571428571428572
3 0.6079646017699114 0.2171428571428572 0.035398230088495575 0.08571428571428572
0 0.48495575221238935 0.9285714285714286 0.017699115044247787 0.05714285714285714
0 0.6619469026548672 0.3285714285714286 0.017699115044247787 0.05714285714285714
0 0.7327433628318584 0.4342857142857144 0.017699115044247787 0.05714285714285714
0 0.9628318584070796 0.9 0.017699115044247787 0.05714285714285714
