15 0.8468401486988848 0.13442622950819672 0.08923259964306961 0.16393442622950818
17 0.6758364312267658 0.3967213114754099 0.1041046995835812 0.22950819672131148
12 0.17323420074349444 0.2655737704918033 0.111540749553837 0.13114754098360656
15 0.5048327137546469 0.4950819672131148 0.08923259964306961 0.16393442622950818
13 0.33680297397769515 0.23278688524590163 0.111540749553837 0.13114754098360656
15 0.475092936802974 0.2655737704918033 0.08923259964306961 0.16393442622950818
6 0.9130111524163569 0.7737704918032786 0.0297441998810232 0.09836065573770492
9 0.7940520446096654 0.4459016393442623 0.0297441998810232 0.09836065573770492
10 0.8684014869888476 0.41311475409836074 0.0297441998810232 0.09836065573770492
4 0.854275092936803 0.7901639344262295 0.0297441998810232 0.09836065573770492
0 0.8684014869888476 0.9508196721311475 0.0148720999405116 0.06557377049180328
0 0.7940520446096654 0.5901639344262295 0.0148720999405116 0.06557377049180328
0 0.571003717472119 0.639344262295082 0.0148720999405116 0.06557377049180328
0 0.4520446096654275 0.639344262295082 0.0148720999405116 0.06557377049180328
0 0.9130111524163569 0.2786885245901639 0.0148720999405116 0.06557377049180328
0 0.7940520446096654 0.2786885245901639 0.0148720999405116 0.06557377049180328
0 0.1100371747211896 0.39344262295081966 0.0148720999405116 0.06557377049180328
0 0.27360594795539034 0.360655737704918 0.0148720999405116 0.06557377049180328
