17 0.5827751196172248 0.5408388520971301 0.1339969372128637 0.30918727915194344
12 0.3952153110047847 0.7174392935982339 0.14356814701378254 0.17667844522968199
11 0.35693779904306216 0.4966887417218543 0.14356814701378254 0.17667844522968199
11 0.14641148325358852 0.7615894039735099 0.14356814701378254 0.17667844522968199
9 0.7157894736842105 0.16556291390728473 0.03828483920367534 0.13250883392226148
4 0.8124401913875599 0.45253863134657835 0.03828483920367534 0.13250883392226148
4 0.7339712918660286 0.45253863134657835 0.03828483920367534 0.13250883392226148
5 0.8880382775119617 0.4304635761589404 0.03828483920367534 0.13250883392226148
0 0.8306220095693779 0.7130242825607064 0.01914241960183767 0.08833922261484099
0 0.31387559808612436 0.8896247240618101 0.01914241960183767 0.08833922261484099
0 0.06507177033492823 0.9337748344370861 0.01914241960183767 0.08833922261484099
