17 0.5960655737704919 0.584 0.09181532004197272 0.28
11 0.4675409836065574 0.384 0.0983735571878279 0.16
12 0.7298360655737705 0.544 0.0983735571878279 0.16
15 0.30098360655737705 0.624 0.07869884575026233 0.2
11 0.31016393442622947 0.2240000000000001 0.0983735571878279 0.16
12 0.15278688524590164 0.704 0.0983735571878279 0.16
15 0.14360655737704917 0.3440000000000001 0.07869884575026233 0.2
9 0.9232786885245903 0.524 0.026232948583420776 0.12
3 0.8714754098360656 0.544 0.026232948583420776 0.12
0 0.41180327868852457 0.54 0.013116474291710388 0.08
0 0.09704918032786886 0.86 0.013116474291710388 0.08
0 0.09704918032786886 0.52 0.013116474291710388 0.08
0 0.2544262295081967 0.8 0.013116474291710388 0.08
0 0.2544262295081967 0.38 0.013116474291710388 0.08
