11 0.18544303797468353 0.36923076923076925 0.0949367088607595 0.15384615384615385
15 0.6069620253164557 0.523076923076923 0.0759493670886076 0.19230769230769232
12 0.4512658227848101 0.2923076923076924 0.0949367088607595 0.15384615384615385
17 0.47405063291139243 0.6384615384615384 0.08860759493670886 0.2692307692307692
13 0.3120253164556962 0.3307692307692308 0.0949367088607595 0.15384615384615385
6 0.8784810126582279 0.773076923076923 0.02531645569620253 0.11538461538461539
4 0.8664556962025317 0.36923076923076925 0.02531645569620253 0.11538461538461539
4 0.8031645569620254 0.36923076923076925 0.02531645569620253 0.11538461538461539
4 0.7386075949367088 0.36923076923076925 0.02531645569620253 0.11538461538461539
0 0.8784810126582279 0.9423076923076923 0.012658227848101266 0.07692307692307693
0 0.8151898734177216 0.5769230769230769 0.012658227848101266 0.07692307692307693
0 0.13164556962025317 0.5192307692307692 0.012658227848101266 0.07692307692307693
0 0.6632911392405063 0.6923076923076923 0.012658227848101266 0.07692307692307693
0 0.5620253164556962 0.6923076923076923 0.012658227848101266 0.07692307692307693
0 0.42278481012658226 0.9038461538461539 0.012658227848101266 0.07692307692307693
