12 0.6486725663716814 0.7217391304347827 0.13274336283185842 0.17391304347826086
14 0.15752212389380532 0.15652173913043488 0.10619469026548672 0.13043478260869565
11 0.8787610619469026 0.7652173913043478 0.13274336283185842 0.17391304347826086
11 0.8787610619469026 0.37391304347826093 0.13274336283185842 0.17391304347826086
11 0.47168141592920354 0.6782608695652174 0.13274336283185842 0.17391304347826086
10 0.2902654867256637 0.22173913043478266 0.035398230088495575 0.13043478260869565
10 0.34336283185840705 0.4826086956521739 0.035398230088495575 0.13043478260869565
5 0.2902654867256637 0.4826086956521739 0.035398230088495575 0.13043478260869565
0 0.34336283185840705 0.7173913043478262 0.017699115044247787 0.08695652173913043
0 0.9628318584070796 0.9347826086956522 0.017699115044247787 0.08695652173913043
0 0.8035398230088495 0.9347826086956522 0.017699115044247787 0.08695652173913043
0 0.9628318584070796 0.5434782608695652 0.017699115044247787 0.08695652173913043
0 0.8035398230088495 0.5434782608695652 0.017699115044247787 0.08695652173913043
