11 0.9029069767441861 0.536986301369863 0.0872093023255814 0.1095890410958904
13 0.14709302325581394 0.4 0.0872093023255814 0.1095890410958904
17 0.5982558139534884 0.4273972602739726 0.08139534883720931 0.1917808219178082
12 0.2866279069767442 0.4547945205479452 0.0872093023255814 0.1095890410958904
16 0.4319767441860465 0.5643835616438356 0.13372093023255813 0.273972602739726
11 0.1703488372093023 0.5643835616438356 0.0872093023255814 0.1095890410958904
15 0.7436046511627907 0.8383561643835616 0.06976744186046512 0.136986301369863
16 0.7459302325581396 0.2082191780821918 0.13372093023255813 0.273972602739726
17 0.7261627906976744 0.5643835616438356 0.08139534883720931 0.1917808219178082
14 0.277906976744186 0.6191780821917808 0.06976744186046512 0.0821917808219178
0 0.12093023255813953 0.6712328767123288 0.011627906976744186 0.0547945205479452
0 0.8534883720930233 0.6438356164383562 0.011627906976744186 0.0547945205479452
0 0.5511627906976744 0.6164383561643836 0.011627906976744186 0.0547945205479452
0 0.3651162790697674 0.7534246575342466 0.011627906976744186 0.0547945205479452
0 0.7953488372093024 0.9589041095890412 0.011627906976744186 0.0547945205479452
0 0.7023255813953488 0.9589041095890412 0.011627906976744186 0.0547945205479452
