11 0.11769230769230768 0.6631578947368422 0.11538461538461539 0.21052631578947367
17 0.606923076923077 0.34736842105263155 0.1076923076923077 0.3684210526315789
11 0.45615384615384613 0.6105263157894736 0.11538461538461539 0.21052631578947367
12 0.2869230769230769 0.6105263157894736 0.11538461538461539 0.21052631578947367
6 0.8215384615384616 0.7421052631578947 0.03076923076923077 0.15789473684210525
10 0.7753846153846153 0.4263157894736842 0.03076923076923077 0.15789473684210525
3 0.8838461538461538 0.4526315789473684 0.03076923076923077 0.15789473684210525
5 0.7292307692307692 0.7947368421052632 0.03076923076923077 0.15789473684210525
0 0.8984615384615384 0.22105263157894728 0.015384615384615385 0.10526315789473684
0 0.052307692307692305 0.868421052631579 0.015384615384615385 0.10526315789473684
0 0.39076923076923076 0.8157894736842105 0.015384615384615385 0.10526315789473684
0 0.22153846153846155 0.8157894736842105 0.015384615384615385 0.10526315789473684
