14 0.19963369963369965 0.7822222222222222 0.10989010989010989 0.13333333333333333
13 0.3965201465201465 0.6488888888888888 0.13736263736263737 0.17777777777777778
11 0.21336996336996336 0.38222222222222224 0.13736263736263737 0.17777777777777778
14 0.38278388278388276 0.9155555555555556 0.10989010989010989 0.13333333333333333
11 0.4331501831501831 0.24888888888888894 0.13736263736263737 0.17777777777777778
2 0.8873260073260073 0.38222222222222224 0.03663003663003663 0.13333333333333333
2 0.6474725274725274 0.38222222222222224 0.03663003663003663 0.13333333333333333
1 0.8140659340659341 0.38222222222222224 0.03663003663003663 0.13333333333333333
3 0.7408424908424909 0.7822222222222222 0.03663003663003663 0.13333333333333333
0 0.63003663003663 0.5777777777777777 0.018315018315018316 0.08888888888888889
0 0.9047619047619048 0.5777777777777777 0.018315018315018316 0.08888888888888889
0 0.13553113553113552 0.9333333333333333 0.018315018315018316 0.08888888888888889
0 0.13553113553113552 0.5555555555555556 0.018315018315018316 0.08888888888888889
0 0.35531135531135527 0.4222222222222223 0.018315018315018316 0.08888888888888889
