12 0.4118181818181818 0.12413793103448278 0.13636363636363635 0.13793103448275862
12 0.21181818181818182 0.3310344827586207 0.13636363636363635 0.13793103448275862
12 0.6118181818181818 0.4 0.13636363636363635 0.13793103448275862
11 0.4118181818181818 0.3310344827586207 0.13636363636363635 0.13793103448275862
12 0.4118181818181818 0.5379310344827586 0.13636363636363635 0.13793103448275862
6 0.7163636363636363 0.5896551724137931 0.03636363636363636 0.10344827586206896
1 0.5899636363636364 0.6068965517241379 0.03636363636363636 0.10344827586206896
4 0.8081818181818182 0.6068965517241379 0.03636363636363636 0.10344827586206896
5 0.6072727272727273 0.9 0.03636363636363636 0.10344827586206896
0 0.6618181818181817 0.7413793103448276 0.01818181818181818 0.06896551724137931
0 0.13454545454545455 0.4655172413793104 0.01818181818181818 0.06896551724137931
