11 0.39299999999999996 0.6285714285714286 0.15 0.14285714285714285
17 0.149 0.6642857142857143 0.14 0.25
6 0.528 0.6821428571428572 0.04 0.10714285714285714
6 0.868 0.6464285714285714 0.04 0.10714285714285714
9 0.708 0.18214285714285716 0.04 0.10714285714285714
10 0.608 0.36071428571428577 0.04 0.10714285714285714
2 0.68896 0.6642857142857143 0.04 0.10714285714285714
4 0.8490000000000001 0.34285714285714286 0.04 0.10714285714285714
0 0.528 0.9107142857142857 0.02 0.07142857142857142
0 0.7879999999999999 0.4821428571428571 0.02 0.07142857142857142
0 0.308 0.7678571428571428 0.02 0.07142857142857142
0 0.068 0.9107142857142857 0.02 0.07142857142857142
