12 0.5852564102564103 0.7259475218658892 0.09615384615384616 0.11668611435239207
11 0.3032051282051282 0.7259475218658892 0.09615384615384616 0.11668611435239207
11 0.45705128205128204 0.7551020408163265 0.09615384615384616 0.11668611435239207
15 0.14038461538461539 0.7842565597667638 0.07692307692307693 0.14585764294049008
9 0.7358974358974358 0.5072886297376094 0.02564102564102564 0.08751458576429405
1 0.6839999999999999 0.6676384839650145 0.02564102564102564 0.08751458576429405
1 0.8006153846153846 0.11370262390670549 0.02564102564102564 0.08751458576429405
2 0.8518974358974359 0.2594752186588921 0.02564102564102564 0.08751458576429405
4 0.8006410256410257 0.5218658892128281 0.02564102564102564 0.08751458576429405
0 0.9153846153846155 0.3731778425655976 0.01282051282051282 0.058343057176196034
0 0.2487179487179487 0.8396501457725948 0.01282051282051282 0.058343057176196034
0 0.4025641025641025 0.8688046647230321 0.01282051282051282 0.058343057176196034
0 0.19743589743589743 0.912536443148688 0.01282051282051282 0.058343057176196034
0 0.09487179487179488 0.912536443148688 0.01282051282051282 0.058343057176196034
