12 0.19612403100775191 0.8016085790884718 0.11627906976744186 0.1072961373390558
13 0.36666666666666664 0.774798927613941 0.11627906976744186 0.1072961373390558
11 0.7232558139534884 0.3726541554959786 0.11627906976744186 0.1072961373390558
12 0.8937984496124031 0.34584450402144773 0.11627906976744186 0.1072961373390558
9 0.5023255813953488 0.4932975871313673 0.031007751937984496 0.08047210300429185
10 0.5023255813953488 0.6273458445040214 0.031007751937984496 0.08047210300429185
2 0.4875658914728682 0.774798927613941 0.031007751937984496 0.08047210300429185
2 0.5805891472868218 0.1045576407506702 0.031007751937984496 0.08047210300429185
3 0.5170542635658913 0.34584450402144773 0.031007751937984496 0.08047210300429185
0 0.5953488372093023 0.22252010723860582 0.015503875968992248 0.0536480686695279
0 0.3007751937984496 0.8793565683646113 0.015503875968992248 0.0536480686695279
0 0.9674418604651163 0.45040214477211793 0.015503875968992248 0.0536480686695279
0 0.827906976744186 0.45040214477211793 0.015503875968992248 0.0536480686695279
