13 0.744485294117647 0.32163742690058483 0.2757352941176471 0.15600624024961
10 0.4411764705882352 0.14619883040935677 0.07352941176470588 0.11700468018720749
1 0.18205882352941175 0.3606237816764133 0.07352941176470588 0.11700468018720749
1 0.40617647058823525 0.3606237816764133 0.07352941176470588 0.11700468018720749
4 0.7738970588235293 0.7504873294346979 0.07352941176470588 0.11700468018720749
4 0.18198529411764705 0.7504873294346979 0.07352941176470588 0.11700468018720749
0 0.6617647058823529 0.9415204678362573 0.03676470588235294 0.078003120124805
0 0.14705882352941174 0.9220272904483431 0.03676470588235294 0.078003120124805
0 0.2941176470588235 0.5516569200779726 0.03676470588235294 0.078003120124805
0 0.9191176470588235 0.4736842105263157 0.03676470588235294 0.078003120124805
