11 0.5666666666666667 0.47096774193548396 0.10204081632653061 0.12903225806451613
17 0.29183673469387755 0.34193548387096784 0.09523809523809523 0.22580645161290322
15 0.6795918367346939 0.47096774193548396 0.08163265306122448 0.16129032258064516
11 0.17210884353741496 0.1806451612903226 0.10204081632653061 0.12903225806451613
17 0.9040816326530613 0.7290322580645161 0.09523809523809523 0.22580645161290322
17 0.427891156462585 0.503225806451613 0.09523809523809523 0.22580645161290322
10 0.7945578231292517 0.6483870967741936 0.027210884353741496 0.0967741935483871
10 0.7945578231292517 0.45483870967741935 0.027210884353741496 0.0967741935483871
0 0.7945578231292517 0.7903225806451613 0.013605442176870748 0.06451612903225806
0 0.7401360544217687 0.6129032258064516 0.013605442176870748 0.06451612903225806
0 0.9714285714285715 0.9516129032258065 0.013605442176870748 0.06451612903225806
0 0.9170068027210885 0.9516129032258065 0.013605442176870748 0.06451612903225806
