11 0.5664285714285714 0.5037037037037038 0.10714285714285714 0.14814814814814814
15 0.4278571428571428 0.31851851851851853 0.08571428571428572 0.18518518518518517
15 0.29928571428571427 0.31851851851851853 0.08571428571428572 0.18518518518518517
11 0.1807142857142857 0.31851851851851853 0.10714285714285714 0.14814814814814814
12 0.595 0.1703703703703704 0.10714285714285714 0.14814814814814814
10 0.7057142857142857 0.4111111111111112 0.02857142857142857 0.1111111111111111
2 0.8206857142857142 0.4296296296296296 0.02857142857142857 0.1111111111111111
4 0.8921428571428572 0.6148148148148148 0.02857142857142857 0.1111111111111111
4 0.762142857142857 0.874074074074074 0.02857142857142857 0.1111111111111111
5 0.7057142857142857 0.6333333333333333 0.02857142857142857 0.1111111111111111
0 0.5342857142857143 0.31481481481481477 0.014285714285714285 0.07407407407407407
