15 0.24910714285714283 0.7388888888888889 0.10714285714285714 0.1388888888888889
16 0.2526785714285714 0.21111111111111114 0.20535714285714285 0.2777777777777778
9 0.6321428571428571 0.25277777777777777 0.03571428571428571 0.08333333333333333
9 0.5785714285714285 0.7805555555555556 0.03571428571428571 0.08333333333333333
1 0.7222857142857143 0.40555555555555556 0.03571428571428571 0.08333333333333333
1 0.4884285714285714 0.7666666666666666 0.03571428571428571 0.08333333333333333
2 0.7222857142857143 0.6277777777777778 0.03571428571428571 0.08333333333333333
4 0.8651785714285715 0.23888888888888893 0.03571428571428571 0.08333333333333333
5 0.4178571428571428 0.7805555555555556 0.03571428571428571 0.08333333333333333
0 0.4178571428571428 0.9305555555555556 0.017857142857142856 0.05555555555555555
0 0.7928571428571428 0.5138888888888888 0.017857142857142856 0.05555555555555555
0 0.32857142857142857 0.8611111111111112 0.017857142857142856 0.05555555555555555
0 0.18571428571428572 0.8611111111111112 0.017857142857142856 0.05555555555555555
