11 0.5093333333333333 0.4292682926829269 0.13335704125177808 0.0975609756097561
11 0.5093333333333333 0.6487804878048781 0.13335704125177808 0.0975609756097561
11 0.847111111111111 0.25853658536585367 0.13335704125177808 0.0975609756097561
16 0.5004444444444445 0.18536585365853664 0.20448079658605975 0.24390243902439024
11 0.24266666666666664 0.23414634146341462 0.13335704125177808 0.0975609756097561
11 0.5093333333333333 0.8682926829268293 0.13335704125177808 0.0975609756097561
2 0.8790755555555556 0.6000000000000001 0.03556187766714083 0.07317073170731707
2 0.7901866666666667 0.6000000000000001 0.03556187766714083 0.07317073170731707
5 0.896 0.46585365853658545 0.03556187766714083 0.07317073170731707
0 0.43377777777777776 0.9634146341463414 0.017780938833570414 0.04878048780487805
0 0.43377777777777776 0.524390243902439 0.017780938833570414 0.04878048780487805
0 0.43377777777777776 0.7439024390243902 0.017780938833570414 0.04878048780487805
0 0.16711111111111113 0.3292682926829268 0.017780938833570414 0.04878048780487805
0 0.9315555555555556 0.35365853658536583 0.017780938833570414 0.04878048780487805
0 0.7715555555555556 0.35365853658536583 0.017780938833570414 0.04878048780487805
