14 0.10375939849624059 0.30400000000000005 0.09022556390977443 0.12
15 0.7360902255639098 0.544 0.09022556390977443 0.2
11 0.8969924812030075 0.504 0.11278195488721804 0.16
16 0.27293233082706764 0.3440000000000001 0.17293233082706766 0.4
6 0.4270676691729323 0.44399999999999995 0.03007518796992481 0.12
2 0.593203007518797 0.744 0.03007518796992481 0.12
3 0.5330827067669174 0.42399999999999993 0.03007518796992481 0.12
5 0.47218045112781953 0.404 0.03007518796992481 0.12
0 0.6075187969924812 0.92 0.015037593984962405 0.08
0 0.5473684210526315 0.2480000000000001 0.015037593984962405 0.08
0 0.9684210526315791 0.6599999999999999 0.015037593984962405 0.08
0 0.05112781954887218 0.43999999999999995 0.015037593984962405 0.08
