14 0.7508196721311475 0.7393617021276595 0.19672131147540983 0.1595744680851064
11 0.7754098360655737 0.2606382978723404 0.2459016393442623 0.2127659574468085
6 0.4065573770491803 0.6595744680851063 0.06557377049180328 0.1595744680851064
9 0.5049180327868852 0.2872340425531915 0.06557377049180328 0.1595744680851064
10 0.4065573770491803 0.34042553191489366 0.06557377049180328 0.1595744680851064
2 0.2114098360655738 0.20744680851063835 0.06557377049180328 0.1595744680851064
0 0.11147540983606558 0.4148936170212766 0.03278688524590164 0.10638297872340426
0 0.4065573770491803 0.8936170212765957 0.03278688524590164 0.10638297872340426
0 0.8983606557377048 0.9202127659574468 0.03278688524590164 0.10638297872340426
0 0.9311475409836065 0.46808510638297873 0.03278688524590164 0.10638297872340426
