11 0.7435028248587571 0.12 0.16952983725135623 0.13333333333333333
15 0.45649717514124294 0.42000000000000004 0.13562386980108498 0.16666666666666666
12 0.7435028248587571 0.82 0.16952983725135623 0.13333333333333333
13 0.7435028248587571 0.32000000000000006 0.16952983725135623 0.13333333333333333
12 0.7435028248587571 0.52 0.16952983725135623 0.13333333333333333
6 0.10508474576271187 0.2366666666666667 0.045207956600361664 0.1
9 0.18418079096045198 0.42000000000000004 0.06781193490054249 0.06666666666666667
0 0.10508474576271187 0.55 0.022603978300180832 0.06666666666666667
0 0.8508474576271187 0.95 0.022603978300180832 0.06666666666666667
0 0.8508474576271187 0.65 0.022603978300180832 0.06666666666666667
