12 0.3141509433962264 0.1703703703703704 0.14150943396226415 0.14814814814814814
11 0.8424528301886792 0.31851851851851853 0.14150943396226415 0.14814814814814814
11 0.35188679245283017 0.6888888888888889 0.14150943396226415 0.14814814814814814
14 0.13018867924528302 0.1703703703703704 0.11320754716981132 0.1111111111111111
10 0.4981132075471698 0.7814814814814814 0.03773584905660377 0.1111111111111111
2 0.5160754716981132 0.4296296296296297 0.03773584905660377 0.1111111111111111
5 0.630188679245283 0.22592592592592597 0.03773584905660377 0.1111111111111111
5 0.6867924528301886 0.4111111111111112 0.03773584905660377 0.1111111111111111
0 0.4981132075471698 0.9444444444444444 0.018867924528301886 0.07407407407407407
0 0.5735849056603773 0.5740740740740741 0.018867924528301886 0.07407407407407407
0 0.27169811320754716 0.8333333333333334 0.018867924528301886 0.07407407407407407
0 0.06415094339622641 0.2962962962962963 0.018867924528301886 0.07407407407407407
