14 0.47135678391959795 0.4173913043478261 0.06030150753768844 0.13043478260869565
11 0.27788944723618086 0.808695652173913 0.07537688442211055 0.17391304347826086
12 0.9311557788944724 0.20000000000000007 0.07537688442211055 0.17391304347826086
16 0.5944723618090453 0.33043478260869574 0.11557788944723618 0.43478260869565216
14 0.08944723618090453 0.6782608695652174 0.06030150753768844 0.13043478260869565
11 0.7301507537688443 0.28695652173913044 0.07537688442211055 0.17391304347826086
11 0.8306532663316584 0.24347826086956526 0.07537688442211055 0.17391304347826086
15 0.18040201005025125 0.7217391304347827 0.06030150753768844 0.21739130434782608
6 0.3557788944723618 0.4826086956521739 0.020100502512562814 0.13043478260869565
4 0.39648241206030155 0.7217391304347827 0.020100502512562814 0.13043478260869565
0 0.9788944723618092 0.3695652173913043 0.010050251256281407 0.08695652173913043
0 0.5366834170854271 0.6304347826086957 0.010050251256281407 0.08695652173913043
0 0.6874371859296483 0.4565217391304348 0.010050251256281407 0.08695652173913043
