12 0.31526717557251904 0.3595505617977528 0.11450381679389313 0.2247191011235955
12 0.7885496183206107 0.5842696629213483 0.11450381679389313 0.2247191011235955
15 0.16717557251908396 0.4157303370786517 0.0916030534351145 0.2808988764044944
11 0.6206106870229008 0.696629213483146 0.11450381679389313 0.2247191011235955
11 0.5900763358778626 0.3595505617977528 0.11450381679389313 0.2247191011235955
6 0.4793893129770992 0.2191011235955056 0.030534351145038167 0.16853932584269662
6 0.433587786259542 0.2752808988764045 0.030534351145038167 0.16853932584269662
5 0.9145038167938931 0.5842696629213483 0.04580152671755725 0.11235955056179775
0 0.9679389312977099 0.803370786516854 0.015267175572519083 0.11235955056179775
0 0.7236641221374046 0.803370786516854 0.015267175572519083 0.11235955056179775
0 0.11297709923664123 0.6629213483146068 0.015267175572519083 0.11235955056179775
0 0.5557251908396946 0.9157303370786517 0.015267175572519083 0.11235955056179775
