15 0.2860068259385665 0.20307692307692315 0.0819224467504096 0.15384615384615385
12 0.6232081911262799 0.5415384615384615 0.10240305843801202 0.12307692307692308
16 0.12491467576791809 0.23384615384615393 0.1570180229382851 0.3076923076923077
11 0.473037542662116 0.23384615384615393 0.10240305843801202 0.12307692307692308
14 0.7358361774744027 0.5415384615384615 0.0819224467504096 0.09230769230769231
11 0.473037542662116 0.5107692307692309 0.10240305843801202 0.12307692307692308
15 0.46348122866894204 0.8184615384615385 0.0819224467504096 0.15384615384615385
3 0.8662116040955632 0.41846153846153855 0.027307482250136537 0.09230769230769231
5 0.9201365187713312 0.4030769230769231 0.027307482250136537 0.09230769230769231
0 0.4150170648464164 0.9538461538461538 0.013653741125068269 0.06153846153846154
0 0.04641638225255973 0.4461538461538461 0.013653741125068269 0.06153846153846154
0 0.4150170648464164 0.6307692307692307 0.013653741125068269 0.06153846153846154
0 0.4150170648464164 0.3538461538461538 0.013653741125068269 0.06153846153846154
