11 0.8808695652173912 0.5314285714285715 0.13043478260869565 0.11428571428571428
17 0.45999999999999996 0.30285714285714294 0.12173913043478261 0.2
11 0.25478260869565217 0.16000000000000003 0.13043478260869565 0.11428571428571428
12 0.21999999999999997 0.4742857142857143 0.13043478260869565 0.11428571428571428
16 0.6634782608695652 0.5028571428571429 0.2 0.2857142857142857
1 0.44257391304347826 0.56 0.034782608695652174 0.08571428571428572
3 0.4426086956521739 0.8171428571428572 0.034782608695652174 0.08571428571428572
0 0.4591304347826087 0.9428571428571428 0.017391304347826087 0.05714285714285714
0 0.49391304347826087 0.6714285714285715 0.017391304347826087 0.05714285714285714
0 0.9634782608695652 0.6428571428571428 0.017391304347826087 0.05714285714285714
0 0.1808695652173913 0.27142857142857146 0.017391304347826087 0.05714285714285714
