11 0.6206106870229008 0.5478260869565217 0.11450381679389313 0.17391304347826086
11 0.8954198473282442 0.5043478260869565 0.11450381679389313 0.17391304347826086
12 0.17786259541984734 0.4608695652173913 0.11450381679389313 0.17391304347826086
11 0.33053435114503815 0.24347826086956526 0.11450381679389313 0.17391304347826086
11 0.33053435114503815 0.5043478260869565 0.11450381679389313 0.17391304347826086
6 0.44885496183206103 0.7 0.030534351145038167 0.13043478260869565
10 0.44885496183206103 0.4391304347826087 0.030534351145038167 0.13043478260869565
10 0.4946564885496183 0.4391304347826087 0.030534351145038167 0.13043478260869565
10 0.7465648854961832 0.5478260869565217 0.04580152671755725 0.08695652173913043
0 0.44885496183206103 0.8913043478260869 0.015267175572519083 0.08695652173913043
0 0.9679389312977099 0.6739130434782609 0.015267175572519083 0.08695652173913043
0 0.11297709923664123 0.6304347826086957 0.015267175572519083 0.08695652173913043
