15 0.7913262099308611 0.4526315789473684 0.07543374402816193 0.2631578947368421
12 0.6869893148962917 0.4 0.09429218003520241 0.21052631578947367
11 0.38529226901319924 0.34736842105263155 0.09429218003520241 0.21052631578947367
15 0.1125078566939032 0.7157894736842105 0.07543374402816193 0.2631578947368421
11 0.27215587680703957 0.6105263157894736 0.09429218003520241 0.21052631578947367
16 0.5298554368321811 0.4526315789473684 0.1445813427206437 0.5263157894736842
13 0.2470144563167819 0.2947368421052632 0.09429218003520241 0.21052631578947367
5 0.9226901319924576 0.4263157894736842 0.025144581342720643 0.15789473684210525
5 0.8849780012570712 0.37368421052631573 0.025144581342720643 0.15789473684210525
0 0.9226901319924576 0.6578947368421053 0.012572290671360321 0.10526315789473684
0 0.21873035826524198 0.8157894736842105 0.012572290671360321 0.10526315789473684
