15 0.14551495016611296 0.38 0.07974481658692185 0.25
13 0.7395348837209302 0.28 0.09968102073365231 0.2
17 0.4312292358803987 0.58 0.09303561935140882 0.35
12 0.2877076411960133 0.32999999999999996 0.09968102073365231 0.2
2 0.5773820598006645 0.42999999999999994 0.02658160552897395 0.15
1 0.8684651162790699 0.28 0.02658160552897395 0.15
4 0.6305647840531562 0.42999999999999994 0.02658160552897395 0.15
5 0.9222591362126247 0.2550000000000001 0.02658160552897395 0.15
5 0.5235880398671097 0.45499999999999996 0.02658160552897395 0.15
0 0.8558139534883722 0.525 0.013290802764486975 0.1
0 0.5235880398671097 0.775 0.013290802764486975 0.1
0 0.20465116279069767 0.6 0.013290802764486975 0.1
0 0.0983388704318937 0.6 0.013290802764486975 0.1
0 0.3774086378737541 0.925 0.013290802764486975 0.1
