11 0.9121052631578948 0.4833333333333333 0.07894736842105263 0.16666666666666666
11 0.7857894736842106 0.44166666666666665 0.07894736842105263 0.16666666666666666
16 0.1489473684210526 0.275 0.12105263157894737 0.4166666666666667
14 0.5778947368421052 0.6083333333333334 0.06315789473684211 0.125
11 0.1331578947368421 0.6499999999999999 0.07894736842105263 0.16666666666666666
16 0.2963157894736842 0.5250000000000001 0.12105263157894737 0.4166666666666667
17 0.6784210526315789 0.4 0.07368421052631578 0.2916666666666667
2 0.4879157894736842 0.6083333333333334 0.021052631578947368 0.125
4 0.40368421052631576 0.6083333333333334 0.021052631578947368 0.125
0 0.4357894736842105 0.8541666666666666 0.010526315789473684 0.08333333333333333
0 0.8673684210526317 0.6458333333333333 0.010526315789473684 0.08333333333333333
