12 0.5763513513513513 0.4363636363636364 0.10135135135135136 0.18181818181818182
12 0.725 0.4818181818181818 0.10135135135135136 0.18181818181818182
15 0.43175675675675673 0.30000000000000004 0.08108108108108109 0.22727272727272727
12 0.8871621621621623 0.25454545454545463 0.10135135135135136 0.18181818181818182
14 0.40405405405405403 0.709090909090909 0.08108108108108109 0.13636363636363635
11 0.1304054054054054 0.6636363636363636 0.10135135135135136 0.18181818181818182
15 0.2560810810810811 0.6636363636363636 0.08108108108108109 0.22727272727272727
1 0.8574054054054054 0.6636363636363636 0.02702702702702703 0.13636363636363635
0 0.8702702702702704 0.8636363636363636 0.013513513513513514 0.09090909090909091
0 0.3162162162162162 0.8636363636363636 0.013513513513513514 0.09090909090909091
0 0.6675675675675675 0.6590909090909092 0.013513513513513514 0.09090909090909091
0 0.38378378378378375 0.5 0.013513513513513514 0.09090909090909091
0 0.8297297297297297 0.43181818181818177 0.013513513513513514 0.09090909090909091
