15 0.7815217391304349 0.3925925925925926 0.13043478260869565 0.18518518518518517
13 0.5576086956521739 0.3925925925925926 0.16304347826086957 0.14814814814814814
11 0.7532608695652173 0.13333333333333341 0.16304347826086957 0.14814814814814814
9 0.16086956521739132 0.7444444444444445 0.043478260869565216 0.1111111111111111
2 0.2685217391304348 0.4296296296296297 0.043478260869565216 0.1111111111111111
3 0.3576086956521739 0.762962962962963 0.043478260869565216 0.1111111111111111
0 0.16086956521739132 0.9444444444444444 0.021739130434782608 0.07407407407407407
0 0.3782608695652174 0.6 0.021739130434782608 0.07407407407407407
0 0.8782608695652173 0.5555555555555556 0.021739130434782608 0.07407407407407407
0 0.7043478260869565 0.5555555555555556 0.021739130434782608 0.07407407407407407
