11 0.5686666666666667 0.20000000000000007 0.1 0.12121212121212122
15 0.23933333333333331 0.1696969696969698 0.08 0.15151515151515152
11 0.702 0.23030303030303034 0.1 0.12121212121212122
15 0.09266666666666667 0.23030303030303034 0.08 0.15151515151515152
16 0.40199999999999997 0.23030303030303034 0.15333333333333332 0.30303030303030304
9 0.832 0.27575757575757576 0.02666666666666667 0.09090909090909091
1 0.8993066666666668 0.6545454545454545 0.02666666666666667 0.09090909090909091
4 0.8193333333333334 0.4727272727272728 0.02666666666666667 0.09090909090909091
5 0.832 0.9121212121212121 0.02666666666666667 0.09090909090909091
0 0.912 0.7878787878787878 0.013333333333333334 0.06060606060606061
0 0.04533333333333333 0.36363636363636365 0.013333333333333334 0.06060606060606061
0 0.192 0.303030303030303 0.013333333333333334 0.06060606060606061
