11 0.7651851851851852 0.6705882352941177 0.1111111111111111 0.1568627450980392
11 0.8985185185185186 0.6313725490196078 0.1111111111111111 0.1568627450980392
15 0.1325925925925926 0.5529411764705883 0.08888888888888889 0.19607843137254902
14 0.6355555555555555 0.7098039215686274 0.08888888888888889 0.11764705882352941
3 0.4066666666666667 0.2784313725490196 0.02962962962962963 0.11764705882352941
3 0.5251851851851852 0.6313725490196078 0.02962962962962963 0.11764705882352941
4 0.3474074074074074 0.2784313725490196 0.02962962962962963 0.11764705882352941
5 0.46518518518518515 0.611764705882353 0.02962962962962963 0.11764705882352941
5 0.2874074074074074 0.6509803921568627 0.02962962962962963 0.11764705882352941
0 0.46518518518518515 0.8235294117647058 0.014814814814814815 0.0784313725490196
0 0.36148148148148146 0.10588235294117654 0.014814814814814815 0.0784313725490196
0 0.5392592592592592 0.45882352941176463 0.014814814814814815 0.0784313725490196
0 0.968888888888889 0.7843137254901961 0.014814814814814815 0.0784313725490196
0 0.1985185185185185 0.7254901960784313 0.014814814814814815 0.0784313725490196
