13 0.8557894736842105 0.15652173913043488 0.15789473684210525 0.17391304347826086
12 0.2978947368421052 0.7652173913043478 0.15789473684210525 0.17391304347826086
11 0.2663157894736842 0.33043478260869574 0.15789473684210525 0.17391304347826086
9 0.45052631578947366 0.26521739130434785 0.042105263157894736 0.13043478260869565
4 0.5989473684210526 0.6782608695652174 0.042105263157894736 0.13043478260869565
5 0.5136842105263157 0.26521739130434785 0.042105263157894736 0.13043478260869565
5 0.6821052631578947 0.6565217391304348 0.042105263157894736 0.13043478260869565
0 0.6821052631578947 0.8913043478260869 0.021052631578947368 0.08695652173913043
0 0.6189473684210526 0.4434782608695652 0.021052631578947368 0.08695652173913043
0 0.9557894736842105 0.32608695652173914 0.021052631578947368 0.08695652173913043
0 0.20842105263157895 0.9347826086956522 0.021052631578947368 0.08695652173913043
