16 0.27828947368421053 0.6488888888888888 0.1513157894736842 0.4444444444444444
16 0.8572368421052632 0.38222222222222224 0.1513157894736842 0.4444444444444444
12 0.6927631578947369 0.29333333333333345 0.09868421052631579 0.17777777777777778
14 0.11710526315789474 0.9155555555555556 0.07894736842105263 0.13333333333333333
17 0.12434210526315788 0.56 0.09210526315789473 0.3111111111111111
11 0.5611842105263157 0.24888888888888894 0.09868421052631579 0.17777777777777778
2 0.41378947368421054 0.6488888888888888 0.02631578947368421 0.13333333333333333
4 0.43881578947368416 0.20444444444444454 0.02631578947368421 0.13333333333333333
5 0.4263157894736842 0.4488888888888889 0.02631578947368421 0.13333333333333333
0 0.4263157894736842 0.8444444444444444 0.013157894736842105 0.08888888888888889
0 0.781578947368421 0.6888888888888889 0.013157894736842105 0.08888888888888889
