17 0.5282608695652175 0.4338461538461539 0.10144927536231885 0.2153846153846154
17 0.16594202898550722 0.6492307692307693 0.10144927536231885 0.2153846153846154
16 0.33550724637681156 0.5876923076923077 0.16666666666666666 0.3076923076923077
2 0.6717681159420289 0.7107692307692308 0.028985507246376812 0.09230769230769231
2 0.6717681159420289 0.4953846153846154 0.028985507246376812 0.09230769230769231
3 0.7442028985507245 0.21846153846153848 0.028985507246376812 0.09230769230769231
4 0.8036231884057972 0.21846153846153848 0.028985507246376812 0.09230769230769231
5 0.8608695652173913 0.7261538461538461 0.028985507246376812 0.09230769230769231
5 0.6579710144927536 0.23384615384615393 0.028985507246376812 0.09230769230769231
0 0.8608695652173913 0.8923076923076922 0.014492753623188406 0.06153846153846154
0 0.817391304347826 0.3538461538461538 0.014492753623188406 0.06153846153846154
0 0.817391304347826 0.08307692307692316 0.014492753623188406 0.06153846153846154
0 0.10724637681159421 0.8615384615384616 0.014492753623188406 0.06153846153846154
