11 0.41516516516516516 0.6793248945147679 0.11264644037248422 0.11254924029262803
11 0.7454954954954955 0.7637130801687764 0.11264644037248422 0.11254924029262803
11 0.21996996996996998 0.8199718706047819 0.11264644037248422 0.11254924029262803
11 0.38513513513513514 0.9324894514767932 0.11264644037248422 0.11254924029262803
17 0.5923423423423424 0.7637130801687764 0.10513667768098528 0.19696117051209905
15 0.17942942942942944 0.5949367088607596 0.09011715229798738 0.14068655036578503
9 0.8993993993993995 0.1729957805907173 0.04505857614899369 0.056274620146314014
2 0.9076276276276277 0.42616033755274263 0.030039050765995796 0.08441193021947102
4 0.8926426426426428 0.7074542897327707 0.030039050765995796 0.08441193021947102
0 0.921921921921922 0.549929676511955 0.015019525382997898 0.056274620146314014
0 0.951951951951952 0.28270042194092826 0.015019525382997898 0.056274620146314014
0 0.24624624624624625 0.7187060478199718 0.015019525382997898 0.056274620146314014
0 0.15615615615615616 0.929676511954993 0.015019525382997898 0.056274620146314014
0 0.35135135135135137 0.7890295358649789 0.015019525382997898 0.056274620146314014
0 0.5315315315315315 0.9578059071729957 0.015019525382997898 0.056274620146314014
