11 0.48223684210526313 0.7103448275862069 0.09868421052631579 0.13793103448275862
12 0.3506578947368421 0.6758620689655173 0.09868421052631579 0.13793103448275862
16 0.18618421052631576 0.7103448275862069 0.1513157894736842 0.3448275862068966
11 0.6269736842105263 0.7448275862068965 0.09868421052631579 0.13793103448275862
10 0.8210526315789474 0.14137931034482765 0.02631578947368421 0.10344827586206896
2 0.8335789473684211 0.6758620689655173 0.02631578947368421 0.10344827586206896
4 0.9006578947368421 0.6758620689655173 0.02631578947368421 0.10344827586206896
5 0.7684210526315789 0.14137931034482765 0.02631578947368421 0.10344827586206896
5 0.7157894736842105 0.14137931034482765 0.02631578947368421 0.10344827586206896
0 0.8210526315789474 0.8275862068965517 0.013157894736842105 0.06896551724137931
0 0.7684210526315789 0.3275862068965517 0.013157894736842105 0.06896551724137931
0 0.9131578947368422 0.5241379310344827 0.013157894736842105 0.06896551724137931
0 0.5710526315789474 0.8793103448275862 0.013157894736842105 0.06896551724137931
