17 0.38057553956834533 0.8071428571428572 0.10071942446043165 0.25
12 0.3834532374100719 0.5214285714285714 0.1079136690647482 0.14285714285714285
11 0.9014388489208633 0.27142857142857146 0.1079136690647482 0.14285714285714285
16 0.20359712230215826 0.5571428571428572 0.16546762589928057 0.35714285714285715
11 0.5273381294964029 0.7 0.1079136690647482 0.14285714285714285
6 0.6820143884892086 0.21785714285714286 0.02877697841726619 0.10714285714285714
9 0.6388489208633094 0.6464285714285714 0.02877697841726619 0.10714285714285714
10 0.6820143884892086 0.43214285714285716 0.02877697841726619 0.10714285714285714
3 0.7402877697841727 0.6285714285714286 0.02877697841726619 0.10714285714285714
0 0.9697841726618706 0.4107142857142857 0.014388489208633094 0.07142857142857142
0 0.8402877697841726 0.4107142857142857 0.014388489208633094 0.07142857142857142
