11 0.4224390243902439 0.6 0.14637002341920374 0.15384615384615385
11 0.22731707317073171 0.6384615384615384 0.14637002341920374 0.15384615384615385
14 0.6419512195121951 0.17692307692307696 0.117096018735363 0.11538461538461539
13 0.4614634146341463 0.25384615384615394 0.14637002341920374 0.15384615384615385
9 0.8273170731707317 0.42692307692307696 0.039032006245121 0.11538461538461539
2 0.6702829268292683 0.7538461538461538 0.039032006245121 0.11538461538461539
2 0.6331317073170731 0.523076923076923 0.039032006245121 0.11538461538461539
5 0.8858536585365854 0.42692307692307696 0.039032006245121 0.11538461538461539
0 0.7297560975609756 0.9038461538461539 0.0195160031225605 0.07692307692307693
0 0.6517073170731708 0.3538461538461538 0.0195160031225605 0.07692307692307693
0 0.8858536585365854 0.5961538461538461 0.0195160031225605 0.07692307692307693
0 0.14439024390243904 0.7884615384615384 0.0195160031225605 0.07692307692307693
0 0.3785365853658536 0.40384615384615385 0.0195160031225605 0.07692307692307693
