11 0.7274809160305343 0.6225352112676057 0.11450381679389313 0.11267605633802817
11 0.8954198473282442 0.847887323943662 0.11450381679389313 0.11267605633802817
12 0.8954198473282442 0.5943661971830987 0.11450381679389313 0.11267605633802817
11 0.17786259541984734 0.5943661971830987 0.11450381679389313 0.11267605633802817
6 0.4946564885496183 0.6084507042253521 0.030534351145038167 0.08450704225352113
9 0.2961832061068702 0.6366197183098592 0.030534351145038167 0.08450704225352113
9 0.433587786259542 0.3267605633802817 0.030534351145038167 0.08450704225352113
2 0.37325190839694655 0.6225352112676057 0.030534351145038167 0.08450704225352113
4 0.5717557251908397 0.20000000000000007 0.030534351145038167 0.08450704225352113
4 0.5091603053435113 0.45352112676056344 0.030534351145038167 0.08450704225352113
0 0.2961832061068702 0.7887323943661972 0.015267175572519083 0.056338028169014086
0 0.5862595419847328 0.07605633802816913 0.015267175572519083 0.056338028169014086
0 0.9679389312977099 0.9577464788732395 0.015267175572519083 0.056338028169014086
0 0.9679389312977099 0.704225352112676 0.015267175572519083 0.056338028169014086
0 0.11297709923664123 0.704225352112676 0.015267175572519083 0.056338028169014086
