11 0.16495726495726495 0.5098814229249011 0.1282051282051282 0.15810276679841898
14 0.18632478632478633 0.7470355731225297 0.10256410256410256 0.11857707509881422
12 0.4897435897435897 0.7075098814229248 0.1282051282051282 0.15810276679841898
15 0.34102564102564104 0.7075098814229248 0.10256410256410256 0.1976284584980237
17 0.6743589743589744 0.5098814229249011 0.11965811965811966 0.2766798418972332
11 0.8829059829059829 0.31225296442687756 0.1282051282051282 0.15810276679841898
2 0.6214017094017094 0.1541501976284586 0.03418803418803419 0.11857707509881422
0 0.1264957264957265 0.8814229249011858 0.017094017094017096 0.07905138339920949
0 0.6051282051282051 0.782608695652174 0.017094017094017096 0.07905138339920949
0 0.9641025641025641 0.46640316205533594 0.017094017094017096 0.07905138339920949
0 0.8102564102564103 0.46640316205533594 0.017094017094017096 0.07905138339920949
