17 0.309 0.6698412698412699 0.14 0.2222222222222222
11 0.353 0.288888888888889 0.15 0.12698412698412698
14 0.298 0.09841269841269851 0.12 0.09523809523809523
6 0.568 0.7174603174603175 0.04 0.09523809523809523
1 0.66896 0.41587301587301595 0.04 0.09523809523809523
4 0.587 0.13015873015873025 0.04 0.09523809523809523
3 0.769 0.13015873015873025 0.04 0.09523809523809523
5 0.848 0.14603174603174607 0.04 0.09523809523809523
0 0.7879999999999999 0.2698412698412699 0.02 0.06349206349206349
0 0.688 0.5555555555555556 0.02 0.06349206349206349
0 0.32799999999999996 0.8888888888888888 0.02 0.06349206349206349
0 0.268 0.4126984126984127 0.02 0.06349206349206349
