15 0.578688524590164 0.4818181818181818 0.06557377049180328 0.22727272727272727
11 0.6956284153005465 0.4363636363636364 0.08196721311475409 0.18181818181818182
11 0.1710382513661202 0.30000000000000004 0.08196721311475409 0.18181818181818182
13 0.925136612021858 0.34545454545454557 0.08196721311475409 0.18181818181818182
12 0.47704918032786886 0.4363636363636364 0.08196721311475409 0.18181818181818182
16 0.18743169398907103 0.709090909090909 0.12568306010928962 0.45454545454545453
11 0.8049180327868853 0.3909090909090909 0.08196721311475409 0.18181818181818182
1 0.3218360655737705 0.25454545454545463 0.02185792349726776 0.13636363636363635
2 0.3764808743169399 0.5727272727272728 0.02185792349726776 0.13636363636363635
0 0.3868852459016393 0.8181818181818181 0.01092896174863388 0.09090909090909091
0 0.9770491803278689 0.5227272727272727 0.01092896174863388 0.09090909090909091
0 0.878688524590164 0.5227272727272727 0.01092896174863388 0.09090909090909091
