12 0.24830508474576268 0.38421052631578956 0.1271186440677966 0.10526315789473684
11 0.4177966101694915 0.25263157894736843 0.1271186440677966 0.10526315789473684
11 0.24830508474576268 0.1473684210526316 0.1271186440677966 0.10526315789473684
6 0.6169491525423728 0.9236842105263158 0.03389830508474576 0.07894736842105263
1 0.6855593220338984 0.5684210526315789 0.03389830508474576 0.07894736842105263
2 0.7178305084745762 0.7789473684210526 0.03389830508474576 0.07894736842105263
3 0.8211864406779662 0.3052631578947369 0.03389830508474576 0.07894736842105263
4 0.55 0.4368421052631579 0.03389830508474576 0.07894736842105263
0 0.7694915254237288 0.6710526315789473 0.01694915254237288 0.05263157894736842
0 0.17627118644067796 0.48684210526315785 0.01694915254237288 0.05263157894736842
0 0.17627118644067796 0.25 0.01694915254237288 0.05263157894736842
