11 0.8686964795432921 0.24210526315789482 0.1427483821850019 0.21052631578947367
15 0.30352045670789723 0.2947368421052632 0.11419870574800152 0.2631578947368421
15 0.6841103710751666 0.5578947368421052 0.11419870574800152 0.2631578947368421
12 0.3549000951474786 0.6105263157894736 0.1427483821850019 0.21052631578947367
11 0.5261655566127498 0.5578947368421052 0.1427483821850019 0.21052631578947367
9 0.8258801141769744 0.6894736842105262 0.03806623524933384 0.15789473684210525
10 0.8829686013320647 0.7421052631578947 0.03806623524933384 0.15789473684210525
5 0.1313035204567079 0.4526315789473684 0.05709935287400076 0.10526315789473684
0 0.06470028544243578 0.6578947368421053 0.01903311762466692 0.10526315789473684
0 0.9590865842055186 0.4473684210526315 0.01903311762466692 0.10526315789473684
0 0.2740247383444339 0.8157894736842105 0.01903311762466692 0.10526315789473684
