17 0.30390625 0.5214285714285715 0.109375 0.25
12 0.15078125 0.7 0.1171875 0.14285714285714285
13 0.47890625 0.20000000000000007 0.1171875 0.14285714285714285
11 0.51015625 0.41428571428571437 0.1171875 0.14285714285714285
6 0.63125 0.575 0.03125 0.10714285714285714
10 0.81875 0.32500000000000007 0.03125 0.10714285714285714
2 0.833625 0.7357142857142858 0.03125 0.10714285714285714
2 0.833625 0.5571428571428572 0.03125 0.10714285714285714
3 0.69453125 0.34285714285714286 0.03125 0.10714285714285714
5 0.75625 0.32500000000000007 0.03125 0.10714285714285714
0 0.81875 0.8928571428571429 0.015625 0.07142857142857142
0 0.709375 0.18571428571428583 0.015625 0.07142857142857142
0 0.44375 0.5535714285714286 0.015625 0.07142857142857142
