12 0.7542635658914728 0.3321234119782215 0.11627906976744186 0.14524328249818447
16 0.5604651162790697 0.368421052631579 0.17829457364341086 0.36310820624546114
12 0.3821705426356589 0.4410163339382941 0.11627906976744186 0.14524328249818447
11 0.8937984496124031 0.3321234119782215 0.11627906976744186 0.14524328249818447
10 0.21550387596899226 0.22323049001814887 0.046511627906976744 0.07262164124909223
1 0.20849612403100776 0.5499092558983666 0.031007751937984496 0.10893246187363835
2 0.238015503875969 0.8765880217785844 0.031007751937984496 0.10893246187363835
0 0.16124031007751938 0.6914700544464609 0.015503875968992248 0.07262164124909223
0 0.16124031007751938 0.3647912885662432 0.015503875968992248 0.07262164124909223
0 0.9674418604651163 0.4736842105263158 0.015503875968992248 0.07262164124909223
