11 0.6575429662635264 0.4571428571428571 0.09549274255156608 0.19047619047619047
13 0.5302355187778485 0.5047619047619047 0.09549274255156608 0.19047619047619047
12 0.27562062380649266 0.4571428571428571 0.09549274255156608 0.19047619047619047
11 0.14831317632081478 0.4095238095238095 0.09549274255156608 0.19047619047619047
11 0.40292807129217056 0.4571428571428571 0.09549274255156608 0.19047619047619047
11 0.7975811584977722 0.17142857142857149 0.09549274255156608 0.19047619047619047
6 0.9217059197963082 0.6238095238095238 0.02546473134708429 0.14285714285714285
2 0.7950095480585615 0.6 0.02546473134708429 0.14285714285714285
3 0.8714194780394654 0.6 0.02546473134708429 0.14285714285714285
0 0.8835136855506048 0.9285714285714286 0.012732365673542145 0.09523809523809523
0 0.8580521960534693 0.3571428571428571 0.012732365673542145 0.09523809523809523
0 0.09420751113940166 0.5952380952380952 0.012732365673542145 0.09523809523809523
