11 0.6425619834710744 0.5216284987277353 0.10333425186001653 0.20366598778004075
12 0.35330578512396693 0.5216284987277353 0.10333425186001653 0.20366598778004075
12 0.49104683195592286 0.5725190839694656 0.10333425186001653 0.20366598778004075
11 0.215564738292011 0.5725190839694656 0.10333425186001653 0.20366598778004075
9 0.8044077134986226 0.4452926208651399 0.02755580049600441 0.15274949083503056
10 0.8044077134986226 0.19083969465648853 0.02755580049600441 0.15274949083503056
2 0.7499724517906337 0.6743002544529262 0.02755580049600441 0.15274949083503056
4 0.9152892561983472 0.6743002544529262 0.02755580049600441 0.15274949083503056
3 0.8588154269972451 0.6743002544529262 0.02755580049600441 0.15274949083503056
0 0.8457300275482094 0.9236641221374046 0.013777900248002205 0.10183299389002037
0 0.5840220385674931 0.7201017811704835 0.013777900248002205 0.10183299389002037
