11 0.2694656488549618 0.32999999999999996 0.11450381679389313 0.2
11 0.4526717557251908 0.48 0.11450381679389313 0.2
12 0.3 0.63 0.11450381679389313 0.2
12 0.8954198473282442 0.73 0.11450381679389313 0.2
14 0.10534351145038168 0.38 0.0916030534351145 0.15
6 0.5709923664122137 0.405 0.030534351145038167 0.15
9 0.6625954198473282 0.355 0.030534351145038167 0.15
10 0.616793893129771 0.405 0.030534351145038167 0.15
1 0.7396641221374046 0.38 0.030534351145038167 0.15
2 0.6771297709923664 0.6799999999999999 0.030534351145038167 0.15
0 0.6625954198473282 0.925 0.015267175572519083 0.1
0 0.9679389312977099 0.925 0.015267175572519083 0.1
0 0.23511450381679388 0.825 0.015267175572519083 0.1
0 0.051908396946564885 0.55 0.015267175572519083 0.1
