12 0.8173333333333332 0.41428571428571437 0.2 0.14285714285714285
11 0.5239999999999999 0.30714285714285716 0.2 0.14285714285714285
11 0.764 0.7357142857142858 0.2 0.14285714285714285
6 0.19733333333333333 0.18214285714285716 0.05333333333333334 0.10714285714285714
10 0.2773333333333333 0.21785714285714286 0.05333333333333334 0.10714285714285714
3 0.43600000000000005 0.7714285714285714 0.05333333333333334 0.10714285714285714
0 0.4106666666666667 0.9285714285714286 0.02666666666666667 0.07142857142857142
0 0.4106666666666667 0.6142857142857143 0.02666666666666667 0.07142857142857142
0 0.8906666666666666 0.875 0.02666666666666667 0.07142857142857142
0 0.944 0.5535714285714286 0.02666666666666667 0.07142857142857142
0 0.704 0.5535714285714286 0.02666666666666667 0.07142857142857142
0 0.4106666666666667 0.4464285714285714 0.02666666666666667 0.07142857142857142
