11 0.5054179566563468 0.5309090909090909 0.1161350263239393 0.14545454545454545
11 0.6602167182662539 0.4945454545454545 0.1161350263239393 0.14545454545454545
15 0.1695046439628483 0.31272727272727274 0.09290802105915144 0.18181818181818182
14 0.3544891640866873 0.8218181818181818 0.09290802105915144 0.10909090909090909
6 0.7647058823529412 0.5854545454545454 0.03096934035305048 0.10909090909090909
9 0.33126934984520123 0.4763636363636363 0.03096934035305048 0.10909090909090909
1 0.8273684210526316 0.3854545454545455 0.03096934035305048 0.10909090909090909
2 0.9047678018575852 0.6036363636363636 0.03096934035305048 0.10909090909090909
2 0.31653250773993813 0.31272727272727274 0.03096934035305048 0.10909090909090909
0 0.33126934984520123 0.6363636363636364 0.01548467017652524 0.07272727272727272
0 0.33126934984520123 0.15272727272727282 0.01548467017652524 0.07272727272727272
0 0.9504643962848298 0.7454545454545455 0.01548467017652524 0.07272727272727272
0 0.238390092879257 0.4727272727272728 0.01548467017652524 0.07272727272727272
0 0.11455108359133129 0.4727272727272728 0.01548467017652524 0.07272727272727272
0 0.30030959752321984 0.9454545454545454 0.01548467017652524 0.07272727272727272
