12 0.16994894237782643 0.5615384615384615 0.10942515319521447 0.15384615384615385
11 0.6075857038657914 0.2923076923076924 0.10942515319521447 0.15384615384615385
11 0.3158278628738147 0.523076923076923 0.10942515319521447 0.15384615384615385
17 0.4587892049598833 0.3307692307692308 0.10213014298220018 0.2692307692307692
2 0.735929978118162 0.6 0.029180040852057193 0.11538461538461539
3 0.7636761487964988 0.36923076923076925 0.029180040852057193 0.11538461538461539
4 0.8220277169948942 0.7923076923076923 0.029180040852057193 0.11538461538461539
5 0.9102844638949672 0.3884615384615385 0.029180040852057193 0.11538461538461539
0 0.8665207877461707 0.9423076923076923 0.014590020426028597 0.07692307692307693
0 0.10795040116703138 0.7115384615384616 0.014590020426028597 0.07692307692307693
