17 0.2532786885245902 0.31739130434782614 0.11475409836065574 0.15217391304347827
15 0.24508196721311473 0.7956521739130434 0.09836065573770492 0.10869565217391304
9 0.580327868852459 0.6978260869565217 0.03278688524590164 0.06521739130434782
1 0.4811803278688524 0.8391304347826087 0.03278688524590164 0.06521739130434782
2 0.6779016393442623 0.5782608695652174 0.03278688524590164 0.06521739130434782
1 0.6466885245901639 0.8391304347826087 0.03278688524590164 0.06521739130434782
1 0.6779016393442623 0.4695652173913044 0.03278688524590164 0.06521739130434782
4 0.7450819672131148 0.23043478260869565 0.03278688524590164 0.06521739130434782
5 0.760655737704918 0.35 0.03278688524590164 0.06521739130434782
5 0.8098360655737704 0.11086956521739133 0.03278688524590164 0.06521739130434782
0 0.5311475409836065 0.9456521739130435 0.01639344262295082 0.043478260869565216
0 0.3180327868852459 0.8913043478260869 0.01639344262295082 0.043478260869565216
