12 0.27835820895522384 0.20740740740740748 0.11194029850746269 0.14814814814814814
11 0.5171641791044775 0.31851851851851853 0.11194029850746269 0.14814814814814814
11 0.8753731343283582 0.31851851851851853 0.11194029850746269 0.14814814814814814
13 0.48731343283582085 0.837037037037037 0.11194029850746269 0.14814814814814814
14 0.1328358208955224 0.3555555555555556 0.08955223880597014 0.1111111111111111
12 0.6962686567164179 0.762962962962963 0.11194029850746269 0.14814814814814814
12 0.6664179104477612 0.3555555555555556 0.11194029850746269 0.14814814814814814
16 0.3007462686567164 0.5407407407407407 0.17164179104477612 0.37037037037037035
9 0.8343283582089552 0.8 0.04477611940298507 0.07407407407407407
0 0.8865671641791044 0.9444444444444444 0.014925373134328358 0.07407407407407407
0 0.6328358208955224 0.9074074074074074 0.014925373134328358 0.07407407407407407
0 0.8119402985074626 0.4629629629629629 0.014925373134328358 0.07407407407407407
0 0.45373134328358206 0.4629629629629629 0.014925373134328358 0.07407407407407407
