11 0.48192090395480225 0.30285714285714294 0.0847457627118644 0.11428571428571428
11 0.1429378531073446 0.10285714285714287 0.0847457627118644 0.11428571428571428
16 0.8943502824858758 0.5885714285714286 0.12994350282485875 0.2857142857142857
17 0.3666666666666667 0.27428571428571435 0.07909604519774012 0.2
11 0.25593220338983047 0.13142857142857145 0.0847457627118644 0.11428571428571428
12 0.8774011299435029 0.24571428571428577 0.0847457627118644 0.11428571428571428
11 0.5949152542372881 0.30285714285714294 0.0847457627118644 0.11428571428571428
10 0.8293785310734464 0.9171428571428571 0.022598870056497175 0.08571428571428572
1 0.6932429378531073 0.24571428571428577 0.022598870056497175 0.08571428571428572
5 0.7615819209039548 0.23142857142857143 0.022598870056497175 0.08571428571428572
0 0.7276836158192092 0.3571428571428571 0.011299435028248588 0.05714285714285714
0 0.976271186440678 0.7857142857142857 0.011299435028248588 0.05714285714285714
0 0.8293785310734464 0.7857142857142857 0.011299435028248588 0.05714285714285714
0 0.9310734463276836 0.3571428571428571 0.011299435028248588 0.05714285714285714
0 0.8293785310734464 0.3571428571428571 0.011299435028248588 0.05714285714285714
