11 0.6413533834586466 0.504 0.11278195488721804 0.16
12 0.1150375939849624 0.584 0.11278195488721804 0.16
12 0.28045112781954884 0.624 0.11278195488721804 0.16
11 0.4909774436090225 0.544 0.11278195488721804 0.16
16 0.30300751879699245 0.264 0.17293233082706766 0.4
11 0.28045112781954884 0.864 0.11278195488721804 0.16
12 0.7917293233082706 0.46399999999999997 0.11278195488721804 0.16
5 0.9157894736842105 0.46399999999999997 0.045112781954887216 0.08
0 0.9684210526315791 0.62 0.015037593984962405 0.08
0 0.05112781954887218 0.74 0.015037593984962405 0.08
