14 0.8181818181818181 0.4727272727272728 0.10803024846957147 0.09090909090909091
12 0.45364536453645365 0.4727272727272728 0.13503781058696435 0.12121212121212122
17 0.6300630063006301 0.3212121212121213 0.12603528988116672 0.21212121212121213
11 0.8316831683168316 0.290909090909091 0.13503781058696435 0.12121212121212122
6 0.7911791179117912 0.7 0.036010082823190494 0.09090909090909091
9 0.25112511251125114 0.7909090909090909 0.036010082823190494 0.09090909090909091
9 0.08910891089108912 0.7909090909090909 0.036010082823190494 0.09090909090909091
1 0.16025202520252027 0.5333333333333334 0.036010082823190494 0.09090909090909091
4 0.23402340234023403 0.38181818181818183 0.036010082823190494 0.09090909090909091
0 0.08910891089108912 0.9545454545454546 0.018005041411595247 0.06060606060606061
0 0.14311431143114314 0.6666666666666667 0.018005041411595247 0.06060606060606061
0 0.7911791179117912 0.8333333333333334 0.018005041411595247 0.06060606060606061
0 0.8991899189918992 0.5757575757575757 0.018005041411595247 0.06060606060606061
0 0.37713771377137717 0.5909090909090908 0.018005041411595247 0.06060606060606061
