11 0.2894308943089431 0.8071428571428572 0.24398178269355889 0.14285714285714285
16 0.6959349593495935 0.23571428571428577 0.3741054001301236 0.35714285714285715
6 0.15121951219512197 0.36071428571428577 0.06506180871828236 0.10714285714285714
6 0.24878048780487805 0.36071428571428577 0.06506180871828236 0.10714285714285714
3 0.5430894308943089 0.8071428571428572 0.06506180871828236 0.10714285714285714
0 0.5739837398373984 0.6499999999999999 0.03253090435914118 0.07142857142857142
0 0.24878048780487805 0.5178571428571428 0.03253090435914118 0.07142857142857142
0 0.15121951219512197 0.9464285714285714 0.03253090435914118 0.07142857142857142
0 0.9317073170731707 0.4821428571428571 0.03253090435914118 0.07142857142857142
0 0.5089430894308943 0.4821428571428571 0.03253090435914118 0.07142857142857142
