12 0.8765765765765765 0.2294776119402986 0.13513513513513514 0.14925373134328357
12 0.49819819819819816 0.37873134328358216 0.13513513513513514 0.14925373134328357
11 0.6963963963963964 0.41604477611940305 0.13513513513513514 0.14925373134328357
15 0.3054054054054054 0.30410447761194037 0.10810810810810811 0.1865671641791045
6 0.12432432432432433 0.2294776119402986 0.05405405405405406 0.07462686567164178
10 0.863063063063063 0.5279850746268657 0.05405405405405406 0.07462686567164178
5 0.863063063063063 0.8264925373134329 0.05405405405405406 0.07462686567164178
0 0.9261261261261261 0.6735074626865671 0.018018018018018018 0.07462686567164178
0 0.06126126126126126 0.375 0.018018018018018018 0.07462686567164178
0 0.9621621621621621 0.375 0.018018018018018018 0.07462686567164178
0 0.4216216216216216 0.5242537313432836 0.018018018018018018 0.07462686567164178
0 0.6198198198198198 0.5615671641791045 0.018018018018018018 0.07462686567164178
0 0.24144144144144145 0.46828358208955223 0.018018018018018018 0.07462686567164178
