14 0.40897435897435896 0.2923076923076924 0.07692307692307693 0.11538461538461539
11 0.29038461538461535 0.44615384615384623 0.09615384615384616 0.15384615384615385
16 0.5532051282051282 0.3307692307692308 0.14743589743589744 0.38461538461538464
17 0.1596153846153846 0.676923076923077 0.08974358974358974 0.2692307692307692
14 0.15256410256410258 0.36923076923076925 0.07692307692307693 0.11538461538461539
11 0.7134615384615385 0.2923076923076924 0.09615384615384616 0.15384615384615385
11 0.41858974358974355 0.48461538461538456 0.09615384615384616 0.15384615384615385
1 0.9160000000000001 0.36923076923076925 0.02564102564102564 0.11538461538461539
1 0.825025641025641 0.6384615384615384 0.02564102564102564 0.11538461538461539
3 0.825 0.36923076923076925 0.02564102564102564 0.11538461538461539
0 0.8641025641025641 0.7884615384615384 0.01282051282051282 0.07692307692307693
0 0.1717948717948718 0.9423076923076923 0.01282051282051282 0.07692307692307693
