16 0.17983870967741933 0.6639999999999999 0.18548387096774194 0.4
11 0.4137096774193548 0.30400000000000005 0.12096774193548387 0.16
14 0.1435483870967742 0.3440000000000001 0.0967741935483871 0.12
12 0.44596774193548383 0.784 0.12096774193548387 0.16
11 0.6233870967741936 0.544 0.12096774193548387 0.16
11 0.4137096774193548 0.544 0.12096774193548387 0.16
9 0.7645161290322581 0.764 0.03225806451612903 0.12
2 0.7798709677419354 0.544 0.03225806451612903 0.12
4 0.878225806451613 0.18400000000000005 0.03225806451612903 0.12
5 0.7645161290322581 0.20400000000000007 0.03225806451612903 0.12
0 0.7645161290322581 0.94 0.016129032258064516 0.08
0 0.8290322580645161 0.33999999999999997 0.016129032258064516 0.08
0 0.37741935483870964 0.94 0.016129032258064516 0.08
