15 0.10927672955974843 0.36923076923076925 0.09433962264150944 0.19230769230769232
17 0.43160377358490565 0.6 0.11006289308176101 0.2692307692307692
11 0.5919811320754716 0.5615384615384615 0.1179245283018868 0.15384615384615385
12 0.6234276729559748 0.2153846153846154 0.1179245283018868 0.15384615384615385
11 0.8278301886792453 0.2923076923076924 0.1179245283018868 0.15384615384615385
17 0.25864779874213834 0.6 0.11006289308176101 0.2692307692307692
6 0.8396226415094339 0.6576923076923077 0.031446540880503145 0.11538461538461539
1 0.7774842767295598 0.6384615384615384 0.031446540880503145 0.11538461538461539
1 0.9174842767295597 0.6384615384615384 0.031446540880503145 0.11538461538461539
0 0.7924528301886792 0.8461538461538461 0.015723270440251572 0.07692307692307693
0 0.05345911949685534 0.5384615384615384 0.015723270440251572 0.07692307692307693
0 0.27358490566037735 0.8653846153846154 0.015723270440251572 0.07692307692307693
0 0.36792452830188677 0.8653846153846154 0.015723270440251572 0.07692307692307693
0 0.5566037735849056 0.3653846153846154 0.015723270440251572 0.07692307692307693
0 0.9025157232704402 0.4423076923076923 0.015723270440251572 0.07692307692307693
0 0.761006289308176 0.4423076923076923 0.015723270440251572 0.07692307692307693
