15 0.16343283582089552 0.5249999999999999 0.08955223880597014 0.20833333333333334
13 0.5022388059701492 0.4 0.11194029850746269 0.16666666666666666
11 0.3529850746268656 0.44166666666666665 0.11194029850746269 0.16666666666666666
11 0.8305970149253731 0.15000000000000002 0.11194029850746269 0.16666666666666666
15 0.5216417910447761 0.6916666666666667 0.08955223880597014 0.20833333333333334
11 0.6664179104477612 0.6499999999999999 0.11194029850746269 0.16666666666666666
3 0.8111940298507462 0.5666666666666667 0.029850746268656716 0.125
4 0.887313432835821 0.5666666666666667 0.029850746268656716 0.125
0 0.9014925373134328 0.3125 0.014925373134328358 0.08333333333333333
0 0.4686567164179104 0.875 0.014925373134328358 0.08333333333333333
0 0.11044776119402985 0.7083333333333333 0.014925373134328358 0.08333333333333333
0 0.28955223880597014 0.6041666666666667 0.014925373134328358 0.08333333333333333
