13 0.7069565217391304 0.3400000000000001 0.13043478260869565 0.1
13 0.8808695652173912 0.09000000000000008 0.13043478260869565 0.1
11 0.5330434782608695 0.365 0.13043478260869565 0.1
13 0.8808695652173912 0.31500000000000006 0.13043478260869565 0.1
9 0.2852173913043478 0.5525 0.034782608695652174 0.075
10 0.37217391304347824 0.4275 0.034782608695652174 0.075
10 0.37217391304347824 0.2775000000000001 0.034782608695652174 0.075
1 0.3017739130434783 0.69 0.034782608695652174 0.075
2 0.2686608695652174 0.815 0.034782608695652174 0.075
4 0.19739130434782612 0.815 0.034782608695652174 0.075
0 0.2852173913043478 0.9625 0.017391304347826087 0.05
0 0.9634782608695652 0.4125 0.017391304347826087 0.05
0 0.9634782608695652 0.1875 0.017391304347826087 0.05
