11 0.46775510204081633 0.7151515151515151 0.12246897452645329 0.12121212121212122
12 0.6310204081632653 0.5636363636363637 0.12246897452645329 0.12121212121212122
11 0.30448979591836733 0.6848484848484848 0.12246897452645329 0.12121212121212122
14 0.14530612244897959 0.7151515151515151 0.09797517962116264 0.09090909090909091
11 0.6310204081632653 0.7454545454545454 0.12246897452645329 0.12121212121212122
17 0.6604081632653062 0.20000000000000007 0.11430437622468975 0.21212121212121213
6 0.806530612244898 0.24545454545454548 0.032658393207054215 0.09090909090909091
10 0.806530612244898 0.6393939393939394 0.032658393207054215 0.09090909090909091
2 0.8889469387755102 0.6242424242424243 0.032658393207054215 0.09090909090909091
5 0.9044897959183673 0.8212121212121212 0.032658393207054215 0.09090909090909091
0 0.9044897959183673 0.9545454545454546 0.016329196603527107 0.06060606060606061
0 0.5942857142857143 0.40909090909090906 0.016329196603527107 0.06060606060606061
