11 0.3174496644295302 0.4666666666666667 0.10067114093959731 0.09523809523809523
11 0.7604026845637584 0.4190476190476191 0.10067114093959731 0.09523809523809523
11 0.9080536912751679 0.3238095238095239 0.10067114093959731 0.09523809523809523
11 0.9080536912751679 0.5380952380952382 0.10067114093959731 0.09523809523809523
16 0.4583892617449664 0.4190476190476191 0.15436241610738255 0.23809523809523808
15 0.1604026845637584 0.5142857142857143 0.08053691275167785 0.11904761904761904
13 0.9080536912751679 0.08571428571428574 0.10067114093959731 0.09523809523809523
15 0.6167785234899329 0.4190476190476191 0.08053691275167785 0.11904761904761904
6 0.8979865771812081 0.7285714285714285 0.040268456375838924 0.047619047619047616
5 0.8778523489932887 0.930952380952381 0.026845637583892617 0.07142857142857142
0 0.9449664429530202 0.8214285714285714 0.013422818791946308 0.047619047619047616
0 0.9718120805369128 0.6309523809523809 0.013422818791946308 0.047619047619047616
0 0.9718120805369128 0.41666666666666663 0.013422818791946308 0.047619047619047616
0 0.22013422818791945 0.6190476190476191 0.013422818791946308 0.047619047619047616
0 0.9718120805369128 0.1785714285714286 0.013422818791946308 0.047619047619047616
