11 0.7755255255255256 0.6592292089249492 0.11264644037248422 0.16233766233766234
11 0.3400900900900901 0.6997971602434077 0.11264644037248422 0.16233766233766234
12 0.49024024024024027 0.6592292089249492 0.11264644037248422 0.16233766233766234
11 0.31006006006006004 0.45638945233265715 0.11264644037248422 0.16233766233766234
13 0.6253753753753754 0.6186612576064908 0.11264644037248422 0.16233766233766234
17 0.14189189189189189 0.6997971602434077 0.10513667768098528 0.2840909090909091
6 0.891891891891892 0.15212981744421905 0.030039050765995796 0.12175324675324675
4 0.9076576576576578 0.5780933062880325 0.030039050765995796 0.12175324675324675
0 0.921921921921922 0.3995943204868153 0.015019525382997898 0.08116883116883117
0 0.27627627627627627 0.8580121703853956 0.015019525382997898 0.08116883116883117
