15 0.7301282051282052 0.5232876712328767 0.07692307692307693 0.136986301369863
12 0.2775641025641025 0.7972602739726027 0.09615384615384616 0.1095890410958904
17 0.12115384615384614 0.5506849315068494 0.08974358974358974 0.1917808219178082
11 0.2775641025641025 0.5506849315068494 0.09615384615384616 0.1095890410958904
14 0.8705128205128206 0.08493150684931505 0.07692307692307693 0.0821917808219178
17 0.4288461538461539 0.5232876712328767 0.08974358974358974 0.1917808219178082
16 0.5788461538461538 0.4958904109589042 0.14743589743589744 0.273972602739726
6 0.8512820512820514 0.4547945205479452 0.02564102564102564 0.0821917808219178
5 0.8512820512820514 0.2904109589041096 0.02564102564102564 0.0821917808219178
0 0.7871794871794872 0.6438356164383562 0.01282051282051282 0.0547945205479452
0 0.9282051282051282 0.17808219178082196 0.01282051282051282 0.0547945205479452
0 0.22307692307692306 0.904109589041096 0.01282051282051282 0.0547945205479452
0 0.3769230769230769 0.7123287671232876 0.01282051282051282 0.0547945205479452
0 0.22307692307692306 0.6575342465753424 0.01282051282051282 0.0547945205479452
