11 0.42167381974248924 0.6096822995461422 0.1609442060085837 0.12106537530266344
12 0.6362660944206008 0.5794251134644477 0.1609442060085837 0.12106537530266344
12 0.20708154506437768 0.5794251134644477 0.1609442060085837 0.12106537530266344
12 0.8508583690987124 0.21633888048411498 0.1609442060085837 0.12106537530266344
3 0.8680257510729614 0.4886535552193646 0.04291845493562232 0.09079903147699758
3 0.8251072961373391 0.9122541603630863 0.04291845493562232 0.09079903147699758
5 0.6630901287553648 0.1860816944024205 0.06437768240343347 0.06053268765133172
0 0.5879828326180258 0.3040847201210287 0.02145922746781116 0.06053268765133172
0 0.8025751072961372 0.6369137670196672 0.02145922746781116 0.06053268765133172
0 0.8454935622317596 0.7791225416036308 0.02145922746781116 0.06053268765133172
0 0.9527896995708154 0.3343419062027231 0.02145922746781116 0.06053268765133172
