16 0.8503999999999999 0.6967741935483871 0.184 0.3225806451612903
15 0.19119999999999998 0.37419354838709684 0.096 0.16129032258064516
11 0.3944 0.1806451612903226 0.12 0.12903225806451613
12 0.3944 0.37419354838709684 0.12 0.12903225806451613
14 0.38239999999999996 0.567741935483871 0.096 0.0967741935483871
1 0.533632 0.567741935483871 0.032 0.0967741935483871
1 0.5976319999999999 0.40645161290322585 0.032 0.0967741935483871
3 0.6632 0.7935483870967742 0.032 0.0967741935483871
0 0.6784 0.935483870967742 0.016 0.06451612903225806
0 0.9663999999999999 0.9193548387096774 0.016 0.06451612903225806
0 0.26239999999999997 0.5161290322580645 0.016 0.06451612903225806
