11 0.8969924812030075 0.34193548387096784 0.11278195488721804 0.12903225806451613
16 0.693984962406015 0.3096774193548387 0.17293233082706766 0.3225806451612903
11 0.5210526315789473 0.24516129032258072 0.11278195488721804 0.12903225806451613
6 0.11127819548872181 0.1645161290322581 0.03007518796992481 0.0967741935483871
1 0.2609323308270677 0.43870967741935485 0.03007518796992481 0.0967741935483871
4 0.17218045112781954 0.6322580645161291 0.03007518796992481 0.0967741935483871
3 0.3225563909774436 0.7935483870967742 0.03007518796992481 0.0967741935483871
4 0.20075187969924815 0.1483870967741936 0.03007518796992481 0.0967741935483871
5 0.3819548872180451 0.1645161290322581 0.03007518796992481 0.0967741935483871
0 0.3368421052631579 0.935483870967742 0.015037593984962405 0.06451612903225806
0 0.11127819548872181 0.30645161290322576 0.015037593984962405 0.06451612903225806
0 0.9684210526315791 0.467741935483871 0.015037593984962405 0.06451612903225806
0 0.8330827067669173 0.467741935483871 0.015037593984962405 0.06451612903225806
0 0.45714285714285713 0.3709677419354839 0.015037593984962405 0.06451612903225806
