12 0.8616161616161616 0.4121212121212121 0.15151515151515152 0.12121212121212122
14 0.806060606060606 0.6848484848484848 0.12121212121212122 0.09090909090909091
11 0.23535353535353537 0.38181818181818183 0.15151515151515152 0.12121212121212122
6 0.4121212121212121 0.30606060606060614 0.04040404040404041 0.09090909090909091
6 0.4121212121212121 0.15454545454545454 0.04040404040404041 0.09090909090909091
6 0.4121212121212121 0.6696969696969697 0.04040404040404041 0.09090909090909091
2 0.4938989898989899 0.503030303030303 0.04040404040404041 0.09090909090909091
1 0.5747070707070707 0.6545454545454545 0.04040404040404041 0.09090909090909091
5 0.4121212121212121 0.8212121212121212 0.04040404040404041 0.09090909090909091
0 0.4121212121212121 0.9545454545454546 0.020202020202020204 0.06060606060606061
0 0.896969696969697 0.7878787878787878 0.020202020202020204 0.06060606060606061
0 0.9575757575757575 0.5303030303030303 0.020202020202020204 0.06060606060606061
0 0.7757575757575758 0.5303030303030303 0.020202020202020204 0.06060606060606061
