11 0.80998613037448 0.5502392344497606 0.2081021087680355 0.19138755980861244
10 0.1373092926490985 0.19138755980861244 0.05549389567147614 0.14354066985645933
1 0.5824687933425797 0.215311004784689 0.05549389567147614 0.14354066985645933
4 0.24687933425797506 0.215311004784689 0.05549389567147614 0.14354066985645933
4 0.41608876560332875 0.69377990430622 0.05549389567147614 0.14354066985645933
5 0.6088765603328711 0.7177033492822966 0.05549389567147614 0.14354066985645933
0 0.44244105409153955 0.9043062200956937 0.02774694783573807 0.09569377990430622
0 0.33148404993065195 0.4019138755980861 0.02774694783573807 0.09569377990430622
0 0.49791955617198336 0.4019138755980861 0.02774694783573807 0.09569377990430622
0 0.9417475728155339 0.7368421052631579 0.02774694783573807 0.09569377990430622
