17 0.8815126050420169 0.70625 0.11764705882352941 0.21875
16 0.28823529411764703 0.55 0.19327731092436976 0.3125
11 0.2966386554621849 0.83125 0.12605042016806722 0.125
13 0.8848739495798319 0.33125000000000004 0.12605042016806722 0.125
16 0.5235294117647059 0.48750000000000004 0.19327731092436976 0.3125
11 0.2966386554621849 0.17500000000000004 0.12605042016806722 0.125
1 0.7286050420168066 0.55 0.03361344537815126 0.09375
0 0.7126050420168067 0.6875 0.01680672268907563 0.0625
0 0.9647058823529412 0.921875 0.01680672268907563 0.0625
0 0.9647058823529412 0.453125 0.01680672268907563 0.0625
0 0.22521008403361345 0.953125 0.01680672268907563 0.0625
0 0.22521008403361345 0.296875 0.01680672268907563 0.0625
