11 0.5502762430939226 0.5027027027027027 0.16578249336870027 0.10810810810810811
11 0.5060773480662983 0.0972972972972973 0.16578249336870027 0.10810810810810811
11 0.5392265193370166 0.2594594594594595 0.16578249336870027 0.10810810810810811
17 0.7668508287292818 0.44864864864864873 0.15473032714412024 0.1891891891891892
13 0.7712707182320442 0.854054054054054 0.16578249336870027 0.10810810810810811
9 0.10276243093922653 0.3810810810810811 0.04420866489832007 0.08108108108108109
9 0.16906077348066298 0.3540540540540541 0.04420866489832007 0.08108108108108109
1 0.28061878453038674 0.3675675675675676 0.04420866489832007 0.08108108108108109
0 0.10276243093922653 0.5540540540540541 0.022104332449160036 0.05405405405405406
0 0.8762430939226519 0.9594594594594594 0.022104332449160036 0.05405405405405406
0 0.45635359116022095 0.6081081081081081 0.022104332449160036 0.05405405405405406
0 0.4453038674033149 0.3648648648648649 0.022104332449160036 0.05405405405405406
