16 0.8635036496350366 0.132 0.1678832116788321 0.2
13 0.8124087591240876 0.692 0.10948905109489052 0.08
17 0.8094890510948906 0.45200000000000007 0.10218978102189781 0.14
14 0.6116788321167883 0.512 0.08759124087591241 0.06
11 0.4912408759124087 0.552 0.10948905109489052 0.08
12 0.6518248175182482 0.6120000000000001 0.10948905109489052 0.08
12 0.1846715328467153 0.532 0.10948905109489052 0.08
11 0.33065693430656934 0.532 0.10948905109489052 0.08
1 0.7934598540145985 0.872 0.029197080291970802 0.06
0 0.7795620437956204 0.97 0.014598540145985401 0.04
0 0.8817518248175182 0.77 0.014598540145985401 0.04
0 0.8817518248175182 0.5900000000000001 0.014598540145985401 0.04
0 0.9693430656934308 0.27 0.014598540145985401 0.04
0 0.7795620437956204 0.27 0.014598540145985401 0.04
0 0.5897810218978102 0.69 0.014598540145985401 0.04
