17 0.7011320754716982 0.5034482758620691 0.10567632850241546 0.2413793103448276
13 0.870188679245283 0.26206896551724146 0.11322463768115942 0.13793103448275862
13 0.5381132075471697 0.5034482758620691 0.11322463768115942 0.13793103448275862
15 0.1652830188679245 0.19310344827586212 0.09057971014492754 0.1724137931034483
12 0.5079245283018867 0.29655172413793107 0.11322463768115942 0.13793103448275862
12 0.34188679245283016 0.3310344827586207 0.11322463768115942 0.13793103448275862
13 0.5381132075471697 0.8137931034482758 0.11322463768115942 0.13793103448275862
9 0.16452830188679246 0.46896551724137936 0.04528985507246377 0.06896551724137931
10 0.9116981132075471 0.5896551724137931 0.030193236714975844 0.10344827586206896
3 0.8520754716981133 0.6068965517241379 0.030193236714975844 0.10344827586206896
0 0.11169811320754718 0.603448275862069 0.015096618357487922 0.06896551724137931
0 0.9418867924528301 0.39655172413793105 0.015096618357487922 0.06896551724137931
0 0.4739622641509434 0.9482758620689655 0.015096618357487922 0.06896551724137931
0 0.4739622641509434 0.6379310344827587 0.015096618357487922 0.06896551724137931
0 0.23245283018867924 0.3448275862068966 0.015096618357487922 0.06896551724137931
0 0.11169811320754718 0.3448275862068966 0.015096618357487922 0.06896551724137931
