17 0.8906976744186047 0.22000000000000008 0.10852713178294573 0.23333333333333334
17 0.72015503875969 0.3866666666666667 0.10852713178294573 0.23333333333333334
11 0.27364341085271315 0.5866666666666667 0.11627906976744186 0.13333333333333333
12 0.24263565891472866 0.32000000000000006 0.11627906976744186 0.13333333333333333
6 0.827906976744186 0.6033333333333333 0.031007751937984496 0.1
9 0.39379844961240307 0.40333333333333343 0.031007751937984496 0.1
1 0.4085581395348837 0.22000000000000008 0.031007751937984496 0.1
3 0.4720930232558139 0.5866666666666667 0.031007751937984496 0.1
3 0.4720930232558139 0.7866666666666666 0.031007751937984496 0.1
4 0.5480620155038759 0.7866666666666666 0.031007751937984496 0.1
0 0.5333333333333333 0.95 0.015503875968992248 0.06666666666666667
0 0.827906976744186 0.75 0.015503875968992248 0.06666666666666667
0 0.6573643410852713 0.6166666666666667 0.015503875968992248 0.06666666666666667
0 0.9674418604651163 0.44999999999999996 0.015503875968992248 0.06666666666666667
0 0.827906976744186 0.44999999999999996 0.015503875968992248 0.06666666666666667
0 0.20775193798449612 0.7166666666666667 0.015503875968992248 0.06666666666666667
