11 0.274757281553398 0.8108581436077058 0.14563106796116504 0.1401541695865452
14 0.716504854368932 0.14535901926444839 0.11650485436893204 0.1051156271899089
13 0.7310679611650485 0.32049036777583195 0.14563106796116504 0.1401541695865452
12 0.24563106796116502 0.6007005253940456 0.14563106796116504 0.1401541695865452
10 0.570873786407767 0.7933450087565674 0.038834951456310676 0.1051156271899089
10 0.4349514563106796 0.4430823117338004 0.038834951456310676 0.1051156271899089
10 0.4349514563106796 0.7583187390542907 0.038834951456310676 0.1051156271899089
10 0.8912621359223301 0.21541155866900186 0.05825242718446602 0.0700770847932726
1 0.5523883495145631 0.42556917688266205 0.038834951456310676 0.1051156271899089
0 0.4932038834951456 0.5621716287215412 0.019417475728155338 0.0700770847932726
0 0.9592233009708737 0.35201401050788095 0.019417475728155338 0.0700770847932726
0 0.19223300970873788 0.9474605954465849 0.019417475728155338 0.0700770847932726
