15 0.35091926458832934 0.4076923076923078 0.09593859929645027 0.19230769230769232
11 0.20223820943245402 0.4076923076923078 0.11992324912056283 0.15384615384615385
11 0.5059952038369304 0.48461538461538456 0.11992324912056283 0.15384615384615385
6 0.8537170263788969 0.6961538461538461 0.03197953309881676 0.11538461538461539
9 0.9016786570743406 0.7346153846153847 0.03197953309881676 0.11538461538461539
1 0.7410391686650679 0.5615384615384615 0.03197953309881676 0.11538461538461539
3 0.6290967226219024 0.17692307692307696 0.03197953309881676 0.11538461538461539
0 0.7258193445243805 0.7307692307692308 0.01598976654940838 0.07692307692307693
0 0.6778577138289369 0.32692307692307687 0.01598976654940838 0.07692307692307693
0 0.8537170263788969 0.9423076923076923 0.01598976654940838 0.07692307692307693
