11 0.41559633027522935 0.34545454545454557 0.13761467889908258 0.18181818181818182
12 0.8743119266055046 0.3909090909090909 0.13761467889908258 0.18181818181818182
17 0.21009174311926604 0.30000000000000004 0.12844036697247707 0.3181818181818182
6 0.8238532110091743 0.7545454545454545 0.05504587155963303 0.09090909090909091
2 0.6670091743119265 0.4363636363636364 0.03669724770642202 0.13636363636363635
3 0.5568807339449541 0.4363636363636364 0.03669724770642202 0.13636363636363635
0 0.6128440366972476 0.6136363636363636 0.01834862385321101 0.09090909090909091
0 0.8880733944954128 0.9318181818181819 0.01834862385321101 0.09090909090909091
0 0.9614678899082568 0.5681818181818181 0.01834862385321101 0.09090909090909091
0 0.7963302752293577 0.5681818181818181 0.01834862385321101 0.09090909090909091
0 0.13577981651376148 0.6136363636363636 0.01834862385321101 0.09090909090909091
