15 0.12990654205607477 0.58125 0.11214953271028037 0.15625
12 0.797196261682243 0.11250000000000004 0.14018691588785046 0.125
14 0.7831775700934579 0.76875 0.11214953271028037 0.09375
11 0.516822429906542 0.58125 0.14018691588785046 0.125
16 0.8252336448598131 0.39375000000000004 0.21495327102803738 0.3125
15 0.316822429906542 0.64375 0.11214953271028037 0.15625
9 0.6429906542056074 0.815625 0.037383177570093455 0.09375
9 0.6429906542056074 0.628125 0.037383177570093455 0.09375
0 0.6429906542056074 0.953125 0.018691588785046728 0.0625
0 0.8672897196261682 0.875 0.018691588785046728 0.0625
0 0.9607476635514018 0.609375 0.018691588785046728 0.0625
0 0.06355140186915888 0.71875 0.018691588785046728 0.0625
