15 0.36370262390670555 0.24615384615384617 0.08748906386701662 0.1282051282051282
11 0.7529154518950437 0.09230769230769231 0.10936132983377078 0.10256410256410256
16 0.19169096209912537 0.27179487179487183 0.16768737241178186 0.2564102564102564
11 0.5779883381924199 0.32307692307692315 0.10936132983377078 0.10256410256410256
11 0.3957725947521866 0.4 0.10936132983377078 0.10256410256410256
9 0.7638483965014577 0.8487179487179487 0.029163021289005542 0.07692307692307693
3 0.9103498542274053 0.8358974358974359 0.029163021289005542 0.07692307692307693
3 0.8228862973760934 0.6820512820512821 0.029163021289005542 0.07692307692307693
3 0.7062682215743441 0.32307692307692315 0.029163021289005542 0.07692307692307693
4 0.8228862973760934 0.5538461538461539 0.029163021289005542 0.07692307692307693
0 0.8658892128279884 0.9358974358974359 0.014581510644502771 0.05128205128205128
0 0.8367346938775511 0.4410256410256411 0.014581510644502771 0.05128205128205128
0 0.8221574344023324 0.1923076923076923 0.014581510644502771 0.05128205128205128
0 0.6909620991253644 0.1923076923076923 0.014581510644502771 0.05128205128205128
0 0.1078717201166181 0.4487179487179487 0.014581510644502771 0.05128205128205128
0 0.5160349854227405 0.42307692307692313 0.014581510644502771 0.05128205128205128
0 0.3338192419825073 0.5 0.014581510644502771 0.05128205128205128
