11 0.2099099099099099 0.1752380952380953 0.13513513513513514 0.1524390243902439
11 0.8765765765765765 0.6704761904761904 0.13513513513513514 0.1524390243902439
12 0.37207207207207205 0.13714285714285723 0.13513513513513514 0.1524390243902439
9 0.5477477477477477 0.42285714285714293 0.036036036036036036 0.11432926829268293
9 0.49369369369369365 0.1942857142857144 0.036036036036036036 0.11432926829268293
10 0.6018018018018018 0.1942857142857144 0.036036036036036036 0.11432926829268293
10 0.49369369369369365 0.42285714285714293 0.036036036036036036 0.11432926829268293
3 0.6927927927927928 0.4419047619047619 0.036036036036036036 0.11432926829268293
5 0.5207207207207207 0.8228571428571428 0.05405405405405406 0.07621951219512195
0 0.49369369369369365 0.6666666666666667 0.018018018018018018 0.07621951219512195
0 0.9621621621621621 0.819047619047619 0.018018018018018018 0.07621951219512195
0 0.13333333333333333 0.32380952380952377 0.018018018018018018 0.07621951219512195
