11 0.16524822695035463 0.18400000000000005 0.10638297872340426 0.16
12 0.3070921985815603 0.2240000000000001 0.10638297872340426 0.16
12 0.9028368794326241 0.504 0.10638297872340426 0.16
16 0.48439716312056735 0.30400000000000005 0.16312056737588654 0.4
6 0.7290780141843971 0.3640000000000001 0.028368794326241134 0.12
1 0.6432907801418439 0.744 0.028368794326241134 0.12
3 0.7865248226950355 0.744 0.028368794326241134 0.12
0 0.6865248226950355 0.94 0.014184397163120567 0.08
0 0.7999999999999999 0.568 0.014184397163120567 0.08
0 0.9702127659574469 0.6599999999999999 0.014184397163120567 0.08
0 0.1049645390070922 0.33999999999999997 0.014184397163120567 0.08
0 0.4028368794326241 0.5800000000000001 0.014184397163120567 0.08
