11 0.8765765765765765 0.51875 0.13513513513513514 0.125
15 0.2153153153153153 0.76875 0.10810810810810811 0.15625
9 0.6018018018018018 0.596875 0.036036036036036036 0.09375
9 0.34954954954954953 0.784375 0.036036036036036036 0.09375
10 0.4036036036036036 0.25312500000000004 0.036036036036036036 0.09375
1 0.6189549549549549 0.26875000000000004 0.036036036036036036 0.09375
1 0.47654054054054057 0.58125 0.036036036036036036 0.09375
4 0.6927927927927928 0.26875000000000004 0.036036036036036036 0.09375
5 0.6018018018018018 0.784375 0.036036036036036036 0.09375
0 0.34954954954954953 0.953125 0.018018018018018018 0.0625
0 0.7099099099099099 0.4375 0.018018018018018018 0.0625
0 0.7099099099099099 0.1312500000000001 0.018018018018018018 0.0625
0 0.5477477477477477 0.390625 0.018018018018018018 0.0625
0 0.9621621621621621 0.640625 0.018018018018018018 0.0625
0 0.7999999999999999 0.640625 0.018018018018018018 0.0625
