13 0.7542635658914728 0.34736842105263155 0.11627906976744186 0.21052631578947367
14 0.13798449612403102 0.4 0.09302325581395349 0.15789473684210525
11 0.1496124031007752 0.6631578947368422 0.11627906976744186 0.21052631578947367
12 0.8937984496124031 0.2947368421052632 0.11627906976744186 0.21052631578947367
11 0.3201550387596899 0.5052631578947369 0.11627906976744186 0.21052631578947367
6 0.8821705426356589 0.7157894736842105 0.046511627906976744 0.10526315789473684
2 0.5015813953488372 0.6105263157894736 0.031007751937984496 0.15789473684210525
1 0.6271007751937985 0.6105263157894736 0.031007751937984496 0.15789473684210525
3 0.5651162790697675 0.2421052631578947 0.031007751937984496 0.15789473684210525
0 0.45581395348837206 0.9210526315789473 0.015503875968992248 0.10526315789473684
0 0.9364341085271317 0.9210526315789473 0.015503875968992248 0.10526315789473684
0 0.9674418604651163 0.5 0.015503875968992248 0.10526315789473684
