14 0.25390070921985813 0.5666666666666667 0.0851063829787234 0.125
11 0.9028368794326241 0.275 0.10638297872340426 0.16666666666666666
11 0.13687943262411348 0.5249999999999999 0.10638297872340426 0.16666666666666666
11 0.44893617021276594 0.6916666666666667 0.10638297872340426 0.16666666666666666
15 0.7368794326241135 0.275 0.0851063829787234 0.20833333333333334
12 0.2858156028368794 0.775 0.10638297872340426 0.16666666666666666
1 0.5723687943262411 0.7333333333333334 0.028368794326241134 0.125
3 0.6304964539007093 0.3583333333333333 0.028368794326241134 0.125
0 0.6439716312056737 0.5416666666666667 0.014184397163120567 0.08333333333333333
0 0.9702127659574469 0.4375 0.014184397163120567 0.08333333333333333
0 0.7999999999999999 0.45833333333333337 0.014184397163120567 0.08333333333333333
0 0.38865248226950355 0.8541666666666666 0.014184397163120567 0.08333333333333333
0 0.225531914893617 0.9375 0.014184397163120567 0.08333333333333333
