13 0.2779527559055118 0.3627906976744186 0.11811023622047244 0.09302325581395349
11 0.24645669291338582 0.22325581395348837 0.11811023622047244 0.09302325581395349
16 0.852755905511811 0.5023255813953489 0.18110236220472442 0.23255813953488372
6 0.6677165354330709 0.8162790697674418 0.031496062992125984 0.06976744186046512
2 0.5409763779527559 0.40930232558139534 0.031496062992125984 0.06976744186046512
1 0.5109921259842519 0.2697674418604652 0.031496062992125984 0.06976744186046512
1 0.6054803149606299 0.5953488372093023 0.031496062992125984 0.06976744186046512
5 0.8173228346456692 0.758139534883721 0.047244094488188976 0.046511627906976744
5 0.525984251968504 0.8162790697674418 0.031496062992125984 0.06976744186046512
5 0.415748031496063 0.8395348837209302 0.031496062992125984 0.06976744186046512
0 0.8724409448818897 0.8488372093023255 0.015748031496062992 0.046511627906976744
0 0.415748031496063 0.9651162790697675 0.015748031496062992 0.046511627906976744
0 0.6204724409448819 0.6976744186046512 0.015748031496062992 0.046511627906976744
0 0.525984251968504 0.16744186046511633 0.015748031496062992 0.046511627906976744
0 0.46299212598425193 0.5 0.015748031496062992 0.046511627906976744
0 0.9669291338582677 0.6627906976744187 0.015748031496062992 0.046511627906976744
0 0.2110236220472441 0.4534883720930233 0.015748031496062992 0.046511627906976744
