14 0.8857142857142857 0.6782608695652174 0.09022556390977443 0.13043478260869565
12 0.8969924812030075 0.28695652173913044 0.11278195488721804 0.17391304347826086
16 0.7090225563909774 0.33043478260869574 0.17293233082706766 0.43478260869565216
12 0.17518796992481203 0.5913043478260869 0.11278195488721804 0.17391304347826086
6 0.5624060150375939 0.8304347826086956 0.03007518796992481 0.13043478260869565
9 0.29172932330827067 0.35217391304347834 0.03007518796992481 0.13043478260869565
1 0.44282706766917296 0.33043478260869563 0.03007518796992481 0.13043478260869565
2 0.5029774436090225 0.808695652173913 0.03007518796992481 0.13043478260869565
4 0.3676691729323308 0.5913043478260869 0.03007518796992481 0.13043478260869565
0 0.9533834586466166 0.8260869565217391 0.015037593984962405 0.08695652173913043
0 0.9684210526315791 0.4565217391304348 0.015037593984962405 0.08695652173913043
0 0.11127819548872181 0.7608695652173914 0.015037593984962405 0.08695652173913043
