11 0.5788321167883211 0.33043478260869574 0.10948905109489052 0.17391304347826086
13 0.9000000000000001 0.15652173913043488 0.10948905109489052 0.17391304347826086
13 0.2722627737226277 0.6782608695652174 0.10948905109489052 0.17391304347826086
14 0.1299270072992701 0.7217391304347827 0.08759124087591241 0.13043478260869565
15 0.5686131386861314 0.6347826086956522 0.08759124087591241 0.21739130434782608
11 0.41824817518248175 0.6347826086956522 0.10948905109489052 0.17391304347826086
11 0.7394160583941606 0.5043478260869565 0.10948905109489052 0.17391304347826086
9 0.8890510948905109 0.5043478260869565 0.043795620437956206 0.08695652173913043
9 0.8671532846715329 0.8739130434782608 0.029197080291970802 0.13043478260869565
0 0.9401459854014599 0.6739130434782609 0.014598540145985401 0.08695652173913043
0 0.9693430656934308 0.32608695652173914 0.014598540145985401 0.08695652173913043
