17 0.751685393258427 0.6583333333333334 0.15730337078651685 0.14583333333333334
16 0.7898876404494382 0.3458333333333333 0.25842696629213485 0.20833333333333334
15 0.3359550561797753 0.575 0.1348314606741573 0.10416666666666667
11 0.7561797752808989 0.07500000000000007 0.16853932584269662 0.08333333333333333
6 0.7393258426966292 0.8875 0.06741573033707865 0.041666666666666664
0 0.8179775280898877 0.96875 0.02247191011235955 0.041666666666666664
0 0.8629213483146068 0.8020833333333334 0.02247191011235955 0.041666666666666664
0 0.952808988764045 0.48958333333333337 0.02247191011235955 0.041666666666666664
0 0.8629213483146068 0.15625 0.02247191011235955 0.041666666666666664
0 0.25617977528089886 0.6666666666666667 0.02247191011235955 0.041666666666666664
