11 0.5224 0.7757575757575758 0.12 0.12121212121212122
14 0.8463999999999999 0.38181818181818183 0.096 0.09090909090909091
11 0.8904 0.10909090909090913 0.12 0.12121212121212122
11 0.6984 0.7454545454545454 0.12 0.12121212121212122
13 0.31439999999999996 0.7454545454545454 0.12 0.12121212121212122
14 0.1424 0.7151515151515151 0.096 0.09090909090909091
15 0.30319999999999997 0.4727272727272728 0.096 0.15151515151515152
9 0.4784 0.6242424242424243 0.048 0.06060606060606061
3 0.8392000000000001 0.7454545454545454 0.032 0.09090909090909091
0 0.8543999999999999 0.8787878787878788 0.016 0.06060606060606061
0 0.8543999999999999 0.6121212121212121 0.016 0.06060606060606061
0 0.9184 0.48484848484848486 0.016 0.06060606060606061
0 0.37439999999999996 0.6060606060606061 0.016 0.06060606060606061
0 0.9663999999999999 0.2272727272727273 0.016 0.06060606060606061
0 0.8224 0.2272727272727273 0.016 0.06060606060606061
0 0.45439999999999997 0.8939393939393939 0.016 0.06060606060606061
