11 0.8526881720430107 0.7545454545454545 0.16129032258064516 0.18181818181818182
12 0.20752688172043013 0.34545454545454557 0.16129032258064516 0.18181818181818182
6 0.35268817204301073 0.23181818181818192 0.043010752688172046 0.13636363636363635
2 0.37316129032258066 0.8 0.043010752688172046 0.13636363636363635
2 0.5687741935483871 0.8 0.043010752688172046 0.13636363636363635
4 0.4612903225806452 0.4818181818181818 0.043010752688172046 0.13636363636363635
5 0.589247311827957 0.23181818181818192 0.043010752688172046 0.13636363636363635
5 0.653763440860215 0.8227272727272728 0.043010752688172046 0.13636363636363635
0 0.9548387096774194 0.9318181818181819 0.021505376344086023 0.09090909090909091
0 0.7612903225806451 0.9318181818181819 0.021505376344086023 0.09090909090909091
