11 0.48320610687022897 0.5478260869565217 0.11450381679389313 0.17391304347826086
11 0.8954198473282442 0.33043478260869574 0.11450381679389313 0.17391304347826086
15 0.16717557251908396 0.7217391304347827 0.0916030534351145 0.21739130434782608
12 0.33053435114503815 0.37391304347826093 0.11450381679389313 0.17391304347826086
17 0.32748091603053436 0.7652173913043478 0.10687022900763359 0.30434782608695654
2 0.6313282442748092 0.4608695652173913 0.030534351145038167 0.13043478260869565
3 0.6923664122137404 0.24347826086956526 0.030534351145038167 0.13043478260869565
3 0.7549618320610687 0.4608695652173913 0.030534351145038167 0.13043478260869565
0 0.9679389312977099 0.5 0.015267175572519083 0.08695652173913043
0 0.11297709923664123 0.9130434782608696 0.015267175572519083 0.08695652173913043
