12 0.7310077519379845 0.18400000000000005 0.11627906976744186 0.16
11 0.1806201550387597 0.504 0.11627906976744186 0.16
16 0.3744186046511628 0.384 0.17829457364341086 0.4
12 0.8937984496124031 0.384 0.11627906976744186 0.16
11 0.5682170542635658 0.504 0.11627906976744186 0.16
11 0.3511627906976744 0.744 0.11627906976744186 0.16
10 0.6961240310077519 0.504 0.046511627906976744 0.08
5 0.8821705426356589 0.784 0.046511627906976744 0.08
0 0.9364341085271317 0.94 0.015503875968992248 0.08
0 0.9674418604651163 0.54 0.015503875968992248 0.08
0 0.6651162790697674 0.33999999999999997 0.015503875968992248 0.08
0 0.11472868217054265 0.6599999999999999 0.015503875968992248 0.08
