11 0.1632258064516129 0.48461538461538456 0.0967741935483871 0.15384615384615385
12 0.6277419354838709 0.36923076923076925 0.0967741935483871 0.15384615384615385
17 0.49612903225806454 0.3307692307692308 0.09032258064516129 0.2692307692307692
16 0.33741935483870966 0.5230769230769231 0.14838709677419354 0.38461538461538464
16 0.9051612903225807 0.36923076923076925 0.14838709677419354 0.38461538461538464
15 0.15419354838709676 0.7538461538461538 0.07741935483870968 0.19230769230769232
11 0.8858064516129033 0.7153846153846154 0.0967741935483871 0.15384615384615385
6 0.7277419354838709 0.4653846153846154 0.025806451612903226 0.11538461538461539
5 0.7664516129032258 0.42692307692307696 0.025806451612903226 0.11538461538461539
0 0.9470967741935484 0.8653846153846154 0.012903225806451613 0.07692307692307693
0 0.26322580645161286 0.7884615384615384 0.012903225806451613 0.07692307692307693
