11 0.6295210166177909 0.7562076749435666 0.14665623777864686 0.18066847335140018
12 0.3949169110459433 0.6659142212189616 0.14665623777864686 0.18066847335140018
11 0.5904203323558163 0.4853273137697517 0.14665623777864686 0.18066847335140018
10 0.09677419354838711 0.8239277652370203 0.03910833007430583 0.13550135501355012
2 0.19546432062561098 0.8465011286681715 0.03910833007430583 0.13550135501355012
2 0.8191984359726294 0.6207674943566591 0.03910833007430583 0.13550135501355012
3 0.8973607038123166 0.16930022573363435 0.03910833007430583 0.13550135501355012
0 0.8787878787878787 0.4130925507900677 0.019554165037152915 0.09033423667570009
0 0.9569892473118279 0.34537246049661396 0.019554165037152915 0.09033423667570009
0 0.5464320625610948 0.9322799097065463 0.019554165037152915 0.09033423667570009
0 0.3118279569892473 0.8419864559819413 0.019554165037152915 0.09033423667570009
