11 0.7537931034482759 0.09787234042553195 0.10344827586206896 0.0851063829787234
13 0.24344827586206894 0.6085106382978724 0.10344827586206896 0.0851063829787234
11 0.9055172413793104 0.07659574468085106 0.10344827586206896 0.0851063829787234
12 0.24344827586206894 0.4170212765957447 0.10344827586206896 0.0851063829787234
6 0.5710344827586207 0.1297872340425532 0.027586206896551724 0.06382978723404255
9 0.3641379310344827 0.5553191489361702 0.027586206896551724 0.06382978723404255
2 0.3772689655172413 0.8638297872340426 0.027586206896551724 0.06382978723404255
3 0.5579310344827587 0.672340425531915 0.027586206896551724 0.06382978723404255
3 0.44758620689655176 0.4382978723404256 0.027586206896551724 0.06382978723404255
4 0.5013793103448275 0.3319148936170213 0.027586206896551724 0.06382978723404255
0 0.3641379310344827 0.9574468085106383 0.013793103448275862 0.0425531914893617
0 0.4882758620689655 0.23829787234042554 0.013793103448275862 0.0425531914893617
0 0.5710344827586207 0.7659574468085106 0.013793103448275862 0.0425531914893617
0 0.9710344827586208 0.15957446808510634 0.013793103448275862 0.0425531914893617
0 0.18482758620689654 0.6914893617021276 0.013793103448275862 0.0425531914893617
0 0.18482758620689654 0.5 0.013793103448275862 0.0425531914893617
