11 0.9225988700564972 0.784 0.0847457627118644 0.16
16 0.27288135593220336 0.3440000000000001 0.12994350282485875 0.4
11 0.9225988700564972 0.42400000000000004 0.0847457627118644 0.16
11 0.8096045197740114 0.584 0.0847457627118644 0.16
11 0.43672316384180787 0.3440000000000001 0.0847457627118644 0.16
13 0.685310734463277 0.584 0.0847457627118644 0.16
11 0.1429378531073446 0.264 0.0847457627118644 0.16
6 0.535593220338983 0.44399999999999995 0.022598870056497175 0.12
2 0.5813333333333334 0.42399999999999993 0.022598870056497175 0.12
0 0.976271186440678 0.94 0.011299435028248588 0.08
0 0.976271186440678 0.5800000000000001 0.011299435028248588 0.08
0 0.38870056497175137 0.5 0.011299435028248588 0.08
