13 0.7022433718558804 0.34193548387096784 0.10198531411476747 0.12903225806451613
11 0.8653976886471789 0.11612903225806459 0.10198531411476747 0.12903225806451613
12 0.32154996600951735 0.43870967741935485 0.10198531411476747 0.12903225806451613
15 0.44799456152277367 0.34193548387096784 0.08158825129181398 0.16129032258064516
12 0.2943575798776343 0.24516129032258072 0.10198531411476747 0.12903225806451613
14 0.5696804894629504 0.37419354838709684 0.08158825129181398 0.0967741935483871
13 0.15839564921821891 0.2774193548387097 0.10198531411476747 0.12903225806451613
10 0.9163834126444597 0.39032258064516134 0.027196083763937992 0.0967741935483871
2 0.8613460231135283 0.6322580645161291 0.027196083763937992 0.0967741935483871
4 0.8354860639021074 0.7935483870967742 0.027196083763937992 0.0967741935483871
0 0.8484024473147519 0.935483870967742 0.013598041881968996 0.06451612903225806
0 0.10061182868796738 0.4032258064516129 0.013598041881968996 0.06451612903225806
0 0.9299796057104012 0.24193548387096775 0.013598041881968996 0.06451612903225806
0 0.8076138681169273 0.24193548387096775 0.013598041881968996 0.06451612903225806
0 0.2637661454792658 0.564516129032258 0.013598041881968996 0.06451612903225806
