15 0.6359861591695503 0.6120092378752886 0.08305647840531562 0.23105360443622922
12 0.28581314878892733 0.5658198614318706 0.10382059800664452 0.18484288354898337
13 0.16124567474048443 0.6120092378752886 0.10382059800664452 0.18484288354898337
14 0.39999999999999997 0.6120092378752886 0.08305647840531562 0.13863216266173753
14 0.5107266435986159 0.5196304849884525 0.08305647840531562 0.13863216266173753
14 0.5107266435986159 0.7505773672055427 0.08305647840531562 0.13863216266173753
10 0.7806228373702422 0.17321016166281755 0.02768549280177187 0.13863216266173753
10 0.9190311418685122 0.6812933025404156 0.02768549280177187 0.13863216266173753
1 0.8504913494809688 0.4272517321016166 0.02768549280177187 0.13863216266173753
2 0.7937993079584774 0.7043879907621247 0.02768549280177187 0.13863216266173753
0 0.9190311418685122 0.930715935334873 0.013842746400885935 0.09242144177449169
0 0.6975778546712803 0.8152424942263279 0.013842746400885935 0.09242144177449169
0 0.10242214532871972 0.792147806004619 0.013842746400885935 0.09242144177449169
