16 0.6136842105263157 0.6272401433691757 0.24210526315789474 0.35842293906810035
16 0.2978947368421052 0.5555555555555556 0.24210526315789474 0.35842293906810035
14 0.8610526315789473 0.1254480286738351 0.12631578947368421 0.10752688172043011
9 0.8610526315789473 0.6272401433691757 0.06315789473684211 0.07168458781362007
1 0.5126736842105263 0.16129032258064513 0.042105263157894736 0.10752688172043011
4 0.6410526315789473 0.16129032258064513 0.042105263157894736 0.10752688172043011
0 0.49263157894736836 0.3369175627240143 0.021052631578947368 0.07168458781362007
0 0.9347368421052631 0.7670250896057348 0.021052631578947368 0.07168458781362007
0 0.9557894736842105 0.24731182795698925 0.021052631578947368 0.07168458781362007
0 0.49263157894736836 0.8745519713261649 0.021052631578947368 0.07168458781362007
