12 0.4261261261261261 0.2583201267828844 0.13513513513513514 0.12682308180088775
12 0.46216216216216216 0.44849445324881143 0.13513513513513514 0.12682308180088775
11 0.8765765765765765 0.2266244057052299 0.13513513513513514 0.12682308180088775
12 0.6423423423423423 0.3217115689381934 0.13513513513513514 0.12682308180088775
11 0.2279279279279279 0.48019017432646594 0.13513513513513514 0.12682308180088775
9 0.854054054054054 0.4960380348652932 0.036036036036036036 0.09511731135066583
9 0.7999999999999999 0.4960380348652932 0.036036036036036036 0.09511731135066583
3 0.818918918918919 0.7971473851030111 0.036036036036036036 0.09511731135066583
5 0.25045045045045045 0.1949286846275753 0.05405405405405406 0.06341154090044387
0 0.1873873873873874 0.31854199683042794 0.018018018018018018 0.06341154090044387
0 0.836036036036036 0.936608557844691 0.018018018018018018 0.06341154090044387
0 0.854054054054054 0.6354992076069731 0.018018018018018018 0.06341154090044387
0 0.38558558558558553 0.572107765451664 0.018018018018018018 0.06341154090044387
0 0.9621621621621621 0.35023771790808245 0.018018018018018018 0.06341154090044387
0 0.7999999999999999 0.35023771790808245 0.018018018018018018 0.06341154090044387
