15 0.15409413281753706 0.46976744186046515 0.07737941707505804 0.23255813953488372
12 0.5886524822695035 0.5162790697674419 0.09672427134382254 0.18604651162790697
12 0.45970341715022567 0.5627906976744186 0.09672427134382254 0.18604651162790697
16 0.3114119922630561 0.6093023255813954 0.14831054939386124 0.46511627906976744
14 0.6950354609929078 0.5627906976744186 0.07737941707505804 0.13953488372093023
9 0.9206963249516442 0.586046511627907 0.025793139025019344 0.13953488372093023
1 0.8697356544165056 0.5627906976744186 0.025793139025019344 0.13953488372093023
3 0.8039974210186975 0.3302325581395349 0.025793139025019344 0.13953488372093023
0 0.9206963249516442 0.8372093023255813 0.012896569512509672 0.09302325581395349
0 0.7917472598323663 0.1255813953488374 0.012896569512509672 0.09302325581395349
0 0.2372662798194713 0.9302325581395349 0.012896569512509672 0.09302325581395349
