17 0.8405940594059407 0.38426966292134834 0.13861386138613863 0.15730337078651685
15 0.296039603960396 0.40674157303370795 0.1188118811881188 0.11235955056179775
17 0.5435643564356436 0.7887640449438202 0.13861386138613863 0.15730337078651685
15 0.8702970297029704 0.09213483146067414 0.1188118811881188 0.11235955056179775
12 0.8445544554455445 0.6539325842696629 0.1485148514851485 0.0898876404494382
9 0.46336633663366333 0.46292134831460674 0.039603960396039604 0.06741573033707865
9 0.6217821782178218 0.48539325842696635 0.039603960396039604 0.06741573033707865
9 0.8594059405940594 0.8674157303370786 0.039603960396039604 0.06741573033707865
3 0.5415841584158415 0.36179775280898885 0.039603960396039604 0.06741573033707865
5 0.7999999999999999 0.844943820224719 0.039603960396039604 0.06741573033707865
0 0.46336633663366333 0.6067415730337078 0.019801980198019802 0.0449438202247191
0 0.8594059405940594 0.9662921348314607 0.019801980198019802 0.0449438202247191
0 0.9386138613861386 0.7415730337078652 0.019801980198019802 0.0449438202247191
0 0.46336633663366333 0.9438202247191011 0.019801980198019802 0.0449438202247191
0 0.9386138613861386 0.5393258426966292 0.019801980198019802 0.0449438202247191
0 0.8594059405940594 0.5393258426966292 0.019801980198019802 0.0449438202247191
0 0.9584158415841584 0.1910112359550562 0.019801980198019802 0.0449438202247191
0 0.7999999999999999 0.1910112359550562 0.019801980198019802 0.0449438202247191
