13 0.5108333333333334 0.5625 0.125 0.20833333333333334
13 0.6941666666666666 0.5104166666666666 0.125 0.20833333333333334
14 0.865 0.16145833333333337 0.1 0.15625
11 0.16083333333333333 0.71875 0.125 0.20833333333333334
6 0.2733333333333333 0.640625 0.03333333333333333 0.15625
9 0.8566666666666667 0.640625 0.03333333333333333 0.15625
10 0.8066666666666666 0.5885416666666666 0.03333333333333333 0.15625
4 0.3575 0.6145833333333333 0.03333333333333333 0.15625
0 0.8066666666666666 0.8697916666666666 0.016666666666666666 0.10416666666666667
0 0.3733333333333333 0.84375 0.016666666666666666 0.10416666666666667
0 0.6233333333333333 0.7135416666666666 0.016666666666666666 0.10416666666666667
0 0.8066666666666666 0.33854166666666663 0.016666666666666666 0.10416666666666667
