11 0.18602941176470586 0.4833333333333333 0.11029411764705882 0.16666666666666666
16 0.5169117647058823 0.275 0.16911764705882354 0.4166666666666667
11 0.3477941176470588 0.3583333333333334 0.11029411764705882 0.16666666666666666
11 0.18602941176470586 0.2333333333333334 0.11029411764705882 0.16666666666666666
1 0.8154117647058824 0.3583333333333334 0.029411764705882353 0.125
4 0.7272058823529413 0.3583333333333334 0.029411764705882353 0.125
3 0.6669117647058823 0.3583333333333334 0.029411764705882353 0.125
4 0.8889705882352942 0.3583333333333334 0.029411764705882353 0.125
5 0.6749999999999999 0.775 0.04411764705882353 0.08333333333333333
0 0.7264705882352941 0.9375 0.014705882352941176 0.08333333333333333
0 0.6529411764705882 0.6041666666666667 0.014705882352941176 0.08333333333333333
0 0.6529411764705882 0.17500000000000016 0.014705882352941176 0.08333333333333333
