14 0.20517241379310344 0.6518518518518519 0.10344827586206896 0.1111111111111111
11 0.21810344827586203 0.837037037037037 0.12931034482758622 0.14814814814814814
11 0.6836206896551724 0.3925925925925926 0.12931034482758622 0.14814814814814814
11 0.8560344827586207 0.4296296296296297 0.12931034482758622 0.14814814814814814
10 0.33448275862068966 0.30000000000000004 0.034482758620689655 0.1111111111111111
1 0.40262068965517234 0.31851851851851853 0.034482758620689655 0.1111111111111111
4 0.49051724137931035 0.31851851851851853 0.034482758620689655 0.1111111111111111
5 0.33448275862068966 0.6703703703703703 0.034482758620689655 0.1111111111111111
0 0.38620689655172413 0.5185185185185186 0.017241379310344827 0.07407407407407407
0 0.38620689655172413 0.15555555555555567 0.017241379310344827 0.07407407407407407
