15 0.2298076923076923 0.808695652173913 0.11538461538461539 0.21739130434782608
12 0.28173076923076923 0.33043478260869574 0.14423076923076922 0.17391304347826086
17 0.4701923076923077 0.4608695652173913 0.1346153846153846 0.30434782608695654
10 0.7576923076923077 0.6130434782608696 0.038461538461538464 0.13043478260869565
1 0.8547692307692307 0.20000000000000007 0.038461538461538464 0.13043478260869565
3 0.7759615384615384 0.20000000000000007 0.038461538461538464 0.13043478260869565
3 0.6221153846153845 0.20000000000000007 0.038461538461538464 0.13043478260869565
5 0.6038461538461538 0.6565217391304348 0.038461538461538464 0.13043478260869565
5 0.8730769230769231 0.6130434782608696 0.038461538461538464 0.13043478260869565
0 0.7576923076923077 0.8478260869565217 0.019230769230769232 0.08695652173913043
0 0.6807692307692308 0.3695652173913043 0.019230769230769232 0.08695652173913043
0 0.2 0.5 0.019230769230769232 0.08695652173913043
