11 0.5129496402877698 0.19069767441860475 0.1079136690647482 0.18604651162790697
13 0.18201438848920862 0.5162790697674419 0.1079136690647482 0.18604651162790697
15 0.47410071942446047 0.655813953488372 0.08633093525179857 0.23255813953488372
11 0.3258992805755396 0.5627906976744186 0.1079136690647482 0.18604651162790697
11 0.9014388489208633 0.6093023255813954 0.1079136690647482 0.18604651162790697
6 0.6964028776978417 0.586046511627907 0.02877697841726619 0.13953488372093023
9 0.6532374100719425 0.6325581395348837 0.02877697841726619 0.13953488372093023
3 0.6395683453237411 0.3302325581395349 0.02877697841726619 0.13953488372093023
4 0.7546762589928058 0.3302325581395349 0.02877697841726619 0.13953488372093023
0 0.7683453237410072 0.1255813953488374 0.014388489208633094 0.09302325581395349
0 0.9697841726618706 0.7906976744186046 0.014388489208633094 0.09302325581395349
0 0.45179856115107914 0.37209302325581395 0.014388489208633094 0.09302325581395349
