11 0.48648648648648646 0.18400000000000005 0.19309989701338826 0.16
11 0.43500643500643493 0.544 0.19309989701338826 0.16
17 0.7387387387387387 0.264 0.18022657054582905 0.28
6 0.1196911196911197 0.32400000000000007 0.05149330587023687 0.12
10 0.1969111969111969 0.28400000000000003 0.05149330587023687 0.12
3 0.8416988416988418 0.744 0.05149330587023687 0.12
5 0.6859716859716859 0.724 0.05149330587023687 0.12
0 0.7631917631917631 0.94 0.025746652935118436 0.08
0 0.1196911196911197 0.5 0.025746652935118436 0.08
0 0.8661518661518661 0.54 0.025746652935118436 0.08
0 0.3770913770913771 0.33999999999999997 0.025746652935118436 0.08
