12 0.8048433048433048 0.2979683972911964 0.21367521367521367 0.18066847335140018
12 0.43447293447293445 0.8848758465011286 0.21367521367521367 0.18066847335140018
11 0.49145299145299143 0.4785553047404063 0.21367521367521367 0.18066847335140018
12 0.43447293447293445 0.20767494356659155 0.21367521367521367 0.18066847335140018
1 0.14108262108262107 0.4785553047404063 0.05698005698005698 0.13550135501355012
4 0.7706552706552706 0.8848758465011286 0.05698005698005698 0.13550135501355012
0 0.7977207977207977 0.6862302483069977 0.02849002849002849 0.09033423667570009
0 0.11396011396011396 0.7223476297968396 0.02849002849002849 0.09033423667570009
0 0.9401709401709402 0.474040632054176 0.02849002849002849 0.09033423667570009
0 0.37037037037037035 0.654627539503386 0.02849002849002849 0.09033423667570009
