15 0.4093915343915344 0.41991924629878874 0.07938608097380259 0.13462574044157244
17 0.2837301587301587 0.44683714670255725 0.09261709446943636 0.1884760366182014
11 0.6832010582010583 0.5006729475100943 0.09923260121725325 0.10770059235325795
11 0.8287037037037038 0.09690444145356669 0.09923260121725325 0.10770059235325795
15 0.15806878306878308 0.5545087483176313 0.07938608097380259 0.13462574044157244
11 0.5376984126984127 0.47375504710632577 0.09923260121725325 0.10770059235325795
1 0.8115343915343916 0.6890982503364738 0.02646202699126753 0.08077544426494346
3 0.8525132275132277 0.9313593539703903 0.02646202699126753 0.08077544426494346
3 0.9186507936507937 0.44683714670255725 0.02646202699126753 0.08077544426494346
5 0.798941798941799 0.917900403768506 0.02646202699126753 0.08077544426494346
0 0.851851851851852 0.7940780619111709 0.013231013495633765 0.053850296176628974
0 0.9312169312169314 0.32839838492597584 0.013231013495633765 0.053850296176628974
0 0.8783068783068785 0.5518169582772544 0.013231013495633765 0.053850296176628974
0 0.8915343915343916 0.20188425302826385 0.013231013495633765 0.053850296176628974
