14 0.29934640522875816 0.19166666666666676 0.0784313725490196 0.125
11 0.3091503267973856 0.4 0.09803921568627451 0.16666666666666666
11 0.3352941176470588 0.6499999999999999 0.09803921568627451 0.16666666666666666
13 0.9104575163398694 0.44166666666666665 0.09803921568627451 0.16666666666666666
11 0.7797385620915033 0.4833333333333333 0.09803921568627451 0.16666666666666666
17 0.6594771241830065 0.5249999999999999 0.0915032679738562 0.2916666666666667
11 0.16535947712418297 0.6499999999999999 0.09803921568627451 0.16666666666666666
9 0.44967320261437904 0.21250000000000002 0.026143790849673203 0.125
2 0.46211764705882347 0.44166666666666665 0.026143790849673203 0.125
4 0.5418300653594772 0.775 0.026143790849673203 0.125
0 0.5019607843137255 0.6041666666666667 0.013071895424836602 0.08333333333333333
0 0.9725490196078432 0.6041666666666667 0.013071895424836602 0.08333333333333333
0 0.2797385620915033 0.8125 0.013071895424836602 0.08333333333333333
