11 0.18740740740740738 0.18000000000000005 0.1111111111111111 0.2
11 0.18740740740740738 0.48 0.1111111111111111 0.2
11 0.8985185185185186 0.42999999999999994 0.1111111111111111 0.2
12 0.4837037037037037 0.48 0.1111111111111111 0.2
11 0.33555555555555555 0.42999999999999994 0.1111111111111111 0.2
2 0.6881185185185186 0.38 0.02962962962962963 0.15
1 0.6126222222222222 0.38 0.02962962962962963 0.15
5 0.8355555555555555 0.855 0.02962962962962963 0.15
0 0.968888888888889 0.625 0.014814814814814815 0.1
0 0.8355555555555555 0.625 0.014814814814814815 0.1
