15 0.24886363636363634 0.5068493150684932 0.13636363636363635 0.17123287671232876
11 0.4693181818181818 0.4726027397260274 0.17045454545454544 0.136986301369863
11 0.7193181818181817 0.12328767123287676 0.17045454545454544 0.136986301369863
6 0.6227272727272727 0.4212328767123288 0.045454545454545456 0.10273972602739725
9 0.6909090909090909 0.7294520547945205 0.045454545454545456 0.10273972602739725
2 0.7829090909090909 0.43835616438356173 0.045454545454545456 0.10273972602739725
4 0.7829545454545456 0.7465753424657534 0.045454545454545456 0.10273972602739725
0 0.6909090909090909 0.9143835616438356 0.022727272727272728 0.0684931506849315
0 0.85 0.571917808219178 0.022727272727272728 0.0684931506849315
0 0.16818181818181818 0.6575342465753424 0.022727272727272728 0.0684931506849315
0 0.6227272727272727 0.2568493150684933 0.022727272727272728 0.0684931506849315
