17 0.8054545454545455 0.6322580645161291 0.08484848484848485 0.22580645161290322
11 0.5654545454545454 0.7612903225806451 0.09090909090909091 0.12903225806451613
12 0.21393939393939393 0.6645161290322581 0.09090909090909091 0.12903225806451613
11 0.6866666666666666 0.7935483870967742 0.09090909090909091 0.12903225806451613
11 0.916969696969697 0.11612903225806459 0.09090909090909091 0.12903225806451613
17 0.34484848484848485 0.6645161290322581 0.08484848484848485 0.22580645161290322
12 0.09272727272727273 0.6322580645161291 0.09090909090909091 0.12903225806451613
6 0.907878787878788 0.37419354838709684 0.03636363636363636 0.06451612903225806
2 0.440630303030303 0.7290322580645161 0.024242424242424242 0.0967741935483871
5 0.907878787878788 0.6322580645161291 0.03636363636363636 0.06451612903225806
0 0.9503030303030304 0.7580645161290323 0.012121212121212121 0.06451612903225806
0 0.4290909090909091 0.9193548387096774 0.012121212121212121 0.06451612903225806
0 0.9503030303030304 0.5 0.012121212121212121 0.06451612903225806
0 0.9745454545454546 0.24193548387096775 0.012121212121212121 0.06451612903225806
0 0.2957575757575757 0.8870967741935484 0.012121212121212121 0.06451612903225806
0 0.041212121212121214 0.7580645161290323 0.012121212121212121 0.06451612903225806
