13 0.17523923444976075 0.6636363636363636 0.08971291866028708 0.18181818181818182
15 0.43002392344497614 0.5727272727272728 0.07177033492822966 0.22727272727272727
11 0.5819377990430622 0.5272727272727273 0.08971291866028708 0.18181818181818182
11 0.7135167464114833 0.4818181818181818 0.08971291866028708 0.18181818181818182
15 0.298444976076555 0.4818181818181818 0.07177033492822966 0.22727272727272727
15 0.16686602870813397 0.25454545454545463 0.07177033492822966 0.22727272727272727
10 0.8421052631578949 0.7318181818181818 0.023923444976076555 0.13636363636363635
1 0.8307177033492824 0.4818181818181818 0.023923444976076555 0.13636363636363635
4 0.9264354066985647 0.709090909090909 0.023923444976076555 0.13636363636363635
0 0.8899521531100479 0.8863636363636364 0.011961722488038277 0.09090909090909091
0 0.35167464114832536 0.6818181818181819 0.011961722488038277 0.09090909090909091
0 0.48325358851674644 0.7727272727272727 0.011961722488038277 0.09090909090909091
0 0.1244019138755981 0.8409090909090909 0.011961722488038277 0.09090909090909091
0 0.22009569377990432 0.4545454545454546 0.011961722488038277 0.09090909090909091
0 0.1244019138755981 0.4545454545454546 0.011961722488038277 0.09090909090909091
0 0.5311004784688995 0.7045454545454546 0.011961722488038277 0.09090909090909091
