15 0.21150442477876105 0.78 0.10619469026548672 0.25
11 0.684070796460177 0.58 0.13274336283185842 0.2
13 0.5070796460176991 0.53 0.13274336283185842 0.2
12 0.8787610619469026 0.18000000000000005 0.13274336283185842 0.2
9 0.34336283185840705 0.705 0.035398230088495575 0.15
5 0.8300884955752212 0.58 0.05309734513274336 0.1
5 0.34336283185840705 0.405 0.035398230088495575 0.15
0 0.8920353982300885 0.775 0.017699115044247787 0.1
0 0.431858407079646 0.725 0.017699115044247787 0.1
0 0.9628318584070796 0.375 0.017699115044247787 0.1
0 0.8035398230088495 0.375 0.017699115044247787 0.1
