11 0.9041958041958043 0.856 0.1048951048951049 0.10666666666666667
12 0.16293706293706295 0.8026666666666666 0.1048951048951049 0.10666666666666667
11 0.4706293706293706 0.2426666666666667 0.1048951048951049 0.10666666666666667
15 0.293006993006993 0.776 0.08391608391608392 0.13333333333333333
11 0.4706293706293706 0.776 0.1048951048951049 0.10666666666666667
2 0.5923356643356643 0.18933333333333335 0.027972027972027972 0.08
1 0.7475244755244755 0.45600000000000007 0.027972027972027972 0.08
3 0.6776223776223776 0.8293333333333333 0.027972027972027972 0.08
5 0.579020979020979 0.6826666666666666 0.027972027972027972 0.08
0 0.7608391608391608 0.5733333333333333 0.013986013986013986 0.05333333333333334
0 0.634965034965035 0.29333333333333333 0.013986013986013986 0.05333333333333334
0 0.579020979020979 0.07200000000000006 0.013986013986013986 0.05333333333333334
0 0.35524475524475524 0.8933333333333333 0.013986013986013986 0.05333333333333334
0 0.9706293706293707 0.96 0.013986013986013986 0.05333333333333334
0 0.8447552447552448 0.96 0.013986013986013986 0.05333333333333334
0 0.1034965034965035 0.9066666666666666 0.013986013986013986 0.05333333333333334
