11 0.2888111888111888 0.4950819672131148 0.1048951048951049 0.13114754098360656
11 0.8762237762237763 0.8229508196721311 0.1048951048951049 0.13114754098360656
17 0.9013986013986014 0.4295081967213116 0.0979020979020979 0.22950819672131148
11 0.5965034965034964 0.3967213114754099 0.1048951048951049 0.13114754098360656
12 0.16293706293706295 0.5278688524590165 0.1048951048951049 0.13114754098360656
15 0.4188811188811189 0.560655737704918 0.08391608391608392 0.16393442622950818
11 0.5965034965034964 0.5934426229508196 0.1048951048951049 0.13114754098360656
2 0.7461818181818182 0.5934426229508196 0.027972027972027972 0.09836065573770492
2 0.7195524475524475 0.4295081967213116 0.027972027972027972 0.09836065573770492
3 0.7195804195804196 0.23278688524590163 0.027972027972027972 0.09836065573770492
0 0.7328671328671329 0.08852459016393455 0.013986013986013986 0.06557377049180328
0 0.9426573426573427 0.9508196721311475 0.013986013986013986 0.06557377049180328
0 0.4811188811188811 0.7049180327868853 0.013986013986013986 0.06557377049180328
0 0.9706293706293707 0.6557377049180328 0.013986013986013986 0.06557377049180328
0 0.8447552447552448 0.6557377049180328 0.013986013986013986 0.06557377049180328
0 0.1034965034965035 0.6557377049180328 0.013986013986013986 0.06557377049180328
