15 0.74472049689441 0.5523809523809524 0.07453416149068323 0.23809523809523808
15 0.1360248447204969 0.5523809523809524 0.07453416149068323 0.23809523809523808
12 0.6291925465838509 0.4571428571428571 0.09316770186335403 0.19047619047619047
11 0.39316770186335404 0.4571428571428571 0.09316770186335403 0.19047619047619047
11 0.268944099378882 0.4571428571428571 0.09316770186335403 0.19047619047619047
16 0.8838509316770187 0.3142857142857144 0.14285714285714285 0.47619047619047616
15 0.5086956521739131 0.5523809523809524 0.07453416149068323 0.23809523809523808
10 0.8372670807453417 0.861904761904762 0.024844720496894408 0.14285714285714285
0 0.9739130434782609 0.6428571428571428 0.012422360248447204 0.09523809523809523
0 0.09192546583850932 0.7619047619047619 0.012422360248447204 0.09523809523809523
