11 0.6546134663341646 0.4666666666666667 0.18703241895261846 0.14814814814814814
6 0.44887780548628425 0.5592592592592592 0.04987531172069826 0.1111111111111111
10 0.8229426433915211 0.1518518518518519 0.04987531172069826 0.1111111111111111
2 0.12349127182044888 0.5407407407407407 0.04987531172069826 0.1111111111111111
2 0.42513715710723193 0.8 0.04987531172069826 0.1111111111111111
5 0.8603491271820448 0.4666666666666667 0.07481296758104738 0.07407407407407407
0 0.9476309226932668 0.6111111111111112 0.02493765586034913 0.07407407407407407
0 0.0997506234413965 0.7407407407407407 0.02493765586034913 0.07407407407407407
0 0.8229426433915211 0.31481481481481477 0.02493765586034913 0.07407407407407407
0 0.34912718204488774 0.9444444444444444 0.02493765586034913 0.07407407407407407
