11 0.9055172413793104 0.7923076923076923 0.10344827586206896 0.15384615384615385
11 0.33999999999999997 0.25384615384615394 0.10344827586206896 0.15384615384615385
11 0.9055172413793104 0.44615384615384623 0.10344827586206896 0.15384615384615385
12 0.17448275862068963 0.25384615384615394 0.10344827586206896 0.15384615384615385
15 0.5786206896551724 0.523076923076923 0.08275862068965517 0.19230769230769232
9 0.43310344827586206 0.31153846153846154 0.027586206896551724 0.11538461538461539
9 0.7089655172413792 0.3884615384615385 0.027586206896551724 0.11538461538461539
2 0.44623448275862065 0.523076923076923 0.027586206896551724 0.11538461538461539
4 0.7786206896551725 0.4076923076923078 0.027586206896551724 0.11538461538461539
0 0.43310344827586206 0.6923076923076923 0.013793103448275862 0.07692307692307693
0 0.9710344827586208 0.9423076923076923 0.013793103448275862 0.07692307692307693
0 0.9710344827586208 0.5961538461538461 0.013793103448275862 0.07692307692307693
0 0.28137931034482755 0.40384615384615385 0.013793103448275862 0.07692307692307693
0 0.64 0.6923076923076923 0.013793103448275862 0.07692307692307693
0 0.5296551724137931 0.6923076923076923 0.013793103448275862 0.07692307692307693
