11 0.20752688172043013 0.42999999999999994 0.16129032258064516 0.2
11 0.23978494623655916 0.73 0.16129032258064516 0.2
11 0.8096774193548387 0.63 0.16129032258064516 0.2
15 0.4505376344086021 0.63 0.12903225806451613 0.25
12 0.8526881720430107 0.18000000000000005 0.16129032258064516 0.2
2 0.6312258064516129 0.6799999999999999 0.043010752688172046 0.15
0 0.610752688172043 0.9 0.021505376344086023 0.1
0 0.9118279569892472 0.825 0.021505376344086023 0.1
0 0.14838709677419357 0.925 0.021505376344086023 0.1
0 0.9548387096774194 0.375 0.021505376344086023 0.1
0 0.7612903225806451 0.375 0.021505376344086023 0.1
