17 0.8369369369369369 0.6677316293929713 0.12612612612612611 0.22364217252396165
12 0.2099099099099099 0.7635782747603834 0.13513513513513514 0.12779552715654952
11 0.8765765765765765 0.2843450479233227 0.13513513513513514 0.12779552715654952
11 0.17387387387387387 0.5718849840255591 0.13513513513513514 0.12779552715654952
6 0.4216216216216216 0.14057507987220452 0.036036036036036036 0.09584664536741214
4 0.3486486486486486 0.7316293929712461 0.036036036036036036 0.09584664536741214
3 0.6387387387387388 0.7316293929712461 0.036036036036036036 0.09584664536741214
4 0.5486486486486486 0.12460063897763585 0.036036036036036036 0.09584664536741214
4 0.5486486486486486 0.41214057507987223 0.036036036036036036 0.09584664536741214
3 0.6729729729729729 0.12460063897763585 0.036036036036036036 0.09584664536741214
0 0.6558558558558558 0.8722044728434505 0.018018018018018018 0.06389776357827476
0 0.49369369369369365 0.5367412140575081 0.018018018018018018 0.06389776357827476
0 0.4216216216216216 0.28115015974440893 0.018018018018018018 0.06389776357827476
0 0.9261261261261261 0.8881789137380192 0.018018018018018018 0.06389776357827476
0 0.13333333333333333 0.8881789137380192 0.018018018018018018 0.06389776357827476
0 0.9621621621621621 0.40894568690095845 0.018018018018018018 0.06389776357827476
0 0.7999999999999999 0.40894568690095845 0.018018018018018018 0.06389776357827476
