17 0.718125 0.6636363636363636 0.0875 0.3181818181818182
11 0.433125 0.34545454545454557 0.09375 0.18181818181818182
16 0.564375 0.4363636363636364 0.14375 0.45454545454545453
11 0.28312499999999996 0.3909090909090909 0.09375 0.18181818181818182
12 0.158125 0.34545454545454557 0.09375 0.18181818181818182
6 0.8175000000000001 0.5045454545454545 0.025 0.13636363636363635
4 0.868125 0.5272727272727273 0.025 0.13636363636363635
5 0.9175000000000001 0.55 0.025 0.13636363636363635
0 0.8175000000000001 0.75 0.0125 0.09090909090909091
0 0.38 0.5227272727272727 0.0125 0.09090909090909091
