12 0.4149700598802395 0.44615384615384623 0.08982035928143713 0.15384615384615385
13 0.15149700598802393 0.25384615384615394 0.08982035928143713 0.15384615384615385
16 0.8880239520958084 0.676923076923077 0.1377245508982036 0.38461538461538464
14 0.7532934131736527 0.6 0.0718562874251497 0.11538461538461539
11 0.2712574850299401 0.2153846153846154 0.08982035928143713 0.15384615384615385
12 0.2892215568862275 0.7538461538461538 0.08982035928143713 0.15384615384615385
14 0.2862275449101796 0.4461538461538461 0.0718562874251497 0.11538461538461539
2 0.592191616766467 0.4461538461538461 0.023952095808383235 0.11538461538461539
1 0.5203353293413173 0.676923076923077 0.023952095808383235 0.11538461538461539
1 0.6520718562874251 0.676923076923077 0.023952095808383235 0.11538461538461539
0 0.555688622754491 0.8653846153846154 0.011976047904191617 0.07692307692307693
0 0.9748502994011977 0.9423076923076923 0.011976047904191617 0.07692307692307693
0 0.24431137724550897 0.5769230769230769 0.011976047904191617 0.07692307692307693
0 0.23832335329341317 0.9038461538461539 0.011976047904191617 0.07692307692307693
