11 0.5305732484076433 0.37391304347826093 0.09554140127388536 0.17391304347826086
12 0.40318471337579614 0.4173913043478261 0.09554140127388536 0.17391304347826086
12 0.1484076433121019 0.5043478260869565 0.09554140127388536 0.17391304347826086
15 0.9165605095541401 0.5478260869565217 0.07643312101910828 0.21739130434782608
13 0.27579617834394904 0.4608695652173913 0.09554140127388536 0.17391304347826086
2 0.706343949044586 0.6782608695652174 0.025477707006369428 0.13043478260869565
2 0.6299108280254777 0.20000000000000007 0.025477707006369428 0.13043478260869565
4 0.8082802547770701 0.6782608695652174 0.025477707006369428 0.13043478260869565
3 0.7560509554140127 0.20000000000000007 0.025477707006369428 0.13043478260869565
0 0.8203821656050956 0.8695652173913043 0.012738853503184714 0.08695652173913043
0 0.7184713375796178 0.4434782608695652 0.012738853503184714 0.08695652173913043
0 0.9732484076433122 0.7391304347826086 0.012738853503184714 0.08695652173913043
0 0.09426751592356689 0.6739130434782609 0.012738853503184714 0.08695652173913043
