14 0.773469387755102 0.8218181818181818 0.12244897959183673 0.10909090909090909
12 0.7887755102040817 0.4945454545454545 0.15306122448979592 0.14545454545454545
15 0.386734693877551 0.27636363636363637 0.12244897959183673 0.18181818181818182
14 0.5489795918367346 0.31272727272727274 0.12244897959183673 0.10909090909090909
11 0.7479591836734694 0.27636363636363637 0.15306122448979592 0.14545454545454545
6 0.2122448979591837 0.18545454545454554 0.04081632653061224 0.10909090909090909
9 0.1510204081632653 0.22181818181818191 0.04081632653061224 0.10909090909090909
0 0.7020408163265306 0.9454545454545454 0.02040816326530612 0.07272727272727272
0 0.8857142857142857 0.6363636363636364 0.02040816326530612 0.07272727272727272
0 0.7020408163265306 0.6363636363636364 0.02040816326530612 0.07272727272727272
0 0.3142857142857143 0.4363636363636364 0.02040816326530612 0.07272727272727272
