16 0.1825806451612903 0.28148148148148155 0.14838709677419354 0.37037037037037035
12 0.3438709677419355 0.31851851851851853 0.0967741935483871 0.14814814814814814
17 0.78 0.8 0.09032258064516129 0.25925925925925924
11 0.9116129032258066 0.762962962962963 0.0967741935483871 0.14814814814814814
12 0.3438709677419355 0.5407407407407407 0.0967741935483871 0.14814814814814814
11 0.4858064516129032 0.3925925925925926 0.0967741935483871 0.14814814814814814
6 0.6116129032258064 0.7814814814814814 0.025806451612903226 0.1111111111111111
1 0.5993290322580646 0.3925925925925926 0.025806451612903226 0.1111111111111111
3 0.6638709677419355 0.5777777777777777 0.025806451612903226 0.1111111111111111
0 0.6116129032258064 0.9444444444444444 0.012903225806451613 0.07407407407407407
0 0.9729032258064517 0.9074074074074074 0.012903225806451613 0.07407407407407407
