11 0.5628787878787879 0.6782608695652174 0.11363636363636363 0.17391304347826086
16 0.21439393939393936 0.4173913043478261 0.17424242424242425 0.43478260869565216
11 0.3886363636363636 0.37391304347826093 0.11363636363636363 0.17391304347826086
13 0.5401515151515152 0.4173913043478261 0.11363636363636363 0.17391304347826086
2 0.8855757575757576 0.3739130434782608 0.030303030303030304 0.13043478260869565
2 0.7174545454545455 0.3739130434782608 0.030303030303030304 0.13043478260869565
3 0.7931818181818181 0.6782608695652174 0.030303030303030304 0.13043478260869565
0 0.8393939393939394 0.8478260869565217 0.015151515151515152 0.08695652173913043
0 0.9 0.18260869565217408 0.015151515151515152 0.08695652173913043
0 0.4984848484848485 0.8478260869565217 0.015151515151515152 0.08695652173913043
