11 0.1732876712328767 0.6075471698113207 0.10273972602739725 0.1509433962264151
14 0.4232876712328767 0.6075471698113207 0.0821917808219178 0.11320754716981132
11 0.3102739726027397 0.569811320754717 0.10273972602739725 0.1509433962264151
15 0.5472602739726028 0.6452830188679245 0.0821917808219178 0.18867924528301888
6 0.7041095890410959 0.24905660377358496 0.0273972602739726 0.11320754716981132
2 0.828054794520548 0.26792452830188684 0.0273972602739726 0.11320754716981132
4 0.7732876712328768 0.7207547169811321 0.0273972602739726 0.11320754716981132
4 0.691095890410959 0.49433962264150944 0.0273972602739726 0.11320754716981132
3 0.8965753424657534 0.49433962264150944 0.0273972602739726 0.11320754716981132
0 0.7863013698630137 0.8867924528301887 0.0136986301369863 0.07547169811320754
0 0.8410958904109589 0.10188679245283028 0.0136986301369863 0.07547169811320754
0 0.6082191780821917 0.8113207547169812 0.0136986301369863 0.07547169811320754
