16 0.8927007299270073 0.28695652173913044 0.1678832116788321 0.43478260869565216
12 0.28686131386861313 0.7217391304347827 0.10948905109489052 0.17391304347826086
11 0.4474452554744525 0.7652173913043478 0.10948905109489052 0.17391304347826086
11 0.7248175182481752 0.7217391304347827 0.10948905109489052 0.17391304347826086
12 0.5788321167883211 0.7217391304347827 0.10948905109489052 0.17391304347826086
6 0.15182481751824817 0.7434782608695651 0.029197080291970802 0.13043478260869565
5 0.10802919708029197 0.7434782608695651 0.029197080291970802 0.13043478260869565
5 0.837956204379562 0.6565217391304348 0.029197080291970802 0.13043478260869565
0 0.10802919708029197 0.9347826086956522 0.014598540145985401 0.08695652173913043
0 0.2248175182481752 0.8913043478260869 0.014598540145985401 0.08695652173913043
0 0.3854014598540146 0.9347826086956522 0.014598540145985401 0.08695652173913043
