12 0.37188755020080316 0.83125 0.1205012853470437 0.125
11 0.5405622489959839 0.55 0.1205012853470437 0.125
11 0.3477911646586345 0.64375 0.1205012853470437 0.125
17 0.344578313253012 0.26875000000000004 0.11246786632390746 0.21875
11 0.7012048192771084 0.58125 0.1205012853470437 0.125
12 0.18714859437751005 0.45625000000000004 0.1205012853470437 0.125
9 0.8578313253012048 0.690625 0.032133676092544985 0.09375
9 0.9060240963855422 0.690625 0.032133676092544985 0.09375
3 0.842570281124498 0.51875 0.032133676092544985 0.09375
0 0.9060240963855422 0.828125 0.016066838046272493 0.0625
0 0.3036144578313253 0.953125 0.016066838046272493 0.0625
0 0.35983935742971884 0.484375 0.016066838046272493 0.0625
0 0.11887550200803214 0.578125 0.016066838046272493 0.0625
