13 0.22403846153846155 0.46399999999999997 0.14423076923076922 0.16
11 0.4740384615384615 0.42400000000000004 0.14423076923076922 0.16
12 0.4740384615384615 0.784 0.14423076923076922 0.16
10 0.8730769230769231 0.5640000000000001 0.038461538461538464 0.12
1 0.6413846153846153 0.18400000000000005 0.038461538461538464 0.12
4 0.7971153846153847 0.384 0.038461538461538464 0.12
5 0.7192307692307692 0.604 0.038461538461538464 0.12
0 0.8730769230769231 0.78 0.019230769230769232 0.08
0 0.1423076923076923 0.62 0.019230769230769232 0.08
0 0.3923076923076923 0.5800000000000001 0.019230769230769232 0.08
0 0.3923076923076923 0.94 0.019230769230769232 0.08
