17 0.3154411764705882 0.3440000000000001 0.10294117647058823 0.28
11 0.1713235294117647 0.544 0.11029411764705882 0.16
17 0.46249999999999997 0.544 0.10294117647058823 0.28
17 0.6242647058823529 0.544 0.10294117647058823 0.28
9 0.7705882352941176 0.404 0.029411764705882353 0.12
4 0.8286764705882352 0.6639999999999999 0.029411764705882353 0.12
3 0.8889705882352942 0.6639999999999999 0.029411764705882353 0.12
0 0.9029411764705882 0.88 0.014705882352941176 0.08
0 0.5647058823529412 0.8200000000000001 0.014705882352941176 0.08
0 0.10882352941176471 0.7 0.014705882352941176 0.08
