11 0.3677083333333333 0.7290322580645161 0.15625 0.12903225806451613
11 0.3677083333333333 0.43870967741935485 0.15625 0.12903225806451613
12 0.3677083333333333 0.1483870967741936 0.15625 0.12903225806451613
6 0.5708333333333333 0.5193548387096775 0.041666666666666664 0.0967741935483871
6 0.5083333333333333 0.48709677419354847 0.041666666666666664 0.0967741935483871
9 0.6541666666666667 0.8096774193548387 0.041666666666666664 0.0967741935483871
3 0.7802083333333334 0.5032258064516129 0.041666666666666664 0.0967741935483871
0 0.7166666666666667 0.6290322580645161 0.020833333333333332 0.06451612903225806
0 0.2791666666666667 0.8548387096774194 0.020833333333333332 0.06451612903225806
0 0.2791666666666667 0.564516129032258 0.020833333333333332 0.06451612903225806
0 0.2791666666666667 0.27419354838709675 0.020833333333333332 0.06451612903225806
