17 0.91 0.4866666666666667 0.07368421052631578 0.23333333333333334
17 0.35210526315789475 0.5866666666666667 0.07368421052631578 0.23333333333333334
16 0.4963157894736842 0.3533333333333334 0.12105263157894737 0.3333333333333333
11 0.23842105263157892 0.32000000000000006 0.07894736842105263 0.13333333333333333
11 0.12263157894736842 0.28666666666666674 0.07894736842105263 0.13333333333333333
16 0.77 0.32000000000000006 0.12105263157894737 0.3333333333333333
15 0.34684210526315795 0.18666666666666676 0.06315789473684211 0.16666666666666666
13 0.501578947368421 0.82 0.07894736842105263 0.13333333333333333
9 0.6673684210526316 0.30333333333333334 0.021052631578947368 0.1
2 0.6247578947368421 0.5866666666666667 0.021052631578947368 0.1
0 0.6673684210526316 0.44999999999999996 0.010526315789473684 0.06666666666666667
0 0.3094736842105263 0.8166666666666667 0.010526315789473684 0.06666666666666667
0 0.07789473684210527 0.41666666666666663 0.010526315789473684 0.06666666666666667
0 0.19368421052631576 0.44999999999999996 0.010526315789473684 0.06666666666666667
0 0.39368421052631575 0.33333333333333337 0.010526315789473684 0.06666666666666667
0 0.3094736842105263 0.33333333333333337 0.010526315789473684 0.06666666666666667
0 0.4568421052631579 0.95 0.010526315789473684 0.06666666666666667
