13 0.23253968253968252 0.7385159010600706 0.11904761904761904 0.1413427561837456
11 0.7246031746031746 0.5265017667844523 0.11904761904761904 0.1413427561837456
17 0.5626984126984127 0.5618374558303887 0.1111111111111111 0.24734982332155478
13 0.40714285714285714 0.5618374558303887 0.11904761904761904 0.1413427561837456
11 0.20079365079365077 0.5265017667844523 0.11904761904761904 0.1413427561837456
3 0.8801587301587303 0.4558303886925795 0.031746031746031744 0.10600706713780919
3 0.8801587301587303 0.13780918727915203 0.031746031746031744 0.10600706713780919
4 0.8801587301587303 0.6325088339222615 0.031746031746031744 0.10600706713780919
0 0.8952380952380952 0.7879858657243817 0.015873015873015872 0.0706713780918728
0 0.8317460317460317 0.27561837455830396 0.015873015873015872 0.0706713780918728
0 0.33968253968253964 0.6996466431095407 0.015873015873015872 0.0706713780918728
0 0.16507936507936508 0.8763250883392226 0.015873015873015872 0.0706713780918728
