12 0.29125 0.6605504587155964 0.1875 0.1834862385321101
13 0.5662499999999999 0.6146788990825688 0.1875 0.1834862385321101
11 0.55375 0.20183486238532122 0.1875 0.1834862385321101
10 0.8099999999999999 0.6834862385321101 0.05 0.13761467889908258
2 0.7862 0.4311926605504587 0.05 0.13761467889908258
5 0.8099999999999999 0.17889908256880738 0.05 0.13761467889908258
0 0.8099999999999999 0.8853211009174312 0.025 0.09174311926605505
0 0.185 0.8394495412844036 0.025 0.09174311926605505
0 0.45999999999999996 0.7935779816513762 0.025 0.09174311926605505
0 0.44749999999999995 0.3807339449541285 0.025 0.09174311926605505
