11 0.5352459016393443 0.27142857142857146 0.12295081967213115 0.14285714285714285
11 0.5024590163934426 0.5928571428571429 0.12295081967213115 0.14285714285714285
17 0.33524590163934426 0.30714285714285716 0.11475409836065574 0.25
14 0.1459016393442623 0.48571428571428565 0.09836065573770492 0.10714285714285714
9 0.7114754098360655 0.32500000000000007 0.03278688524590164 0.10714285714285714
3 0.8418032786885244 0.7714285714285714 0.03278688524590164 0.10714285714285714
3 0.7778688524590165 0.5928571428571429 0.03278688524590164 0.10714285714285714
5 0.6622950819672131 0.32500000000000007 0.03278688524590164 0.10714285714285714
0 0.8918032786885246 0.9107142857142857 0.01639344262295082 0.07142857142857142
0 0.46557377049180326 0.4107142857142857 0.01639344262295082 0.07142857142857142
0 0.26885245901639343 0.5535714285714286 0.01639344262295082 0.07142857142857142
