16 0.21238095238095236 0.3655172413793104 0.21904761904761905 0.3448275862068966
11 0.8695238095238095 0.19310344827586212 0.14285714285714285 0.13793103448275862
9 0.4838095238095238 0.796551724137931 0.0380952380952381 0.10344827586206896
2 0.5609142857142857 0.6413793103448275 0.0380952380952381 0.10344827586206896
1 0.40670476190476185 0.29655172413793107 0.0380952380952381 0.10344827586206896
1 0.5971809523809524 0.29655172413793107 0.0380952380952381 0.10344827586206896
3 0.6942857142857144 0.29655172413793107 0.0380952380952381 0.10344827586206896
0 0.4838095238095238 0.9482758620689655 0.01904761904761905 0.06896551724137931
0 0.7123809523809523 0.14482758620689662 0.01904761904761905 0.06896551724137931
0 0.7123809523809523 0.48275862068965514 0.01904761904761905 0.06896551724137931
0 0.96 0.3275862068965517 0.01904761904761905 0.06896551724137931
