11 0.5724832214765101 0.17500000000000004 0.10067114093959731 0.125
14 0.1597315436241611 0.17500000000000004 0.08053691275167785 0.09375
11 0.41140939597315435 0.20625000000000004 0.10067114093959731 0.125
14 0.28053691275167786 0.23750000000000004 0.08053691275167785 0.09375
11 0.9080536912751679 0.83125 0.10067114093959731 0.125
13 0.16979865771812078 0.33125000000000004 0.10067114093959731 0.125
6 0.6765100671140939 0.22187500000000004 0.026845637583892617 0.09375
2 0.7308456375838926 0.42500000000000004 0.026845637583892617 0.09375
4 0.7845637583892617 0.8 0.026845637583892617 0.09375
0 0.7973154362416107 0.6625 0.013422818791946308 0.0625
0 0.7436241610738255 0.5625 0.013422818791946308 0.0625
0 0.9718120805369128 0.953125 0.013422818791946308 0.0625
0 0.5154362416107382 0.296875 0.013422818791946308 0.0625
