11 0.4478991596638655 0.4 0.12605042016806722 0.21052631578947367
15 0.2848739495798319 0.4526315789473684 0.10084033613445378 0.2631578947368421
14 0.11596638655462184 0.5052631578947369 0.10084033613445378 0.15789473684210525
16 0.8428571428571429 0.34736842105263166 0.19327731092436976 0.5263157894736842
6 0.561344537815126 0.32105263157894737 0.03361344537815126 0.15789473684210525
2 0.6293781512605042 0.6631578947368422 0.03361344537815126 0.15789473684210525
5 0.6453781512605041 0.37368421052631573 0.03361344537815126 0.15789473684210525
0 0.6453781512605041 0.8947368421052632 0.01680672268907563 0.10526315789473684
0 0.22521008403361345 0.6842105263157895 0.01680672268907563 0.10526315789473684
0 0.05714285714285714 0.6842105263157895 0.01680672268907563 0.10526315789473684
0 0.9647058823529412 0.7105263157894737 0.01680672268907563 0.10526315789473684
0 0.746218487394958 0.7105263157894737 0.01680672268907563 0.10526315789473684
