15 0.6381944444444445 0.5047619047619047 0.08333333333333333 0.23809523809523808
13 0.16180555555555556 0.36190476190476184 0.10416666666666667 0.19047619047619047
11 0.3284722222222222 0.7428571428571429 0.10416666666666667 0.19047619047619047
12 0.3284722222222222 0.3142857142857144 0.10416666666666667 0.19047619047619047
11 0.49513888888888885 0.4571428571428571 0.10416666666666667 0.19047619047619047
11 0.6479166666666667 0.7904761904761904 0.10416666666666667 0.19047619047619047
10 0.9083333333333334 0.5285714285714286 0.027777777777777776 0.14285714285714285
2 0.784 0.5523809523809524 0.027777777777777776 0.14285714285714285
1 0.852111111111111 0.5523809523809524 0.027777777777777776 0.14285714285714285
0 0.8388888888888889 0.8333333333333334 0.013888888888888888 0.09523809523809523
0 0.7972222222222222 0.34285714285714286 0.013888888888888888 0.09523809523809523
0 0.10277777777777779 0.5476190476190477 0.013888888888888888 0.09523809523809523
0 0.26944444444444443 0.9285714285714286 0.013888888888888888 0.09523809523809523
0 0.26944444444444443 0.5 0.013888888888888888 0.09523809523809523
0 0.4361111111111111 0.6428571428571428 0.013888888888888888 0.09523809523809523
