13 0.19306418219461696 0.6782608695652174 0.07763975155279502 0.17391304347826086
11 0.7313664596273293 0.33043478260869574 0.07763975155279502 0.17391304347826086
11 0.6381987577639753 0.37391304347826093 0.07763975155279502 0.17391304347826086
14 0.09213250517598344 0.7217391304347827 0.062111801242236024 0.13043478260869565
17 0.4290890269151139 0.4608695652173913 0.07246376811594203 0.30434782608695654
11 0.8348861283643894 0.37391304347826093 0.07763975155279502 0.17391304347826086
12 0.5346790890269151 0.4173913043478261 0.07763975155279502 0.17391304347826086
11 0.30693581780538304 0.6782608695652174 0.07763975155279502 0.17391304347826086
4 0.9363354037267082 0.4608695652173913 0.020703933747412008 0.13043478260869565
5 0.9254658385093169 0.7 0.020703933747412008 0.13043478260869565
0 0.38716356107660455 0.7608695652173914 0.010351966873706004 0.08695652173913043
0 0.2629399585921325 0.8478260869565217 0.010351966873706004 0.08695652173913043
