11 0.556470588235294 0.6285714285714286 0.17647058823529413 0.14285714285714285
11 0.2976470588235294 0.6285714285714286 0.17647058823529413 0.14285714285714285
17 0.7870588235294118 0.5571428571428572 0.16470588235294117 0.25
12 0.556470588235294 0.8428571428571429 0.17647058823529413 0.14285714285714285
11 0.8388235294117646 0.12857142857142867 0.17647058823529413 0.14285714285714285
10 0.3270588235294118 0.8071428571428572 0.07058823529411765 0.07142857142857142
0 0.2447058823529412 0.9464285714285714 0.023529411764705882 0.07142857142857142
0 0.9035294117647058 0.8035714285714286 0.023529411764705882 0.07142857142857142
0 0.9505882352941176 0.2678571428571429 0.023529411764705882 0.07142857142857142
0 0.7388235294117647 0.2678571428571429 0.023529411764705882 0.07142857142857142
