15 0.6010752688172043 0.33043478260869574 0.12903225806451613 0.21739130434782608
12 0.8526881720430107 0.28695652173913044 0.16129032258064516 0.17391304347826086
6 0.15913978494623657 0.7 0.043010752688172046 0.13043478260869565
6 0.3311827956989247 0.6565217391304348 0.043010752688172046 0.13043478260869565
6 0.26666666666666666 0.4391304347826087 0.043010752688172046 0.13043478260869565
10 0.3956989247311828 0.7 0.043010752688172046 0.13043478260869565
1 0.4161720430107526 0.20000000000000007 0.043010752688172046 0.13043478260869565
3 0.24623655913978493 0.20000000000000007 0.043010752688172046 0.13043478260869565
0 0.15913978494623657 0.9347826086956522 0.021505376344086023 0.08695652173913043
0 0.6967741935483871 0.5217391304347826 0.021505376344086023 0.08695652173913043
0 0.9548387096774194 0.4565217391304348 0.021505376344086023 0.08695652173913043
