12 0.2664516129032258 0.1921097770154374 0.0967741935483871 0.13726835964310227
12 0.12451612903225807 0.15780445969125223 0.0967741935483871 0.13726835964310227
11 0.3954838709677419 0.15780445969125223 0.0967741935483871 0.13726835964310227
12 0.9116129032258066 0.12349914236706694 0.0967741935483871 0.13726835964310227
13 0.5245161290322581 0.1921097770154374 0.0967741935483871 0.13726835964310227
11 0.7696774193548387 0.2264150943396227 0.0967741935483871 0.13726835964310227
14 0.6309677419354839 0.2264150943396227 0.07741935483870968 0.1029512697323267
3 0.9090322580645162 0.5694682675814751 0.025806451612903226 0.1029512697323267
4 0.8703225806451613 0.9125214408233276 0.025806451612903226 0.1029512697323267
5 0.8567741935483871 0.41509433962264153 0.025806451612903226 0.1029512697323267
0 0.9212903225806452 0.7204116638078901 0.012903225806451613 0.06863417982155114
0 0.21161290322580642 0.3259005145797599 0.012903225806451613 0.06863417982155114
0 0.9729032258064517 0.2572898799313894 0.012903225806451613 0.06863417982155114
0 0.8567741935483871 0.2572898799313894 0.012903225806451613 0.06863417982155114
