13 0.42717391304347824 0.28648648648648656 0.16304347826086957 0.10810810810810811
11 0.383695652173913 0.7459459459459459 0.16304347826086957 0.10810810810810811
16 0.6771739130434782 0.17837837837837844 0.25 0.2702702702702703
11 0.16630434782608694 0.7189189189189189 0.16304347826086957 0.10810810810810811
12 0.383695652173913 0.9081081081081082 0.16304347826086957 0.10810810810810811
10 0.7478260869565218 0.4891891891891892 0.043478260869565216 0.08108108108108109
4 0.8358695652173914 0.6108108108108108 0.043478260869565216 0.08108108108108109
3 0.6619565217391304 0.772972972972973 0.043478260869565216 0.08108108108108109
5 0.7478260869565218 0.7594594594594595 0.043478260869565216 0.08108108108108109
0 0.5956521739130435 0.8783783783783784 0.021739130434782608 0.05405405405405406
0 0.8347826086956521 0.3648648648648649 0.021739130434782608 0.05405405405405406
0 0.3347826086956522 0.3918918918918919 0.021739130434782608 0.05405405405405406
0 0.07391304347826087 0.8243243243243243 0.021739130434782608 0.05405405405405406
