17 0.7908333333333334 0.79 0.11666666666666667 0.175
11 0.8275 0.49 0.125 0.1
11 0.21083333333333332 0.3400000000000001 0.125 0.1
11 0.8275 0.24 0.125 0.1
16 0.3858333333333333 0.29000000000000004 0.19166666666666668 0.25
13 0.7941666666666667 0.09000000000000008 0.125 0.1
2 0.6058666666666667 0.41500000000000004 0.03333333333333333 0.075
3 0.5741666666666667 0.29000000000000004 0.03333333333333333 0.075
0 0.59 0.525 0.016666666666666666 0.05
0 0.8066666666666666 0.9625 0.016666666666666666 0.05
0 0.9066666666666666 0.5875 0.016666666666666666 0.05
0 0.7566666666666666 0.5875 0.016666666666666666 0.05
0 0.9066666666666666 0.3375 0.016666666666666666 0.05
0 0.7566666666666666 0.3375 0.016666666666666666 0.05
