16 0.8191666666666666 0.18333333333333335 0.19166666666666668 0.2777777777777778
16 0.5691666666666666 0.37777777777777777 0.19166666666666668 0.2777777777777778
12 0.7941666666666667 0.43333333333333335 0.125 0.1111111111111111
13 0.5441666666666667 0.6277777777777778 0.125 0.1111111111111111
11 0.7941666666666667 0.6000000000000001 0.125 0.1111111111111111
13 0.7941666666666667 0.85 0.125 0.1111111111111111
11 0.19416666666666668 0.46111111111111114 0.125 0.1111111111111111
15 0.3825 0.6555555555555556 0.1 0.1388888888888889
2 0.3558666666666666 0.46111111111111114 0.03333333333333333 0.08333333333333333
0 0.8733333333333333 0.9583333333333334 0.016666666666666666 0.05555555555555555
0 0.8733333333333333 0.7083333333333333 0.016666666666666666 0.05555555555555555
0 0.12333333333333334 0.5694444444444444 0.016666666666666666 0.05555555555555555
0 0.3233333333333333 0.7777777777777778 0.016666666666666666 0.05555555555555555
