11 0.5919811320754716 0.3408071748878925 0.1179245283018868 0.17937219730941703
13 0.7334905660377358 0.38565022421524664 0.1179245283018868 0.17937219730941703
17 0.43160377358490565 0.38565022421524664 0.11006289308176101 0.31390134529147984
14 0.139937106918239 0.2959641255605382 0.09433962264150944 0.13452914798206278
6 0.2421383647798742 0.36322869955156944 0.031446540880503145 0.13452914798206278
2 0.3057861635220126 0.38565022421524664 0.031446540880503145 0.13452914798206278
3 0.9033018867924528 0.8789237668161435 0.031446540880503145 0.13452914798206278
5 0.8396226415094339 0.452914798206278 0.031446540880503145 0.13452914798206278
0 0.8396226415094339 0.6502242152466368 0.015723270440251572 0.08968609865470852
0 0.24213836477987422 0.6053811659192825 0.015723270440251572 0.08968609865470852
