11 0.4302083333333333 0.676923076923077 0.15625 0.15384615384615385
11 0.3885416666666666 0.2153846153846154 0.15625 0.15384615384615385
11 0.159375 0.25384615384615394 0.15625 0.15384615384615385
9 0.5708333333333333 0.5423076923076923 0.041666666666666664 0.11538461538461539
9 0.5708333333333333 0.2730769230769231 0.041666666666666664 0.11538461538461539
1 0.6551666666666667 0.7538461538461538 0.041666666666666664 0.11538461538461539
5 0.7374999999999999 0.7346153846153847 0.041666666666666664 0.11538461538461539
5 0.7999999999999999 0.31153846153846154 0.041666666666666664 0.11538461538461539
0 0.6749999999999999 0.9423076923076923 0.020833333333333332 0.07692307692307693
0 0.3416666666666666 0.8269230769230769 0.020833333333333332 0.07692307692307693
0 0.07083333333333333 0.40384615384615385 0.020833333333333332 0.07692307692307693
