16 0.6488721804511278 0.535483870967742 0.17293233082706766 0.3225806451612903
16 0.8593984962406015 0.2129032258064517 0.17293233082706766 0.3225806451612903
11 0.4759398496240601 0.6 0.11278195488721804 0.12903225806451613
12 0.6263157894736842 0.8580645161290322 0.11278195488721804 0.12903225806451613
11 0.32556390977443606 0.6967741935483871 0.11278195488721804 0.12903225806451613
13 0.29548872180451125 0.503225806451613 0.11278195488721804 0.12903225806451613
13 0.14511278195488722 0.6 0.11278195488721804 0.12903225806451613
2 0.8338045112781955 0.6 0.03007518796992481 0.0967741935483871
5 0.8030075187969925 0.8096774193548387 0.03007518796992481 0.0967741935483871
5 0.8481203007518797 0.7774193548387096 0.03007518796992481 0.0967741935483871
0 0.8481203007518797 0.9516129032258065 0.015037593984962405 0.06451612903225806
0 0.9684210526315791 0.4354838709677419 0.015037593984962405 0.06451612903225806
0 0.26165413533834586 0.8225806451612903 0.015037593984962405 0.06451612903225806
