15 0.4970954356846473 0.5136612021857924 0.099601593625498 0.273224043715847
15 0.1817427385892116 0.6775956284153005 0.099601593625498 0.273224043715847
11 0.34273858921161826 0.5136612021857924 0.12450199203187251 0.2185792349726776
2 0.6531452282157676 0.5683060109289617 0.033200531208499334 0.16393442622950818
3 0.7692946058091286 0.5683060109289617 0.033200531208499334 0.16393442622950818
5 0.6373443983402489 0.26775956284153 0.033200531208499334 0.16393442622950818
5 0.8531120331950207 0.21311475409836067 0.033200531208499334 0.16393442622950818
5 0.9029045643153527 0.540983606557377 0.033200531208499334 0.16393442622950818
0 0.7037344398340248 0.8907103825136612 0.016600265604249667 0.1092896174863388
0 0.12282157676348548 0.9180327868852459 0.016600265604249667 0.1092896174863388
