12 0.9077586206896552 0.43265306122448977 0.12931034482758622 0.16326530612244897
16 0.2439655172413793 0.3510204081632654 0.19827586206896552 0.40816326530612246
15 0.24051724137931033 0.7591836734693878 0.10344827586206896 0.20408163265306123
15 0.44741379310344825 0.47346938775510206 0.10344827586206896 0.20408163265306123
6 0.5586206896551724 0.37142857142857144 0.034482758620689655 0.12244897959183673
6 0.6275862068965516 0.37142857142857144 0.034482758620689655 0.12244897959183673
1 0.6973793103448276 0.5959183673469388 0.034482758620689655 0.12244897959183673
0 0.7482758620689655 0.7551020408163265 0.017241379310344827 0.08163265306122448
0 0.3172413793103448 0.9387755102040817 0.017241379310344827 0.08163265306122448
0 0.1793103448275862 0.9387755102040817 0.017241379310344827 0.08163265306122448
