12 0.1287292817679558 0.3307692307692308 0.08287292817679558 0.15384615384615385
17 0.8116022099447514 0.676923076923077 0.07734806629834254 0.2692307692307692
17 0.5464088397790056 0.4076923076923078 0.07734806629834254 0.2692307692307692
16 0.6756906077348067 0.48461538461538467 0.1270718232044199 0.38461538461538464
17 0.22596685082872928 0.523076923076923 0.07734806629834254 0.2692307692307692
11 0.9243093922651935 0.6384615384615384 0.08287292817679558 0.15384615384615385
6 0.3469613259668508 0.4653846153846154 0.022099447513812154 0.11538461538461539
9 0.3138121546961326 0.6961538461538461 0.022099447513812154 0.11538461538461539
4 0.3917127071823205 0.676923076923077 0.022099447513812154 0.11538461538461539
3 0.4127071823204419 0.4461538461538461 0.022099447513812154 0.11538461538461539
0 0.3138121546961326 0.8653846153846154 0.011049723756906077 0.07692307692307693
0 0.4022099447513812 0.27692307692307705 0.011049723756906077 0.07692307692307693
0 0.9767955801104973 0.7884615384615384 0.011049723756906077 0.07692307692307693
0 0.08176795580110498 0.4807692307692307 0.011049723756906077 0.07692307692307693
0 0.23646408839779004 0.7884615384615384 0.011049723756906077 0.07692307692307693
0 0.5016574585635359 0.6730769230769231 0.011049723756906077 0.07692307692307693
0 0.8220994475138123 0.9423076923076923 0.011049723756906077 0.07692307692307693
