14 0.7779661016949152 0.13963963963963966 0.1016949152542373 0.13513513513513514
12 0.36694915254237287 0.8018018018018018 0.1271186440677966 0.18018018018018017
16 0.5957627118644068 0.5765765765765766 0.19491525423728814 0.45045045045045046
13 0.19745762711864406 0.7567567567567568 0.1271186440677966 0.18018018018018017
11 0.4008474576271186 0.39639639639639634 0.1271186440677966 0.18018018018018017
6 0.752542372881356 0.5090090090090089 0.03389830508474576 0.13513513513513514
4 0.8720338983050848 0.5315315315315314 0.03389830508474576 0.13513513513513514
5 0.8033898305084746 0.5090090090090089 0.03389830508474576 0.13513513513513514
0 0.888135593220339 0.7297297297297297 0.01694915254237288 0.09009009009009009
0 0.8542372881355932 0.2927927927927928 0.01694915254237288 0.09009009009009009
0 0.12542372881355932 0.9324324324324325 0.01694915254237288 0.09009009009009009
0 0.3288135593220339 0.572072072072072 0.01694915254237288 0.09009009009009009
