11 0.3330508474576271 0.15348837209302324 0.1271186440677966 0.09302325581395349
12 0.36694915254237287 0.5255813953488373 0.1271186440677966 0.09302325581395349
17 0.3635593220338983 0.8046511627906977 0.11864406779661017 0.16279069767441862
11 0.36694915254237287 0.2930232558139535 0.1271186440677966 0.09302325581395349
6 0.6 0.44418604651162796 0.03389830508474576 0.06976744186046512
9 0.5491525423728814 0.44418604651162796 0.03389830508474576 0.06976744186046512
10 0.735593220338983 0.2813953488372093 0.03389830508474576 0.06976744186046512
10 0.6847457627118644 0.44418604651162796 0.03389830508474576 0.06976744186046512
1 0.6686101694915254 0.2930232558139535 0.03389830508474576 0.06976744186046512
0 0.5491525423728814 0.5930232558139534 0.01694915254237288 0.046511627906976744
0 0.2949152542372881 0.6162790697674418 0.01694915254237288 0.046511627906976744
0 0.2949152542372881 0.9651162790697675 0.01694915254237288 0.046511627906976744
0 0.2949152542372881 0.38372093023255816 0.01694915254237288 0.046511627906976744
