15 0.15031446540880503 0.8383561643835616 0.07547169811320754 0.136986301369863
11 0.1779874213836478 0.5643835616438356 0.09433962264150944 0.1095890410958904
13 0.9138364779874214 0.3178082191780822 0.09433962264150944 0.1095890410958904
12 0.4861635220125786 0.5917808219178082 0.09433962264150944 0.1095890410958904
12 0.1591194968553459 0.4 0.09433962264150944 0.1095890410958904
14 0.589937106918239 0.5917808219178082 0.07547169811320754 0.0821917808219178
16 0.3289308176100629 0.6191780821917809 0.14465408805031446 0.273972602739726
6 0.6842767295597484 0.5232876712328767 0.025157232704402517 0.0821917808219178
1 0.6962515723270439 0.2904109589041096 0.025157232704402517 0.0821917808219178
4 0.7729559748427673 0.1534246575342466 0.025157232704402517 0.0821917808219178
0 0.7345911949685534 0.3972602739726028 0.012578616352201259 0.0547945205479452
0 0.2062893081761006 0.9589041095890412 0.012578616352201259 0.0547945205479452
0 0.12452830188679245 0.6712328767123288 0.012578616352201259 0.0547945205479452
0 0.9735849056603775 0.4246575342465754 0.012578616352201259 0.0547945205479452
0 0.8603773584905661 0.4246575342465754 0.012578616352201259 0.0547945205479452
