14 0.8520000000000001 0.10508474576271187 0.08 0.1016949152542373
11 0.15533333333333335 0.8169491525423729 0.1 0.13559322033898305
11 0.2886666666666666 0.7830508474576271 0.1 0.13559322033898305
12 0.742 0.7491525423728813 0.1 0.13559322033898305
11 0.8620000000000001 0.2745762711864407 0.1 0.13559322033898305
11 0.6086666666666667 0.7830508474576271 0.1 0.13559322033898305
17 0.886 0.5796610169491525 0.09333333333333334 0.23728813559322035
9 0.39199999999999996 0.7322033898305085 0.02666666666666667 0.1016949152542373
10 0.432 0.7661016949152543 0.02666666666666667 0.1016949152542373
3 0.48600000000000004 0.7491525423728813 0.02666666666666667 0.1016949152542373
0 0.432 0.9152542372881356 0.013333333333333334 0.06779661016949153
0 0.49866666666666665 0.6 0.013333333333333334 0.06779661016949153
0 0.09866666666666667 0.9491525423728814 0.013333333333333334 0.06779661016949153
0 0.832 0.8135593220338984 0.013333333333333334 0.06779661016949153
