14 0.6651162790697674 0.715 0.09302325581395349 0.075
17 0.11550387596899225 0.79 0.10852713178294573 0.175
16 0.8550387596899225 0.39 0.17829457364341086 0.25
11 0.8317829457364341 0.09000000000000008 0.11627906976744186 0.1
12 0.42868217054263563 0.74 0.11627906976744186 0.1
13 0.25813953488372093 0.765 0.11627906976744186 0.1
16 0.8550387596899225 0.765 0.17829457364341086 0.25
4 0.5496124031007752 0.74 0.031007751937984496 0.075
0 0.9674418604651163 0.9375 0.015503875968992248 0.05
0 0.9674418604651163 0.5625 0.015503875968992248 0.05
0 0.9054263565891473 0.1875 0.015503875968992248 0.05
0 0.05271317829457364 0.9625 0.015503875968992248 0.05
0 0.36279069767441857 0.8375 0.015503875968992248 0.05
