11 0.5457446808510638 0.4608695652173913 0.1595744680851064 0.17391304347826086
12 0.7797872340425531 0.15652173913043488 0.1595744680851064 0.17391304347826086
11 0.5457446808510638 0.20000000000000007 0.1595744680851064 0.17391304347826086
6 0.1574468085106383 0.30869565217391315 0.0425531914893617 0.13043478260869565
6 0.1574468085106383 0.7 0.0425531914893617 0.13043478260869565
10 0.22127659574468087 0.7434782608695651 0.0425531914893617 0.13043478260869565
1 0.34791489361702127 0.33043478260869574 0.0425531914893617 0.13043478260869565
2 0.7308936170212765 0.5478260869565217 0.0425531914893617 0.13043478260869565
0 0.7106382978723403 0.7391304347826086 0.02127659574468085 0.08695652173913043
0 0.1574468085106383 0.9347826086956522 0.02127659574468085 0.08695652173913043
0 0.2851063829787234 0.5 0.02127659574468085 0.08695652173913043
0 0.8808510638297872 0.32608695652173914 0.02127659574468085 0.08695652173913043
0 0.6893617021276596 0.32608695652173914 0.02127659574468085 0.08695652173913043
