11 0.33828125 0.6000000000000001 0.1171875 0.1111111111111111
12 0.65078125 0.5444444444444445 0.1171875 0.1111111111111111
13 0.18203125 0.5722222222222222 0.1171875 0.1111111111111111
11 0.49453125 0.5722222222222222 0.1171875 0.1111111111111111
6 0.865625 0.1694444444444445 0.03125 0.08333333333333333
10 0.75625 0.14166666666666672 0.03125 0.08333333333333333
10 0.865625 0.8916666666666666 0.03125 0.08333333333333333
2 0.8805 0.7388888888888889 0.03125 0.08333333333333333
2 0.85075 0.3222222222222223 0.03125 0.08333333333333333
2 0.771125 0.46111111111111114 0.03125 0.08333333333333333
0 0.75625 0.6111111111111112 0.015625 0.05555555555555555
0 0.115625 0.6805555555555556 0.015625 0.05555555555555555
