11 0.18943089430894308 0.18000000000000005 0.12195121951219512 0.2
17 0.8853658536585366 0.58 0.11382113821138211 0.35
15 0.5195121951219512 0.32999999999999996 0.0975609756097561 0.25
11 0.36829268292682926 0.2300000000000001 0.12195121951219512 0.2
6 0.640650406504065 0.505 0.032520325203252036 0.15
3 0.7552845528455285 0.2300000000000001 0.032520325203252036 0.15
3 0.7552845528455285 0.48 0.032520325203252036 0.15
0 0.7056910569105691 0.675 0.016260162601626018 0.1
0 0.9658536585365853 0.925 0.016260162601626018 0.1
0 0.12032520325203253 0.375 0.016260162601626018 0.1
