17 0.2148698884758364 0.290909090909091 0.1041046995835812 0.21212121212121213
15 0.37100371747211897 0.503030303030303 0.08923259964306961 0.15151515151515152
11 0.5152416356877323 0.4727272727272728 0.111540749553837 0.12121212121212122
15 0.6386617100371748 0.4424242424242425 0.08923259964306961 0.15151515151515152
14 0.7568773234200743 0.4727272727272728 0.08923259964306961 0.09090909090909091
6 0.1546468401486989 0.8212121212121212 0.0297441998810232 0.09090909090909091
6 0.8684014869888476 0.5181818181818183 0.0297441998810232 0.09090909090909091
10 0.1546468401486989 0.6393939393939394 0.0297441998810232 0.09090909090909091
5 0.9130111524163569 0.4878787878787879 0.0297441998810232 0.09090909090909091
0 0.1546468401486989 0.9545454545454546 0.0148720999405116 0.06060606060606061
0 0.9130111524163569 0.6515151515151515 0.0148720999405116 0.06060606060606061
0 0.1546468401486989 0.5 0.0148720999405116 0.06060606060606061
