11 0.3857142857142857 0.5249999999999999 0.11278195488721804 0.16666666666666666
11 0.23533834586466162 0.6499999999999999 0.11278195488721804 0.16666666666666666
13 0.23533834586466162 0.4 0.11278195488721804 0.16666666666666666
12 0.8969924812030075 0.5666666666666667 0.11278195488721804 0.16666666666666666
9 0.6676691729323309 0.25416666666666676 0.03007518796992481 0.125
1 0.6082406015037594 0.6916666666666667 0.03007518796992481 0.125
1 0.531609022556391 0.6916666666666667 0.03007518796992481 0.125
3 0.7285714285714286 0.44166666666666665 0.03007518796992481 0.125
0 0.6225563909774436 0.9166666666666666 0.015037593984962405 0.08333333333333333
0 0.9684210526315791 0.7291666666666667 0.015037593984962405 0.08333333333333333
0 0.8330827067669173 0.7291666666666667 0.015037593984962405 0.08333333333333333
