12 0.5649006622516556 0.42999999999999994 0.09933774834437085 0.2
11 0.5913907284768212 0.73 0.09933774834437085 0.2
14 0.43576158940397347 0.58 0.07947019867549669 0.15
16 0.7437086092715232 0.53 0.152317880794702 0.5
14 0.32980132450331123 0.58 0.07947019867549669 0.15
11 0.909271523178808 0.58 0.09933774834437085 0.2
1 0.22982781456953644 0.2300000000000001 0.026490066225165563 0.15
3 0.16490066225165562 0.48 0.026490066225165563 0.15
0 0.9721854304635762 0.775 0.013245033112582781 0.1
0 0.5350993377483444 0.925 0.013245033112582781 0.1
