11 0.18034055727554182 0.6347826086956522 0.1161350263239393 0.17391304347826086
11 0.7530959752321982 0.6347826086956522 0.1161350263239393 0.17391304347826086
11 0.5518575851393189 0.24347826086956526 0.1161350263239393 0.17391304347826086
12 0.7221362229102167 0.20000000000000007 0.1161350263239393 0.17391304347826086
12 0.36609907120743035 0.6782608695652174 0.1161350263239393 0.17391304347826086
11 0.36609907120743035 0.28695652173913044 0.1161350263239393 0.17391304347826086
10 0.5092879256965944 0.6782608695652174 0.04645401052957572 0.08695652173913043
2 0.9047678018575852 0.4608695652173913 0.03096934035305048 0.13043478260869565
0 0.30030959752321984 0.4565217391304348 0.01548467017652524 0.08695652173913043
0 0.48606811145510836 0.4130434782608695 0.01548467017652524 0.08695652173913043
0 0.11455108359133129 0.8043478260869565 0.01548467017652524 0.08695652173913043
0 0.6873065015479877 0.8043478260869565 0.01548467017652524 0.08695652173913043
0 0.30030959752321984 0.8478260869565217 0.01548467017652524 0.08695652173913043
