11 0.5852564102564103 0.12432432432432439 0.09615384615384616 0.10810810810810811
17 0.31346153846153846 0.772972972972973 0.08974358974358974 0.1891891891891892
11 0.45705128205128204 0.772972972972973 0.09615384615384616 0.10810810810810811
17 0.5826923076923077 0.6378378378378379 0.08974358974358974 0.1891891891891892
11 0.6108974358974358 0.31351351351351353 0.09615384615384616 0.10810810810810811
11 0.1878205128205128 0.6378378378378378 0.09615384615384616 0.10810810810810811
6 0.8128205128205129 0.30000000000000004 0.02564102564102564 0.08108108108108109
4 0.8647435897435898 0.5567567567567568 0.02564102564102564 0.08108108108108109
3 0.7621794871794872 0.5567567567567568 0.02564102564102564 0.08108108108108109
5 0.7102564102564103 0.327027027027027 0.02564102564102564 0.08108108108108109
0 0.7743589743589744 0.6891891891891893 0.01282051282051282 0.05405405405405406
0 0.7743589743589744 0.4378378378378379 0.01282051282051282 0.05405405405405406
0 0.32564102564102565 0.9594594594594594 0.01282051282051282 0.05405405405405406
0 0.5564102564102564 0.41891891891891897 0.01282051282051282 0.05405405405405406
0 0.4025641025641025 0.8783783783783784 0.01282051282051282 0.05405405405405406
0 0.13333333333333333 0.7432432432432432 0.01282051282051282 0.05405405405405406
