15 0.5078947368421053 0.6356589147286822 0.10526315789473684 0.1937984496124031
12 0.2745614035087719 0.3643410852713179 0.13157894736842105 0.15503875968992248
16 0.30087719298245613 0.7131782945736433 0.20175438596491227 0.3875968992248062
6 0.831578947368421 0.15116279069767447 0.03508771929824561 0.11627906976744186
9 0.6736842105263158 0.15116279069767447 0.03508771929824561 0.11627906976744186
9 0.8842105263157894 0.38372093023255827 0.03508771929824561 0.11627906976744186
9 0.6736842105263158 0.5775193798449612 0.03508771929824561 0.11627906976744186
9 0.7263157894736841 0.3449612403100776 0.03508771929824561 0.11627906976744186
10 0.7789473684210526 0.5775193798449612 0.03508771929824561 0.11627906976744186
0 0.5859649122807017 0.8062015503875969 0.017543859649122806 0.07751937984496124
