11 0.8459743290548425 0.11612903225806459 0.17507002801120447 0.12903225806451613
12 0.33255542590431736 0.2129032258064517 0.17507002801120447 0.12903225806451613
11 0.33255542590431736 0.40645161290322585 0.17507002801120447 0.12903225806451613
11 0.5659276546091015 0.3096774193548387 0.17507002801120447 0.12903225806451613
6 0.8634772462077013 0.5193548387096775 0.04668534080298786 0.0967741935483871
6 0.7817969661610268 0.8258064516129032 0.0700280112044818 0.06451612903225806
3 0.7712952158693115 0.5354838709677419 0.04668534080298786 0.0967741935483871
3 0.11551925320886815 0.43870967741935485 0.04668534080298786 0.0967741935483871
0 0.09334889148191365 0.5806451612903225 0.02334267040149393 0.06451612903225806
0 0.09334889148191365 0.2967741935483872 0.02334267040149393 0.06451612903225806
0 0.8634772462077013 0.6935483870967742 0.02334267040149393 0.06451612903225806
0 0.793465577596266 0.3935483870967743 0.02334267040149393 0.06451612903225806
0 0.8634772462077013 0.9516129032258065 0.02334267040149393 0.06451612903225806
0 0.7467911318553092 0.24193548387096775 0.02334267040149393 0.06451612903225806
