15 0.7895161290322581 0.7818853974121996 0.0967741935483871 0.1849112426035503
14 0.25645161290322577 0.26432532347504634 0.0967741935483871 0.11094674556213018
13 0.44596774193548383 0.412199630314233 0.12096774193548387 0.14792899408284024
17 0.6201612903225807 0.5970425138632163 0.11290322580645161 0.2588757396449704
11 0.3008064516129032 0.4491682070240296 0.12096774193548387 0.14792899408284024
12 0.8330645161290322 0.412199630314233 0.12096774193548387 0.14792899408284024
6 0.11129032258064517 0.22735674676524964 0.04838709677419355 0.07396449704142012
0 0.054838709677419356 0.3715341959334566 0.016129032258064516 0.07396449704142012
0 0.8612903225806451 0.944547134935305 0.016129032258064516 0.07396449704142012
0 0.5548387096774193 0.8521256931608133 0.016129032258064516 0.07396449704142012
0 0.23225806451612904 0.5933456561922366 0.016129032258064516 0.07396449704142012
0 0.9096774193548387 0.5563770794824399 0.016129032258064516 0.07396449704142012
0 0.7645161290322581 0.5563770794824399 0.016129032258064516 0.07396449704142012
