14 0.6854961832061068 0.30714285714285716 0.0916030534351145 0.10714285714285714
15 0.5335877862595421 0.41428571428571437 0.0916030534351145 0.17857142857142858
11 0.7274809160305343 0.8071428571428572 0.11450381679389313 0.14285714285714285
11 0.8954198473282442 0.16428571428571437 0.11450381679389313 0.14285714285714285
11 0.2694656488549618 0.23571428571428577 0.11450381679389313 0.14285714285714285
11 0.7274809160305343 0.48571428571428577 0.11450381679389313 0.14285714285714285
6 0.37251908396946565 0.32500000000000007 0.030534351145038167 0.10714285714285714
3 0.12900763358778625 0.20000000000000007 0.030534351145038167 0.10714285714285714
4 0.8770992366412215 0.6285714285714286 0.030534351145038167 0.10714285714285714
5 0.41832061068702286 0.28928571428571437 0.030534351145038167 0.10714285714285714
0 0.8916030534351145 0.4714285714285714 0.015267175572519083 0.07142857142857142
0 0.37251908396946565 0.4821428571428571 0.015267175572519083 0.07142857142857142
0 0.9679389312977099 0.3035714285714286 0.015267175572519083 0.07142857142857142
0 0.6625954198473282 0.9464285714285714 0.015267175572519083 0.07142857142857142
0 0.6625954198473282 0.625 0.015267175572519083 0.07142857142857142
