12 0.47730496453900706 0.5052631578947369 0.10638297872340426 0.21052631578947367
11 0.3070921985815603 0.4 0.10638297872340426 0.21052631578947367
13 0.3354609929078014 0.7157894736842105 0.10638297872340426 0.21052631578947367
17 0.7439716312056738 0.4526315789473684 0.09929078014184398 0.3684210526315789
11 0.9028368794326241 0.5052631578947369 0.10638297872340426 0.21052631578947367
12 0.6049645390070921 0.4526315789473684 0.10638297872340426 0.21052631578947367
15 0.15531914893617021 0.4 0.0851063829787234 0.2631578947368421
0 0.27517730496453896 0.9210526315789473 0.014184397163120567 0.10526315789473684
0 0.7574468085106383 0.8157894736842105 0.014184397163120567 0.10526315789473684
0 0.9702127659574469 0.7105263157894737 0.014184397163120567 0.10526315789473684
0 0.8425531914893617 0.7105263157894737 0.014184397163120567 0.10526315789473684
0 0.1049645390070922 0.631578947368421 0.014184397163120567 0.10526315789473684
