16 0.5205357142857142 0.6518518518518519 0.20535714285714285 0.37037037037037035
12 0.3151785714285714 0.7259259259259259 0.13392857142857142 0.14814814814814814
14 0.1232142857142857 0.7259259259259259 0.10714285714285714 0.1111111111111111
15 0.5169642857142857 0.20740740740740748 0.10714285714285714 0.18518518518518517
1 0.7222857142857143 0.4296296296296296 0.03571428571428571 0.1111111111111111
4 0.8651785714285715 0.4296296296296296 0.03571428571428571 0.1111111111111111
5 0.7928571428571428 0.4111111111111112 0.03571428571428571 0.1111111111111111
0 0.2392857142857143 0.8703703703703703 0.017857142857142856 0.07407407407407407
0 0.060714285714285714 0.8518518518518519 0.017857142857142856 0.07407407407407407
0 0.45357142857142857 0.37037037037037035 0.017857142857142856 0.07407407407407407
