11 0.23629032258064514 0.16428571428571437 0.12096774193548387 0.14285714285714285
17 0.442741935483871 0.34285714285714286 0.11290322580645161 0.25
12 0.4137096774193548 0.7714285714285714 0.12096774193548387 0.14285714285714285
11 0.23629032258064514 0.7357142857142858 0.12096774193548387 0.14285714285714285
9 0.8935483870967742 0.7892857142857143 0.03225806451612903 0.10714285714285714
2 0.8298064516129032 0.5571428571428572 0.03225806451612903 0.10714285714285714
1 0.7491612903225806 0.34285714285714286 0.03225806451612903 0.10714285714285714
2 0.5863225806451612 0.5571428571428572 0.03225806451612903 0.10714285714285714
2 0.6685161290322581 0.8071428571428572 0.03225806451612903 0.10714285714285714
0 0.16774193548387098 0.3035714285714286 0.016129032258064516 0.07142857142857142
0 0.37741935483870964 0.5892857142857143 0.016129032258064516 0.07142857142857142
0 0.16774193548387098 0.875 0.016129032258064516 0.07142857142857142
