17 0.6379629629629631 0.37419354838709684 0.12962962962962962 0.22580645161290322
12 0.23425925925925922 0.503225806451613 0.1388888888888889 0.12903225806451613
11 0.43796296296296294 0.535483870967742 0.1388888888888889 0.12903225806451613
9 0.8407407407407407 0.6161290322580645 0.037037037037037035 0.0967741935483871
9 0.8407407407407407 0.8096774193548387 0.037037037037037035 0.0967741935483871
4 0.8583333333333333 0.43870967741935485 0.037037037037037035 0.0967741935483871
4 0.8231481481481482 0.1483870967741936 0.037037037037037035 0.0967741935483871
0 0.8407407407407407 0.9516129032258065 0.018518518518518517 0.06451612903225806
0 0.7666666666666666 0.27419354838709675 0.018518518518518517 0.06451612903225806
0 0.5629629629629629 0.5967741935483871 0.018518518518518517 0.06451612903225806
0 0.3592592592592592 0.6612903225806452 0.018518518518518517 0.06451612903225806
