15 0.3126865671641791 0.6782608695652174 0.08955223880597014 0.21739130434782608
17 0.6634328358208955 0.37391304347826093 0.1044776119402985 0.30434782608695654
17 0.1708955223880597 0.6347826086956522 0.1044776119402985 0.30434782608695654
17 0.46940298507462686 0.5913043478260869 0.1044776119402985 0.30434782608695654
10 0.7820895522388059 0.4391304347826087 0.029850746268656716 0.13043478260869565
1 0.8410746268656716 0.4173913043478261 0.029850746268656716 0.13043478260869565
5 0.9014925373134328 0.3956521739130434 0.029850746268656716 0.13043478260869565
0 0.37910447761194027 0.8695652173913043 0.014925373134328358 0.08695652173913043
0 0.11044776119402985 0.9347826086956522 0.014925373134328358 0.08695652173913043
0 0.6029850746268657 0.6739130434782609 0.014925373134328358 0.08695652173913043
