11 0.44058205335489087 0.37391304347826093 0.12128072445019406 0.17391304347826086
17 0.7768795472918351 0.37391304347826093 0.11319534282018111 0.30434782608695654
17 0.5990299110751819 0.5913043478260869 0.11319534282018111 0.30434782608695654
9 0.19401778496362165 0.4826086956521739 0.03234152652005175 0.13043478260869565
9 0.14551333872271624 0.7 0.03234152652005175 0.13043478260869565
2 0.2594664510913501 0.7217391304347827 0.03234152652005175 0.13043478260869565
4 0.08003233629749394 0.7217391304347827 0.03234152652005175 0.13043478260869565
5 0.9054163298302345 0.30869565217391315 0.03234152652005175 0.13043478260869565
0 0.0646725949878739 0.9347826086956522 0.016170763260025874 0.08695652173913043
0 0.3718674211802748 0.5434782608695652 0.016170763260025874 0.08695652173913043
0 0.7113985448666128 0.6739130434782609 0.016170763260025874 0.08695652173913043
