14 0.24222222222222223 0.28658536585365857 0.13333333333333333 0.09151921903599756
11 0.3033333333333333 0.4390243902439024 0.16666666666666666 0.12202562538133008
9 0.6755555555555556 0.7591463414634146 0.044444444444444446 0.09151921903599756
10 0.49777777777777776 0.7896341463414633 0.044444444444444446 0.09151921903599756
2 0.6967111111111111 0.25609756097560976 0.044444444444444446 0.09151921903599756
2 0.8099555555555555 0.4695121951219512 0.044444444444444446 0.09151921903599756
3 0.5855555555555555 0.621951219512195 0.044444444444444446 0.09151921903599756
5 0.6755555555555556 0.11890243902439024 0.044444444444444446 0.09151921903599756
0 0.49777777777777776 0.9237804878048781 0.022222222222222223 0.06101281269066504
0 0.2088888888888889 0.5579268292682926 0.022222222222222223 0.06101281269066504
