12 0.29502487562189056 0.5191815856777493 0.07462686567164178 0.2047082906857728
13 0.7228855721393035 0.6726342710997442 0.07462686567164178 0.2047082906857728
12 0.19552238805970149 0.36572890025575444 0.07462686567164178 0.2047082906857728
12 0.8223880597014926 0.7237851662404091 0.07462686567164178 0.2047082906857728
16 0.5189054726368159 0.6214833759590792 0.11442786069651742 0.5117707267144319
11 0.19552238805970149 0.6726342710997442 0.07462686567164178 0.2047082906857728
11 0.9318407960199006 0.6726342710997442 0.07462686567164178 0.2047082906857728
11 0.4044776119402985 0.5191815856777493 0.07462686567164178 0.2047082906857728
6 0.6258706467661692 0.6214833759590792 0.029850746268656716 0.1023541453428864
10 0.08855721393034827 0.3145780051150895 0.029850746268656716 0.1023541453428864
0 0.9791044776119403 0.8721227621483376 0.009950248756218905 0.1023541453428864
