11 0.7927651747394238 0.5379310344827586 0.09197939661515821 0.13793103448275862
11 0.27774371551195587 0.5034482758620691 0.09197939661515821 0.13793103448275862
11 0.6701410177805027 0.5379310344827586 0.09197939661515821 0.13793103448275862
12 0.14285714285714288 0.46896551724137936 0.09197939661515821 0.13793103448275862
17 0.5205395462906193 0.3310344827586207 0.08584743684081432 0.2413793103448276
12 0.5229920294297977 0.7448275862068965 0.09197939661515821 0.13793103448275862
6 0.8877988963825875 0.5896551724137931 0.02452783909737552 0.10344827586206896
9 0.3789086450030656 0.503448275862069 0.03679175864606328 0.06896551724137931
9 0.9245861434702638 0.6241379310344828 0.02452783909737552 0.10344827586206896
0 0.22562844880441446 0.6379310344827587 0.01226391954868776 0.06896551724137931
0 0.6180257510729614 0.6724137931034483 0.01226391954868776 0.06896551724137931
0 0.09074187614960148 0.603448275862069 0.01226391954868776 0.06896551724137931
0 0.47087676272225626 0.5689655172413793 0.01226391954868776 0.06896551724137931
0 0.47087676272225626 0.8793103448275862 0.01226391954868776 0.06896551724137931
