15 0.18717948717948718 0.6916666666666667 0.10256410256410256 0.20833333333333334
16 0.8401709401709402 0.275 0.19658119658119658 0.4166666666666667
12 0.47264957264957264 0.775 0.1282051282051282 0.16666666666666666
15 0.6145299145299146 0.775 0.10256410256410256 0.20833333333333334
3 0.7923076923076922 0.775 0.03418803418803419 0.125
3 0.33247863247863246 0.6916666666666667 0.03418803418803419 0.125
5 0.6478632478632479 0.3583333333333334 0.05128205128205128 0.08333333333333333
0 0.588034188034188 0.5208333333333333 0.017094017094017096 0.08333333333333333
0 0.8444444444444444 0.9375 0.017094017094017096 0.08333333333333333
0 0.9641025641025641 0.5625 0.017094017094017096 0.08333333333333333
0 0.1264957264957265 0.875 0.017094017094017096 0.08333333333333333
