13 0.8969924812030075 0.8036363636363636 0.11278195488721804 0.14545454545454545
13 0.5661654135338345 0.4036363636363637 0.11278195488721804 0.14545454545454545
11 0.7616541353383458 0.5854545454545454 0.11278195488721804 0.14545454545454545
11 0.4007518796992481 0.3672727272727273 0.11278195488721804 0.14545454545454545
14 0.8857142857142857 0.5127272727272727 0.09022556390977443 0.10909090909090909
14 0.7203007518796992 0.4036363636363637 0.09022556390977443 0.10909090909090909
2 0.18574436090225566 0.2581818181818182 0.03007518796992481 0.10909090909090909
3 0.24736842105263157 0.44000000000000006 0.03007518796992481 0.10909090909090909
0 0.17142857142857143 0.09818181818181826 0.015037593984962405 0.07272727272727272
0 0.9684210526315791 0.9454545454545454 0.015037593984962405 0.07272727272727272
0 0.9533834586466166 0.6363636363636364 0.015037593984962405 0.07272727272727272
0 0.5022556390977443 0.5454545454545454 0.015037593984962405 0.07272727272727272
0 0.6977443609022557 0.7272727272727273 0.015037593984962405 0.07272727272727272
0 0.3368421052631579 0.509090909090909 0.015037593984962405 0.07272727272727272
