11 0.7291666666666666 0.784 0.16447368421052633 0.16
12 0.7730263157894737 0.42400000000000004 0.16447368421052633 0.16
12 0.3344298245614035 0.46399999999999997 0.16447368421052633 0.16
11 0.7291666666666666 0.18400000000000005 0.16447368421052633 0.16
10 0.5153508771929824 0.46399999999999997 0.06578947368421052 0.08
1 0.10859649122807018 0.46399999999999997 0.043859649122807015 0.12
0 0.08771929824561403 0.6599999999999999 0.021929824561403508 0.08
0 0.8333333333333333 0.94 0.021929824561403508 0.08
0 0.8771929824561403 0.5800000000000001 0.021929824561403508 0.08
0 0.6798245614035088 0.5800000000000001 0.021929824561403508 0.08
