14 0.26153846153846155 0.2823529411764706 0.13186813186813187 0.08823529411764706
11 0.8494505494505494 0.19411764705882362 0.16483516483516483 0.11764705882352941
14 0.26153846153846155 0.1352941176470589 0.13186813186813187 0.08823529411764706
12 0.5857142857142856 0.16470588235294126 0.16483516483516483 0.11764705882352941
11 0.278021978021978 0.4294117647058824 0.16483516483516483 0.11764705882352941
11 0.8054945054945054 0.45882352941176474 0.16483516483516483 0.11764705882352941
17 0.31758241758241756 0.6941176470588235 0.15384615384615385 0.20588235294117646
5 0.5252747252747253 0.4882352941176471 0.06593406593406594 0.058823529411764705
0 0.9098901098901099 0.5735294117647058 0.02197802197802198 0.058823529411764705
0 0.9538461538461538 0.3088235294117647 0.02197802197802198 0.058823529411764705
0 0.756043956043956 0.3088235294117647 0.02197802197802198 0.058823529411764705
0 0.4923076923076923 0.27941176470588236 0.02197802197802198 0.058823529411764705
0 0.2285714285714286 0.8970588235294118 0.02197802197802198 0.058823529411764705
