16 0.4859872611464968 0.36250000000000004 0.1464968152866242 0.3125
13 0.8617834394904459 0.11250000000000004 0.09554140127388536 0.125
16 0.880891719745223 0.48750000000000004 0.1464968152866242 0.3125
11 0.22484076433121017 0.36250000000000004 0.09554140127388536 0.125
15 0.343312101910828 0.39375000000000004 0.07643312101910828 0.15625
14 0.08789808917197452 0.39375000000000004 0.07643312101910828 0.09375
11 0.6452229299363057 0.33125000000000004 0.09554140127388536 0.125
2 0.756076433121019 0.26875000000000004 0.025477707006369428 0.09375
5 0.8522292993630574 0.83125 0.03821656050955414 0.0625
0 0.8968152866242038 0.953125 0.012738853503184714 0.0625
0 0.9732484076433122 0.703125 0.012738853503184714 0.0625
0 0.9222929936305733 0.234375 0.012738853503184714 0.0625
0 0.17070063694267518 0.484375 0.012738853503184714 0.0625
0 0.04331210191082802 0.5 0.012738853503184714 0.0625
