14 0.6971098265895953 0.8218181818181818 0.13876040703052728 0.10909090909090909
11 0.7606936416184971 0.4945454545454545 0.17345050878815912 0.14545454545454545
13 0.4601156069364162 0.4945454545454545 0.17345050878815912 0.14545454545454545
11 0.7606936416184971 0.16727272727272735 0.17345050878815912 0.14545454545454545
6 0.10751445086705202 0.4763636363636363 0.04625346901017576 0.10909090909090909
3 0.1294797687861272 0.7127272727272727 0.04625346901017576 0.10909090909090909
3 0.22427745664739882 0.45818181818181813 0.04625346901017576 0.10909090909090909
0 0.2 0.8545454545454545 0.02312673450508788 0.07272727272727272
0 0.8011560693641618 0.9454545454545454 0.02312673450508788 0.07272727272727272
0 0.6624277456647398 0.6363636363636364 0.02312673450508788 0.07272727272727272
0 0.8705202312138728 0.3090909090909091 0.02312673450508788 0.07272727272727272
0 0.6624277456647398 0.3090909090909091 0.02312673450508788 0.07272727272727272
