11 0.22366412213740455 0.7545454545454545 0.11450381679389313 0.18181818181818182
12 0.3763358778625954 0.6181818181818182 0.11450381679389313 0.18181818181818182
17 0.8923664122137405 0.30000000000000004 0.10687022900763359 0.3181818181818182
12 0.5442748091603054 0.6636363636363636 0.11450381679389313 0.18181818181818182
13 0.22366412213740455 0.34545454545454557 0.11450381679389313 0.18181818181818182
6 0.6931297709923664 0.5954545454545455 0.030534351145038167 0.13636363636363635
10 0.6473282442748092 0.5954545454545455 0.030534351145038167 0.13636363636363635
3 0.7549618320610687 0.6181818181818182 0.030534351145038167 0.13636363636363635
0 0.9679389312977099 0.6136363636363636 0.015267175572519083 0.09090909090909091
0 0.15877862595419848 0.9318181818181819 0.015267175572519083 0.09090909090909091
0 0.4793893129770992 0.8409090909090909 0.015267175572519083 0.09090909090909091
0 0.15877862595419848 0.5227272727272727 0.015267175572519083 0.09090909090909091
