15 0.7105555555555556 0.48571428571428577 0.06666666666666667 0.17857142857142858
11 0.6072222222222222 0.5214285714285714 0.08333333333333333 0.14285714285714285
11 0.485 0.5571428571428572 0.08333333333333333 0.14285714285714285
17 0.13833333333333334 0.34285714285714286 0.07777777777777778 0.25
11 0.8183333333333334 0.37857142857142867 0.08333333333333333 0.14285714285714285
12 0.2627777777777778 0.5571428571428572 0.08333333333333333 0.14285714285714285
11 0.3738888888888889 0.5928571428571429 0.08333333333333333 0.14285714285714285
13 0.14055555555555554 0.6642857142857143 0.08333333333333333 0.14285714285714285
11 0.14055555555555554 0.8785714285714286 0.08333333333333333 0.14285714285714285
1 0.9150222222222223 0.37857142857142867 0.022222222222222223 0.10714285714285714
0 0.9044444444444445 0.5357142857142857 0.011111111111111112 0.07142857142857142
0 0.5599999999999999 0.6607142857142857 0.011111111111111112 0.07142857142857142
0 0.21555555555555553 0.6964285714285714 0.011111111111111112 0.07142857142857142
