11 0.30465116279069765 0.6476190476190475 0.11627906976744186 0.19047619047619047
15 0.43333333333333335 0.6476190476190475 0.09302325581395349 0.23809523809523808
14 0.8976744186046511 0.21904761904761916 0.09302325581395349 0.14285714285714285
12 0.7697674418604651 0.17142857142857149 0.11627906976744186 0.19047619047619047
14 0.13798449612403102 0.6952380952380952 0.09302325581395349 0.14285714285714285
6 0.641860465116279 0.29047619047619055 0.031007751937984496 0.14285714285714285
3 0.5806201550387597 0.3142857142857143 0.031007751937984496 0.14285714285714285
5 0.641860465116279 0.5761904761904761 0.031007751937984496 0.14285714285714285
5 0.5953488372093023 0.5761904761904761 0.031007751937984496 0.14285714285714285
0 0.641860465116279 0.7857142857142857 0.015503875968992248 0.09523809523809523
0 0.5023255813953488 0.8571428571428572 0.015503875968992248 0.09523809523809523
0 0.9674418604651163 0.38095238095238093 0.015503875968992248 0.09523809523809523
