17 0.26958955223880593 0.5058823529411764 0.13059701492537312 0.4117647058823529
11 0.4598880597014925 0.5058823529411764 0.13992537313432835 0.23529411764705882
13 0.6651119402985074 0.44705882352941173 0.13992537313432835 0.23529411764705882
6 0.13805970149253732 0.6529411764705881 0.03731343283582089 0.17647058823529413
10 0.7910447761194029 0.5352941176470588 0.03731343283582089 0.17647058823529413
3 0.8852611940298508 0.5058823529411764 0.03731343283582089 0.17647058823529413
5 0.13805970149253732 0.29999999999999993 0.03731343283582089 0.17647058823529413
0 0.7910447761194029 0.8529411764705882 0.018656716417910446 0.11764705882352941
0 0.9029850746268656 0.24705882352941178 0.018656716417910446 0.11764705882352941
0 0.13805970149253732 0.9117647058823529 0.018656716417910446 0.11764705882352941
0 0.585820895522388 0.6764705882352942 0.018656716417910446 0.11764705882352941
