12 0.2827338129496403 0.6866666666666666 0.1079136690647482 0.13333333333333333
14 0.12805755395683455 0.72 0.08633093525179857 0.1
12 0.556115107913669 0.6533333333333333 0.1079136690647482 0.13333333333333333
14 0.4014388489208633 0.6866666666666666 0.08633093525179857 0.1
16 0.8654676258992806 0.22000000000000008 0.16546762589928057 0.3333333333333333
17 0.6971223021582734 0.82 0.10071942446043165 0.23333333333333334
6 0.8115107913669064 0.6033333333333333 0.02877697841726619 0.1
4 0.8266187050359712 0.82 0.02877697841726619 0.1
0 0.9697841726618706 0.44999999999999996 0.014388489208633094 0.06666666666666667
0 0.49496402877697837 0.7833333333333333 0.014388489208633094 0.06666666666666667
0 0.22158273381294966 0.8166666666666667 0.014388489208633094 0.06666666666666667
