13 0.4706521739130434 0.3096774193548387 0.16304347826086957 0.12903225806451613
11 0.4706521739130434 0.503225806451613 0.16304347826086957 0.12903225806451613
13 0.2532608695652174 0.47096774193548396 0.16304347826086957 0.12903225806451613
2 0.7923478260869565 0.40645161290322585 0.043478260869565216 0.0967741935483871
1 0.6598260869565217 0.6 0.043478260869565216 0.0967741935483871
1 0.7923478260869565 0.6 0.043478260869565216 0.0967741935483871
1 0.8337391304347825 0.1483870967741936 0.043478260869565216 0.0967741935483871
2 0.7923478260869565 0.7612903225806451 0.043478260869565216 0.0967741935483871
0 0.726086956521739 0.9193548387096774 0.021739130434782608 0.06451612903225806
0 0.726086956521739 0.27419354838709675 0.021739130434782608 0.06451612903225806
0 0.16086956521739132 0.5967741935483871 0.021739130434782608 0.06451612903225806
