11 0.3132450331125828 0.6125 0.09933774834437085 0.125
11 0.5649006622516556 0.58125 0.09933774834437085 0.125
17 0.4298013245033113 0.6125 0.09271523178807947 0.21875
11 0.16754966887417216 0.58125 0.09933774834437085 0.125
16 0.8761589403973511 0.20625000000000004 0.152317880794702 0.3125
12 0.6973509933774834 0.55 0.09933774834437085 0.125
10 0.7999999999999999 0.596875 0.026490066225165563 0.09375
3 0.8668874172185431 0.58125 0.026490066225165563 0.09375
5 0.7999999999999999 0.909375 0.026490066225165563 0.09375
0 0.7999999999999999 0.765625 0.013245033112582781 0.0625
0 0.25695364238410595 0.734375 0.013245033112582781 0.0625
0 0.4423841059602649 0.828125 0.013245033112582781 0.0625
0 0.9721854304635762 0.421875 0.013245033112582781 0.0625
0 0.7999999999999999 0.421875 0.013245033112582781 0.0625
