15 0.5298342541436465 0.6347826086956522 0.06629834254143646 0.21739130434782608
11 0.9243093922651935 0.5043478260869565 0.08287292817679558 0.17391304347826086
11 0.28342541436464086 0.5043478260869565 0.08287292817679558 0.17391304347826086
12 0.8138121546961327 0.5478260869565217 0.08287292817679558 0.17391304347826086
16 0.6756906077348067 0.5913043478260869 0.1270718232044199 0.43478260869565216
11 0.16187845303867401 0.5043478260869565 0.08287292817679558 0.17391304347826086
10 0.36906077348066296 0.7434782608695651 0.022099447513812154 0.13043478260869565
10 0.4022099447513812 0.30869565217391315 0.022099447513812154 0.13043478260869565
2 0.44693922651933704 0.5043478260869565 0.022099447513812154 0.13043478260869565
0 0.36906077348066296 0.9347826086956522 0.011049723756906077 0.08695652173913043
0 0.9767955801104973 0.6739130434782609 0.011049723756906077 0.08695652173913043
0 0.11491712707182321 0.6739130434782609 0.011049723756906077 0.08695652173913043
0 0.23646408839779004 0.6739130434782609 0.011049723756906077 0.08695652173913043
0 0.6121546961325967 0.8913043478260869 0.011049723756906077 0.08695652173913043
