17 0.8872000000000001 0.6413793103448275 0.112 0.2413793103448276
12 0.23439999999999997 0.6068965517241379 0.12 0.13793103448275862
13 0.3944 0.43448275862068975 0.12 0.13793103448275862
17 0.1992 0.29655172413793107 0.112 0.2413793103448276
6 0.6304 0.4862068965517242 0.032 0.10344827586206896
10 0.6304 0.693103448275862 0.032 0.10344827586206896
1 0.5496319999999999 0.6758620689655173 0.032 0.10344827586206896
1 0.6936319999999999 0.503448275862069 0.032 0.10344827586206896
0 0.5344 0.8793103448275862 0.016 0.06896551724137931
0 0.9663999999999999 0.8793103448275862 0.016 0.06896551724137931
0 0.8224 0.8793103448275862 0.016 0.06896551724137931
0 0.1664 0.7413793103448276 0.016 0.06896551724137931
