11 0.639855072463768 0.7357142857142858 0.10869565217391304 0.14285714285714285
13 0.18333333333333332 0.48571428571428577 0.10869565217391304 0.14285714285714285
17 0.3398550724637681 0.30714285714285716 0.10144927536231885 0.25
17 0.6152173913043478 0.30714285714285716 0.10144927536231885 0.25
11 0.48768115942028983 0.30714285714285716 0.10869565217391304 0.14285714285714285
6 0.8318840579710145 0.5392857142857143 0.028985507246376812 0.10714285714285714
1 0.7732173913043477 0.5571428571428572 0.028985507246376812 0.10714285714285714
3 0.8891304347826086 0.5571428571428572 0.028985507246376812 0.10714285714285714
0 0.5782608695652174 0.875 0.014492753623188406 0.07142857142857142
0 0.6289855072463768 0.5535714285714286 0.014492753623188406 0.07142857142857142
0 0.2811594202898551 0.5535714285714286 0.014492753623188406 0.07142857142857142
