12 0.40574712643678157 0.606694560669456 0.1724137931034483 0.16736401673640167
17 0.17126436781609194 0.6485355648535565 0.16091954022988506 0.2928870292887029
11 0.8425287356321839 0.2719665271966527 0.1724137931034483 0.16736401673640167
13 0.796551724137931 0.6485355648535565 0.1724137931034483 0.16736401673640167
1 0.5828045977011493 0.18828451882845187 0.04597701149425287 0.12552301255230125
4 0.5850574712643678 0.606694560669456 0.04597701149425287 0.12552301255230125
0 0.6068965517241379 0.42259414225941416 0.022988505747126436 0.08368200836820083
0 0.9057471264367816 0.8117154811715481 0.022988505747126436 0.08368200836820083
0 0.07816091954022988 0.9372384937238494 0.022988505747126436 0.08368200836820083
0 0.9517241379310345 0.43514644351464427 0.022988505747126436 0.08368200836820083
0 0.7448275862068965 0.43514644351464427 0.022988505747126436 0.08368200836820083
