11 0.6900709219858155 0.20694645441389292 0.10638297872340426 0.11580775911986103
13 0.20780141843971628 0.26483357452966716 0.10638297872340426 0.11580775911986103
14 0.8070921985815602 0.20694645441389292 0.0851063829787234 0.08685581933989578
17 0.17659574468085104 0.6121562952243126 0.09929078014184398 0.2026635784597568
6 0.3602836879432624 0.829232995658466 0.028368794326241134 0.08685581933989578
9 0.9205673758865249 0.1780028943560058 0.0425531914893617 0.05790387955993052
2 0.34678014184397166 0.6700434153400867 0.028368794326241134 0.08685581933989578
4 0.41631205673758864 0.2937771345875543 0.028368794326241134 0.08685581933989578
3 0.5312056737588653 0.2937771345875543 0.028368794326241134 0.08685581933989578
5 0.4028368794326241 0.5397973950795948 0.028368794326241134 0.08685581933989578
0 0.9702127659574469 0.2908827785817655 0.014184397163120567 0.05790387955993052
0 0.3602836879432624 0.9565846599131693 0.014184397163120567 0.05790387955993052
0 0.4879432624113475 0.40665701881331395 0.014184397163120567 0.05790387955993052
0 0.4595744680851064 0.40665701881331395 0.014184397163120567 0.05790387955993052
0 0.6297872340425532 0.3198263386396526 0.014184397163120567 0.05790387955993052
0 0.14751773049645392 0.37771345875542683 0.014184397163120567 0.05790387955993052
