14 0.15892857142857145 0.8150943396226416 0.10714285714285714 0.11320754716981132
15 0.3383928571428571 0.7773584905660378 0.10714285714285714 0.18867924528301888
12 0.6544642857142857 0.7018867924528303 0.13392857142857142 0.1509433962264151
14 0.49821428571428567 0.739622641509434 0.10714285714285714 0.11320754716981132
13 0.8508928571428571 0.17358490566037743 0.13392857142857142 0.1509433962264151
10 0.775 0.49433962264150944 0.03571428571428571 0.11320754716981132
5 0.8017857142857142 0.7018867924528303 0.05357142857142857 0.07547169811320754
0 0.8642857142857142 0.8490566037735849 0.017857142857142856 0.07547169811320754
0 0.275 0.9433962264150944 0.017857142857142856 0.07547169811320754
0 0.775 0.3207547169811321 0.017857142857142856 0.07547169811320754
