12 0.9159509202453988 0.6636363636363636 0.09202453987730061 0.18181818181818182
15 0.6374233128834356 0.3909090909090909 0.0736196319018405 0.22727272727272727
13 0.5233128834355828 0.30000000000000004 0.09202453987730061 0.18181818181818182
11 0.4006134969325153 0.25454545454545463 0.09202453987730061 0.18181818181818182
11 0.11840490797546013 0.34545454545454557 0.09202453987730061 0.18181818181818182
9 0.8147239263803682 0.36818181818181817 0.024539877300613498 0.13636363636363635
9 0.7411042944785275 0.6409090909090909 0.024539877300613498 0.13636363636363635
2 0.8030429447852762 0.6181818181818182 0.024539877300613498 0.13636363636363635
2 0.2508957055214724 0.25454545454545463 0.024539877300613498 0.13636363636363635
0 0.2134969325153374 0.43181818181818177 0.012269938650306749 0.09090909090909091
0 0.7411042944785275 0.8863636363636364 0.012269938650306749 0.09090909090909091
0 0.9742331288343559 0.8409090909090909 0.012269938650306749 0.09090909090909091
0 0.6920245398773006 0.5909090909090908 0.012269938650306749 0.09090909090909091
0 0.34846625766871164 0.43181818181818177 0.012269938650306749 0.09090909090909091
