12 0.5813725490196078 0.5521126760563381 0.14705882352941177 0.11267605633802817
14 0.7627450980392156 0.8619718309859155 0.11764705882352941 0.08450704225352113
15 0.8029411764705883 0.6084507042253522 0.11764705882352941 0.14084507042253522
11 0.2284313725490196 0.43943661971830994 0.14705882352941177 0.11267605633802817
17 0.7735294117647059 0.24225352112676057 0.13725490196078433 0.19718309859154928
2 0.3990588235294117 0.6366197183098592 0.0392156862745098 0.08450704225352113
5 0.3803921568627451 0.7915492957746479 0.0392156862745098 0.08450704225352113
5 0.3803921568627451 0.48169014084507045 0.0392156862745098 0.08450704225352113
0 0.3803921568627451 0.9154929577464789 0.0196078431372549 0.056338028169014086
0 0.8509803921568627 0.9577464788732395 0.0196078431372549 0.056338028169014086
0 0.8901960784313725 0.7323943661971831 0.0196078431372549 0.056338028169014086
0 0.7333333333333333 0.7323943661971831 0.0196078431372549 0.056338028169014086
0 0.1450980392156863 0.5492957746478873 0.0196078431372549 0.056338028169014086
0 0.792156862745098 0.43661971830985913 0.0196078431372549 0.056338028169014086
