13 0.33879310344827585 0.6108108108108108 0.12931034482758622 0.10810810810810811
14 0.3258620689655172 0.2324324324324325 0.10344827586206896 0.08108108108108109
9 0.7999999999999999 0.8135135135135135 0.034482758620689655 0.08108108108108109
10 0.6275862068965516 0.16486486486486496 0.034482758620689655 0.08108108108108109
2 0.6111724137931035 0.5567567567567568 0.034482758620689655 0.08108108108108109
1 0.7146206896551724 0.31351351351351353 0.034482758620689655 0.08108108108108109
2 0.5060689655172413 0.8 0.034482758620689655 0.08108108108108109
5 0.6275862068965516 0.7864864864864864 0.034482758620689655 0.08108108108108109
0 0.4896551724137931 0.9594594594594594 0.017241379310344827 0.05405405405405406
0 0.4896551724137931 0.681081081081081 0.017241379310344827 0.05405405405405406
0 0.7310344827586207 0.43243243243243246 0.017241379310344827 0.05405405405405406
