13 0.7707482993197279 0.36250000000000004 0.10204081632653061 0.125
16 0.27414965986394557 0.30000000000000004 0.1564625850340136 0.3125
14 0.12108843537414966 0.17500000000000004 0.08163265306122448 0.09375
17 0.9040816326530613 0.20625000000000004 0.09523809523809523 0.21875
14 0.12108843537414966 0.33125000000000004 0.08163265306122448 0.09375
10 0.46802721088435373 0.34687500000000004 0.027210884353741496 0.09375
3 0.5775510204081633 0.8 0.027210884353741496 0.09375
3 0.5217687074829931 0.64375 0.027210884353741496 0.09375
3 0.6306122448979591 0.8 0.027210884353741496 0.09375
5 0.41360544217687073 0.34687500000000004 0.027210884353741496 0.09375
0 0.6176870748299319 0.9375 0.013605442176870748 0.0625
0 0.41360544217687073 0.515625 0.013605442176870748 0.0625
0 0.9714285714285715 0.421875 0.013605442176870748 0.0625
