11 0.2866666666666666 0.1473684210526316 0.09090909090909091 0.10526315789473684
12 0.7836363636363637 0.6736842105263158 0.09090909090909091 0.10526315789473684
15 0.14484848484848484 0.1473684210526316 0.07272727272727272 0.13157894736842105
16 0.6442424242424242 0.7 0.1393939393939394 0.2631578947368421
12 0.916969696969697 0.6473684210526316 0.09090909090909091 0.10526315789473684
9 0.41696969696969693 0.6078947368421053 0.024242424242424242 0.07894736842105263
9 0.41696969696969693 0.8184210526315789 0.024242424242424242 0.07894736842105263
1 0.46603636363636364 0.20000000000000007 0.024242424242424242 0.07894736842105263
3 0.4054545454545455 0.4368421052631579 0.024242424242424242 0.07894736842105263
4 0.5266666666666667 0.8315789473684211 0.024242424242424242 0.07894736842105263
0 0.5381818181818182 0.9473684210526316 0.012121212121212121 0.05263157894736842
0 0.5381818181818182 0.7157894736842105 0.012121212121212121 0.05263157894736842
0 0.41696969696969693 0.3210526315789475 0.012121212121212121 0.05263157894736842
0 0.23515151515151514 0.25 0.012121212121212121 0.05263157894736842
0 0.9745454545454546 0.75 0.012121212121212121 0.05263157894736842
0 0.8654545454545455 0.75 0.012121212121212121 0.05263157894736842
