12 0.2177570093457944 0.709090909090909 0.14018691588785046 0.18181818181818182
12 0.4420560747663551 0.6636363636363636 0.14018691588785046 0.18181818181818182
11 0.40467289719626165 0.3909090909090909 0.14018691588785046 0.18181818181818182
11 0.8719626168224299 0.4363636363636364 0.14018691588785046 0.18181818181818182
2 0.6065046728971962 0.5727272727272728 0.037383177570093455 0.13636363636363635
4 0.7000000000000001 0.5727272727272728 0.037383177570093455 0.13636363636363635
5 0.6242990654205607 0.23181818181818192 0.037383177570093455 0.13636363636363635
0 0.7177570093457943 0.7727272727272727 0.018691588785046728 0.09090909090909091
0 0.9607476635514018 0.6136363636363636 0.018691588785046728 0.09090909090909091
0 0.3626168224299065 0.8409090909090909 0.018691588785046728 0.09090909090909091
0 0.1383177570093458 0.8863636363636364 0.018691588785046728 0.09090909090909091
