15 0.1738095238095238 0.5088967971530249 0.09523809523809523 0.3561253561253561
14 0.6333333333333333 0.6512455516014235 0.09523809523809523 0.21367521367521367
11 0.3595238095238095 0.43772241992882566 0.11904761904761904 0.2849002849002849
15 0.7928571428571429 0.5800711743772242 0.09523809523809523 0.3561253561253561
6 0.4825396825396825 0.6156583629893239 0.031746031746031744 0.21367521367521367
10 0.9349206349206349 0.43772241992882566 0.047619047619047616 0.14245014245014245
5 0.5301587301587302 0.5444839857651246 0.031746031746031744 0.21367521367521367
0 0.7365079365079364 0.8932384341637011 0.015873015873015872 0.14245014245014245
0 0.24444444444444444 0.8220640569395018 0.015873015873015872 0.14245014245014245
0 0.11746031746031746 0.8220640569395018 0.015873015873015872 0.14245014245014245
