15 0.3937659033078881 0.4818181818181818 0.07635530669381523 0.22727272727272727
12 0.25 0.2090909090909091 0.09544413336726902 0.18181818181818182
12 0.09732824427480916 0.5727272727272728 0.09544413336726902 0.18181818181818182
16 0.7907124681933844 0.5272727272727273 0.14634767116314584 0.45454545454545453
15 0.2410941475826972 0.6636363636363636 0.07635530669381523 0.22727272727272727
12 0.6571246819338422 0.4363636363636364 0.09544413336726902 0.18181818181818182
2 0.5388295165394402 0.3909090909090909 0.025451768897938407 0.13636363636363635
4 0.9217557251908398 0.5272727272727273 0.025451768897938407 0.13636363636363635
0 0.9338422391857508 0.7272727272727273 0.012725884448969204 0.09090909090909091
0 0.1959287531806616 0.8636363636363636 0.012725884448969204 0.09090909090909091
0 0.450381679389313 0.6818181818181819 0.012725884448969204 0.09090909090909091
0 0.3486005089058524 0.6818181818181819 0.012725884448969204 0.09090909090909091
0 0.04325699745547074 0.75 0.012725884448969204 0.09090909090909091
0 0.1959287531806616 0.38636363636363635 0.012725884448969204 0.09090909090909091
