13 0.2694656488549618 0.503225806451613 0.11450381679389313 0.12903225806451613
12 0.23893129770992363 0.3096774193548387 0.11450381679389313 0.12903225806451613
17 0.4343511450381679 0.2774193548387097 0.10687022900763359 0.22580645161290322
16 0.8572519083969465 0.7290322580645161 0.17557251908396945 0.3225806451612903
17 0.8618320610687024 0.24516129032258072 0.10687022900763359 0.22580645161290322
9 0.5404580152671755 0.35806451612903234 0.030534351145038167 0.0967741935483871
1 0.632793893129771 0.37419354838709684 0.030534351145038167 0.0967741935483871
3 0.6938931297709924 0.37419354838709684 0.030534351145038167 0.0967741935483871
0 0.5404580152671755 0.564516129032258 0.015267175572519083 0.06451612903225806
0 0.9679389312977099 0.9516129032258065 0.015267175572519083 0.06451612903225806
0 0.20458015267175572 0.6290322580645161 0.015267175572519083 0.06451612903225806
0 0.7999999999999999 0.467741935483871 0.015267175572519083 0.06451612903225806
