17 0.8923664122137405 0.31836734693877555 0.10687022900763359 0.14285714285714285
13 0.22366412213740455 0.6857142857142857 0.11450381679389313 0.08163265306122448
12 0.8954198473282442 0.07346938775510203 0.11450381679389313 0.08163265306122448
16 0.5519083969465649 0.5428571428571429 0.17557251908396945 0.20408163265306123
11 0.1931297709923664 0.4816326530612245 0.11450381679389313 0.08163265306122448
17 0.3885496183206107 0.5836734693877551 0.10687022900763359 0.14285714285714285
17 0.8618320610687024 0.6448979591836734 0.10687022900763359 0.14285714285714285
5 0.8305343511450382 0.8795918367346939 0.030534351145038167 0.061224489795918366
5 0.716030534351145 0.5428571428571429 0.04580152671755725 0.04081632653061224
5 0.8763358778625954 0.8795918367346939 0.030534351145038167 0.061224489795918366
0 0.8763358778625954 0.9693877551020408 0.015267175572519083 0.04081632653061224
0 0.9374045801526717 0.7857142857142857 0.015267175572519083 0.04081632653061224
0 0.9679389312977099 0.4591836734693877 0.015267175572519083 0.04081632653061224
0 0.8305343511450382 0.4591836734693877 0.015267175572519083 0.04081632653061224
0 0.15877862595419848 0.7653061224489796 0.015267175572519083 0.04081632653061224
0 0.9679389312977099 0.15306122448979587 0.015267175572519083 0.04081632653061224
0 0.8305343511450382 0.15306122448979587 0.015267175572519083 0.04081632653061224
