11 0.8329326923076923 0.45000000000000007 0.18028846153846154 0.14285714285714285
17 0.5877403846153846 0.5928571428571429 0.16826923076923078 0.25
13 0.8329326923076923 0.12857142857142867 0.18028846153846154 0.14285714285714285
12 0.376201923076923 0.7714285714285714 0.18028846153846154 0.14285714285714285
10 0.1658653846153846 0.8071428571428572 0.07211538461538461 0.07142857142857142
4 0.8521634615384616 0.7714285714285714 0.04807692307692308 0.10714285714285714
0 0.7788461538461537 0.9464285714285714 0.02403846153846154 0.07142857142857142
0 0.08173076923076923 0.9464285714285714 0.02403846153846154 0.07142857142857142
0 0.9471153846153846 0.5892857142857143 0.02403846153846154 0.07142857142857142
0 0.9471153846153846 0.2678571428571429 0.02403846153846154 0.07142857142857142
