17 0.1629310344827586 0.83125 0.1206896551724138 0.21875
12 0.19224137931034482 0.45625000000000004 0.12931034482758622 0.125
12 0.5456896551724137 0.45625000000000004 0.12931034482758622 0.125
11 0.20086206896551725 0.14375000000000004 0.12931034482758622 0.125
12 0.3732758620689655 0.48750000000000004 0.12931034482758622 0.125
6 0.7482758620689655 0.534375 0.034482758620689655 0.09375
1 0.8681379310344827 0.36250000000000004 0.034482758620689655 0.09375
4 0.6784482758620689 0.51875 0.034482758620689655 0.09375
4 0.835344827586207 0.51875 0.034482758620689655 0.09375
0 0.11896551724137931 0.578125 0.017241379310344827 0.0625
0 0.12758620689655173 0.265625 0.017241379310344827 0.0625
