13 0.6023999999999999 0.6105263157894736 0.12 0.21052631578947367
17 0.7752 0.34736842105263155 0.112 0.3684210526315789
15 0.43119999999999997 0.6105263157894736 0.096 0.2631578947368421
12 0.2824 0.5578947368421052 0.12 0.21052631578947367
6 0.11040000000000001 0.5052631578947369 0.048 0.10526315789473684
5 0.9104 0.34736842105263155 0.048 0.10526315789473684
0 0.9663999999999999 0.5526315789473684 0.016 0.10526315789473684
0 0.0544 0.7105263157894737 0.016 0.10526315789473684
0 0.5344 0.8157894736842105 0.016 0.10526315789473684
0 0.7104 0.7105263157894737 0.016 0.10526315789473684
0 0.2144 0.7631578947368421 0.016 0.10526315789473684
