15 0.25085714285714283 0.19487179487179496 0.06857142857142857 0.1282051282051282
11 0.5559999999999999 0.2974358974358975 0.08571428571428572 0.10256410256410256
11 0.9217142857142858 0.5794871794871795 0.08571428571428572 0.10256410256410256
15 0.13657142857142857 0.19487179487179496 0.06857142857142857 0.1282051282051282
16 0.41314285714285715 0.27179487179487183 0.13142857142857142 0.2564102564102564
10 0.7017142857142857 0.3358974358974359 0.022857142857142857 0.07692307692307693
10 0.7017142857142857 0.8487179487179487 0.022857142857142857 0.07692307692307693
2 0.7479771428571429 0.6307692307692307 0.022857142857142857 0.07692307692307693
1 0.7479771428571429 0.476923076923077 0.022857142857142857 0.07692307692307693
4 0.6554285714285714 0.3487179487179487 0.022857142857142857 0.07692307692307693
0 0.7017142857142857 0.9615384615384616 0.011428571428571429 0.05128205128205128
0 0.7931428571428573 0.7307692307692308 0.011428571428571429 0.05128205128205128
0 0.3017142857142857 0.3076923076923077 0.011428571428571429 0.05128205128205128
0 0.9760000000000001 0.6794871794871795 0.011428571428571429 0.05128205128205128
0 0.8731428571428572 0.6794871794871795 0.011428571428571429 0.05128205128205128
0 0.3474285714285714 0.4487179487179487 0.011428571428571429 0.05128205128205128
