11 0.6535483870967742 0.6533333333333333 0.0967741935483871 0.13333333333333333
11 0.9116129032258066 0.12 0.0967741935483871 0.13333333333333333
13 0.8858064516129033 0.42000000000000004 0.0967741935483871 0.13333333333333333
14 0.5277419354838709 0.6866666666666666 0.07741935483870968 0.1
17 0.23806451612903226 0.7866666666666666 0.09032258064516129 0.23333333333333334
14 0.11483870967741935 0.62 0.07741935483870968 0.1
11 0.8858064516129033 0.72 0.0967741935483871 0.13333333333333333
1 0.3928774193548387 0.72 0.025806451612903226 0.1
2 0.7799741935483872 0.72 0.025806451612903226 0.1
5 0.44387096774193546 0.7366666666666666 0.025806451612903226 0.1
0 0.7406451612903225 0.85 0.012903225806451613 0.06666666666666667
0 0.35354838709677416 0.9166666666666666 0.012903225806451613 0.06666666666666667
0 0.9470967741935484 0.85 0.012903225806451613 0.06666666666666667
0 0.9470967741935484 0.55 0.012903225806451613 0.06666666666666667
0 0.9729032258064517 0.25 0.012903225806451613 0.06666666666666667
0 0.8567741935483871 0.25 0.012903225806451613 0.06666666666666667
