11 0.316 0.44166666666666665 0.08571428571428572 0.16666666666666666
11 0.1674285714285714 0.6916666666666667 0.08571428571428572 0.16666666666666666
12 0.9217142857142858 0.7333333333333334 0.08571428571428572 0.16666666666666666
16 0.1617142857142857 0.31666666666666676 0.13142857142857142 0.4166666666666667
11 0.4531428571428571 0.4 0.08571428571428572 0.16666666666666666
15 0.8108571428571429 0.7333333333333334 0.06857142857142857 0.20833333333333334
1 0.5983085714285714 0.6083333333333334 0.022857142857142857 0.125
1 0.6668799999999999 0.6083333333333334 0.022857142857142857 0.125
2 0.5536914285714286 0.4 0.022857142857142857 0.125
3 0.7137142857142857 0.4 0.022857142857142857 0.125
0 0.5874285714285714 0.8541666666666666 0.011428571428571429 0.08333333333333333
0 0.7245714285714285 0.21666666666666679 0.011428571428571429 0.08333333333333333
0 0.9760000000000001 0.8958333333333334 0.011428571428571429 0.08333333333333333
0 0.11885714285714286 0.8541666666666666 0.011428571428571429 0.08333333333333333
0 0.2674285714285714 0.6041666666666667 0.011428571428571429 0.08333333333333333
0 0.4045714285714286 0.5625 0.011428571428571429 0.08333333333333333
