11 0.5993710691823899 0.7714285714285714 0.09433962264150944 0.14285714285714285
16 0.7566037735849057 0.7 0.14465408805031446 0.35714285714285715
12 0.9138364779874214 0.12857142857142867 0.09433962264150944 0.14285714285714285
11 0.4610062893081761 0.7714285714285714 0.09433962264150944 0.14285714285714285
12 0.3352201257861635 0.8071428571428572 0.09433962264150944 0.14285714285714285
14 0.1119496855345912 0.8785714285714286 0.07547169811320754 0.10714285714285714
1 0.21826415094339624 0.8428571428571429 0.025157232704402517 0.10714285714285714
5 0.9044025157232705 0.41428571428571437 0.03773584905660377 0.07142857142857142
5 0.9044025157232705 0.7 0.03773584905660377 0.07142857142857142
0 0.948427672955975 0.5535714285714286 0.012578616352201259 0.07142857142857142
0 0.948427672955975 0.8392857142857143 0.012578616352201259 0.07142857142857142
0 0.9735849056603775 0.2678571428571429 0.012578616352201259 0.07142857142857142
0 0.5459119496855346 0.9107142857142857 0.012578616352201259 0.07142857142857142
0 0.6842767295597484 0.9464285714285714 0.012578616352201259 0.07142857142857142
