16 0.38969696969696965 0.264 0.1393939393939394 0.4
11 0.5412121212121211 0.544 0.09090909090909091 0.16
12 0.8321212121212122 0.6639999999999999 0.09090909090909091 0.16
16 0.38969696969696965 0.744 0.1393939393939394 0.4
16 0.6806060606060605 0.624 0.1393939393939394 0.4
12 0.2503030303030303 0.3440000000000001 0.09090909090909091 0.16
9 0.10787878787878788 0.584 0.03636363636363636 0.08
9 0.0896969696969697 0.20400000000000007 0.024242424242424242 0.12
4 0.1375757575757576 0.2240000000000001 0.024242424242424242 0.12
5 0.9321212121212122 0.6639999999999999 0.03636363636363636 0.08
0 0.9745454545454546 0.8200000000000001 0.012121212121212121 0.08
0 0.0896969696969697 0.42000000000000004 0.012121212121212121 0.08
