11 0.8867768595041322 0.7157894736842105 0.12396694214876033 0.21052631578947367
15 0.528099173553719 0.4 0.09917355371900827 0.2631578947368421
12 0.20909090909090908 0.4526315789473684 0.12396694214876033 0.21052631578947367
12 0.35785123966942145 0.4 0.12396694214876033 0.21052631578947367
11 0.8537190082644628 0.4 0.12396694214876033 0.21052631578947367
6 0.6677685950413222 0.37368421052631573 0.03305785123966942 0.15789473684210525
5 0.7173553719008264 0.37368421052631573 0.03305785123966942 0.15789473684210525
0 0.6677685950413222 0.6052631578947368 0.01652892561983471 0.10526315789473684
0 0.965289256198347 0.9210526315789473 0.01652892561983471 0.10526315789473684
0 0.8165289256198347 0.9210526315789473 0.01652892561983471 0.10526315789473684
0 0.6016528925619834 0.631578947368421 0.01652892561983471 0.10526315789473684
0 0.46942148760330576 0.631578947368421 0.01652892561983471 0.10526315789473684
