12 0.42 0.388235294117647 0.09090909090909091 0.23529411764705882
14 0.10787878787878788 0.388235294117647 0.07272727272727272 0.17647058823529413
13 0.5533333333333333 0.44705882352941173 0.09090909090909091 0.23529411764705882
12 0.1412121212121212 0.6823529411764706 0.09090909090909091 0.23529411764705882
12 0.916969696969697 0.388235294117647 0.09090909090909091 0.23529411764705882
11 0.6745454545454546 0.5058823529411764 0.09090909090909091 0.23529411764705882
11 0.7957575757575758 0.44705882352941173 0.09090909090909091 0.23529411764705882
6 0.2593939393939394 0.41764705882352937 0.024242424242424242 0.17647058823529413
1 0.31941818181818177 0.44705882352941173 0.024242424242424242 0.17647058823529413
0 0.9745454545454546 0.6176470588235294 0.012121212121212121 0.11764705882352941
0 0.0896969696969697 0.9117647058823529 0.012121212121212121 0.11764705882352941
0 0.5018181818181818 0.6764705882352942 0.012121212121212121 0.11764705882352941
