11 0.3871508379888268 0.4307692307692308 0.08379888268156424 0.3076923076923077
11 0.4988826815642458 0.5076923076923077 0.08379888268156424 0.3076923076923077
14 0.1664804469273743 0.5846153846153845 0.0670391061452514 0.23076923076923078
12 0.8340782122905028 0.5076923076923077 0.08379888268156424 0.3076923076923077
14 0.9262569832402235 0.5846153846153845 0.0670391061452514 0.23076923076923078
12 0.6106145251396647 0.5846153846153845 0.08379888268156424 0.3076923076923077
11 0.2642458100558659 0.5076923076923077 0.08379888268156424 0.3076923076923077
10 0.07709497206703911 0.5846153846153845 0.0335195530726257 0.15384615384615385
4 0.7424581005586592 0.4307692307692308 0.0223463687150838 0.23076923076923078
5 0.6972067039106145 0.46923076923076923 0.0223463687150838 0.23076923076923078
0 0.03798882681564246 0.8846153846153846 0.0111731843575419 0.15384615384615385
0 0.9765363128491621 0.8461538461538461 0.0111731843575419 0.15384615384615385
0 0.3396648044692737 0.7307692307692308 0.0111731843575419 0.15384615384615385
