12 0.8521428571428571 0.4933333333333333 0.10714285714285714 0.17777777777777778
11 0.8807142857142858 0.76 0.10714285714285714 0.17777777777777778
13 0.3092857142857143 0.2711111111111112 0.10714285714285714 0.17777777777777778
15 0.15642857142857142 0.18222222222222229 0.08571428571428572 0.2222222222222222
10 0.5057142857142857 0.33777777777777784 0.02857142857142857 0.13333333333333333
1 0.6335999999999999 0.6711111111111111 0.02857142857142857 0.13333333333333333
1 0.4478857142857142 0.36 0.02857142857142857 0.13333333333333333
3 0.7064285714285715 0.6711111111111111 0.02857142857142857 0.13333333333333333
3 0.5635714285714286 0.6711111111111111 0.02857142857142857 0.13333333333333333
0 0.82 0.9333333333333333 0.014285714285714285 0.08888888888888889
0 0.24857142857142855 0.4444444444444444 0.014285714285714285 0.08888888888888889
0 0.10571428571428572 0.37777777777777777 0.014285714285714285 0.08888888888888889
