11 0.5577777777777777 0.680952380952381 0.1111111111111111 0.09523809523809523
11 0.8985185185185186 0.6571428571428573 0.1111111111111111 0.09523809523809523
16 0.5503703703703704 0.2523809523809524 0.17037037037037037 0.23809523809523808
14 0.8874074074074074 0.4666666666666667 0.08888888888888889 0.07142857142857142
17 0.8955555555555555 0.15714285714285714 0.1037037037037037 0.16666666666666666
17 0.3622222222222222 0.30000000000000004 0.1037037037037037 0.16666666666666666
11 0.8985185185185186 0.8714285714285714 0.1111111111111111 0.09523809523809523
12 0.5577777777777777 0.4666666666666667 0.1111111111111111 0.09523809523809523
11 0.21703703703703703 0.4190476190476191 0.1111111111111111 0.09523809523809523
1 0.7177481481481481 0.4666666666666667 0.02962962962962963 0.07142857142857142
0 0.968888888888889 0.9642857142857143 0.014814814814814815 0.047619047619047616
0 0.968888888888889 0.75 0.014814814814814815 0.047619047619047616
0 0.9540740740740742 0.5476190476190477 0.014814814814814815 0.047619047619047616
0 0.968888888888889 0.3214285714285714 0.014814814814814815 0.047619047619047616
0 0.4948148148148148 0.7738095238095238 0.014814814814814815 0.047619047619047616
0 0.4948148148148148 0.5595238095238095 0.014814814814814815 0.047619047619047616
0 0.15407407407407409 0.5119047619047619 0.014814814814814815 0.047619047619047616
