13 0.2586776859504132 0.22000000000000008 0.12396694214876033 0.13333333333333333
12 0.5727272727272728 0.28666666666666674 0.12396694214876033 0.13333333333333333
11 0.2917355371900826 0.42000000000000004 0.12396694214876033 0.13333333333333333
17 0.8834710743801654 0.3866666666666667 0.11570247933884298 0.23333333333333334
14 0.42809917355371896 0.32000000000000006 0.09917355371900827 0.1
6 0.8495867768595041 0.8033333333333333 0.03305785123966942 0.1
9 0.8991735537190082 0.77 0.03305785123966942 0.1
1 0.7165619834710744 0.28666666666666674 0.03305785123966942 0.1
0 0.7008264462809917 0.43333333333333335 0.01652892561983471 0.06666666666666667
0 0.8991735537190082 0.95 0.01652892561983471 0.06666666666666667
0 0.22148760330578512 0.55 0.01652892561983471 0.06666666666666667
0 0.965289256198347 0.6166666666666667 0.01652892561983471 0.06666666666666667
0 0.8991735537190082 0.6166666666666667 0.01652892561983471 0.06666666666666667
