11 0.16535947712418297 0.28 0.09803921568627451 0.2
13 0.9104575163398694 0.18000000000000005 0.09803921568627451 0.2
12 0.7928104575163399 0.2300000000000001 0.09803921568627451 0.2
11 0.426797385620915 0.28 0.09803921568627451 0.2
11 0.6751633986928104 0.18000000000000005 0.09803921568627451 0.2
13 0.5575163398692811 0.2300000000000001 0.09803921568627451 0.2
11 0.296078431372549 0.2300000000000001 0.09803921568627451 0.2
1 0.9078169934640524 0.6799999999999999 0.026143790849673203 0.15
0 0.9202614379084968 0.9 0.013071895424836602 0.1
0 0.9725490196078432 0.375 0.013071895424836602 0.1
