12 0.4492424242424242 0.4882352941176471 0.11363636363636363 0.11764705882352941
12 0.1462121212121212 0.45882352941176474 0.11363636363636363 0.11764705882352941
15 0.30227272727272725 0.45882352941176474 0.09090909090909091 0.14705882352941177
13 0.4492424242424242 0.1352941176470589 0.11363636363636363 0.11764705882352941
9 0.703030303030303 0.6794117647058824 0.030303030303030304 0.08823529411764706
1 0.7174545454545455 0.19411764705882362 0.030303030303030304 0.08823529411764706
1 0.8098181818181818 0.8117647058823529 0.030303030303030304 0.08823529411764706
2 0.7174545454545455 0.4294117647058824 0.030303030303030304 0.08823529411764706
4 0.6265151515151515 0.8117647058823529 0.030303030303030304 0.08823529411764706
5 0.5666666666666667 0.4441176470588236 0.030303030303030304 0.08823529411764706
0 0.8545454545454545 0.9264705882352942 0.015151515151515152 0.058823529411764705
0 0.7636363636363637 0.5441176470588236 0.015151515151515152 0.058823529411764705
0 0.7636363636363637 0.3088235294117647 0.015151515151515152 0.058823529411764705
0 0.24848484848484848 0.5882352941176471 0.015151515151515152 0.058823529411764705
