11 0.777005347593583 0.25555555555555554 0.08021390374331551 0.2222222222222222
11 0.23155080213903742 0.6444444444444444 0.08021390374331551 0.2222222222222222
16 0.9 0.3666666666666667 0.12299465240641712 0.5555555555555556
13 0.6593582887700535 0.3111111111111111 0.08021390374331551 0.2222222222222222
12 0.12459893048128343 0.7 0.08021390374331551 0.2222222222222222
12 0.33850267379679144 0.5888888888888888 0.08021390374331551 0.2222222222222222
1 0.5278288770053475 0.47777777777777775 0.0213903743315508 0.16666666666666666
2 0.4315721925133689 0.47777777777777775 0.0213903743315508 0.16666666666666666
1 0.475379679144385 0.47777777777777775 0.0213903743315508 0.16666666666666666
4 0.5716577540106952 0.47777777777777775 0.0213903743315508 0.16666666666666666
0 0.9775401069518718 0.75 0.0106951871657754 0.1111111111111111
0 0.7315508021390374 0.4722222222222222 0.0106951871657754 0.1111111111111111
0 0.07914438502673797 0.9166666666666666 0.0106951871657754 0.1111111111111111
