17 0.9 0.72 0.09929078014184398 0.23333333333333334
13 0.4205673758865248 0.22000000000000008 0.10638297872340426 0.13333333333333333
15 0.15531914893617021 0.22000000000000008 0.0851063829787234 0.16666666666666666
14 0.28226950354609925 0.2533333333333334 0.0851063829787234 0.1
6 0.6723404255319149 0.6366666666666667 0.028368794326241134 0.1
6 0.7148936170212766 0.6366666666666667 0.028368794326241134 0.1
10 0.5304964539007092 0.17000000000000004 0.028368794326241134 0.1
3 0.6588652482269504 0.3866666666666667 0.028368794326241134 0.1
3 0.5879432624113475 0.15333333333333343 0.028368794326241134 0.1
5 0.7574468085106383 0.6366666666666667 0.028368794326241134 0.1
0 0.7148936170212766 0.8166666666666667 0.014184397163120567 0.06666666666666667
0 0.9702127659574469 0.95 0.014184397163120567 0.06666666666666667
0 0.8425531914893617 0.95 0.014184397163120567 0.06666666666666667
0 0.1049645390070922 0.3666666666666667 0.014184397163120567 0.06666666666666667
