12 0.7797385620915033 0.4 0.09803921568627451 0.16666666666666666
15 0.15620915032679739 0.4 0.0784313725490196 0.20833333333333334
12 0.5183006535947712 0.6499999999999999 0.09803921568627451 0.16666666666666666
12 0.9104575163398694 0.3583333333333334 0.09803921568627451 0.16666666666666666
17 0.64640522875817 0.44166666666666676 0.0915032679738562 0.2916666666666667
12 0.492156862745098 0.4 0.09803921568627451 0.16666666666666666
10 0.29281045751633983 0.7541666666666667 0.026143790849673203 0.125
2 0.358797385620915 0.5249999999999999 0.026143790849673203 0.125
3 0.2803921568627451 0.31666666666666676 0.026143790849673203 0.125
5 0.9006535947712418 0.6916666666666667 0.0392156862745098 0.08333333333333333
0 0.94640522875817 0.8541666666666666 0.013071895424836602 0.08333333333333333
0 0.29281045751633983 0.9375 0.013071895424836602 0.08333333333333333
0 0.9725490196078432 0.5208333333333333 0.013071895424836602 0.08333333333333333
0 0.21437908496732025 0.5833333333333333 0.013071895424836602 0.08333333333333333
0 0.46274509803921565 0.8125 0.013071895424836602 0.08333333333333333
