11 0.4442176870748299 0.39644970414201197 0.10204081632653061 0.11834319526627218
11 0.9204081632653062 0.13017751479289952 0.10204081632653061 0.11834319526627218
13 0.17210884353741496 0.45562130177514804 0.10204081632653061 0.11834319526627218
11 0.3081632653061224 0.42603550295857995 0.10204081632653061 0.11834319526627218
10 0.6448979591836734 0.11538461538461553 0.027210884353741496 0.08875739644970414
10 0.5360544217687074 0.11538461538461553 0.027210884353741496 0.08875739644970414
1 0.7122721088435374 0.3668639053254439 0.027210884353741496 0.08875739644970414
1 0.7816054421768708 0.6331360946745562 0.027210884353741496 0.08875739644970414
4 0.5911564625850341 0.8994082840236687 0.027210884353741496 0.08875739644970414
0 0.7945578231292517 0.7633136094674556 0.013605442176870748 0.05917159763313609
0 0.7945578231292517 0.5029585798816568 0.013605442176870748 0.05917159763313609
0 0.5360544217687074 0.24556213017751494 0.013605442176870748 0.05917159763313609
0 0.8625850340136054 0.24556213017751494 0.013605442176870748 0.05917159763313609
