11 0.5247787610619469 0.32999999999999996 0.13274336283185842 0.2
11 0.13539823008849555 0.18000000000000005 0.13274336283185842 0.2
13 0.8787610619469026 0.63 0.13274336283185842 0.2
6 0.6442477876106194 0.655 0.035398230088495575 0.15
10 0.6973451327433628 0.405 0.035398230088495575 0.15
1 0.27171681415929205 0.28 0.035398230088495575 0.15
5 0.7504424778761062 0.655 0.035398230088495575 0.15
5 0.3787610619469026 0.30499999999999994 0.035398230088495575 0.15
0 0.3256637168141593 0.475 0.017699115044247787 0.1
0 0.6442477876106194 0.925 0.017699115044247787 0.1
0 0.9628318584070796 0.825 0.017699115044247787 0.1
0 0.06017699115044248 0.375 0.017699115044247787 0.1
