14 0.4496240601503759 0.51875 0.09022556390977443 0.09375
11 0.6112781954887218 0.51875 0.11278195488721804 0.125
11 0.8969924812030075 0.58125 0.11278195488721804 0.125
11 0.28045112781954884 0.70625 0.11278195488721804 0.125
11 0.4609022556390977 0.23750000000000004 0.11278195488721804 0.125
14 0.13383458646616542 0.675 0.09022556390977443 0.09375
17 0.8939849624060151 0.20625000000000004 0.10526315789473684 0.21875
9 0.7127819548872181 0.565625 0.03007518796992481 0.09375
10 0.7578947368421053 0.565625 0.03007518796992481 0.09375
4 0.4112781954887218 0.76875 0.03007518796992481 0.09375
0 0.3969924812030075 0.90625 0.015037593984962405 0.0625
0 0.9684210526315791 0.703125 0.015037593984962405 0.0625
0 0.3969924812030075 0.625 0.015037593984962405 0.0625
0 0.3969924812030075 0.359375 0.015037593984962405 0.0625
0 0.9684210526315791 0.421875 0.015037593984962405 0.0625
0 0.9082706766917293 0.421875 0.015037593984962405 0.0625
