12 0.18740740740740738 0.48571428571428577 0.1111111111111111 0.14285714285714285
15 0.7251851851851853 0.41428571428571437 0.08888888888888889 0.17857142857142858
12 0.8985185185185186 0.12857142857142867 0.1111111111111111 0.14285714285714285
11 0.5874074074074074 0.34285714285714286 0.1111111111111111 0.14285714285714285
11 0.43925925925925924 0.37857142857142867 0.1111111111111111 0.14285714285714285
11 0.8688888888888888 0.45000000000000007 0.1111111111111111 0.14285714285714285
3 0.8511111111111112 0.7714285714285714 0.02962962962962963 0.10714285714285714
4 0.30296296296296293 0.48571428571428565 0.02962962962962963 0.10714285714285714
0 0.8651851851851852 0.9285714285714286 0.014814814814814815 0.07142857142857142
0 0.9392592592592592 0.5892857142857143 0.014814814814814815 0.07142857142857142
0 0.968888888888889 0.2678571428571429 0.014814814814814815 0.07142857142857142
0 0.8355555555555555 0.2678571428571429 0.014814814814814815 0.07142857142857142
