11 0.2397119341563786 0.19166666666666676 0.15432098765432098 0.16666666666666666
13 0.6512345679012346 0.2333333333333334 0.15432098765432098 0.16666666666666666
6 0.4403292181069958 0.5041666666666667 0.0411522633744856 0.125
6 0.4403292181069958 0.25416666666666676 0.0411522633744856 0.125
10 0.5020576131687242 0.21250000000000002 0.0411522633744856 0.125
2 0.8734156378600823 0.31666666666666676 0.0411522633744856 0.125
5 0.4403292181069958 0.7124999999999999 0.0411522633744856 0.125
5 0.37860082304526743 0.7541666666666667 0.0411522633744856 0.125
0 0.8106995884773662 0.5208333333333333 0.0205761316872428 0.08333333333333333
0 0.8930041152263374 0.13333333333333341 0.0205761316872428 0.08333333333333333
0 0.37860082304526743 0.9375 0.0205761316872428 0.08333333333333333
0 0.1522633744855967 0.35416666666666663 0.0205761316872428 0.08333333333333333
