14 0.18350515463917527 0.3539094650205762 0.12371134020618557 0.12345679012345678
12 0.38453608247422677 0.31275720164609055 0.15463917525773196 0.1646090534979424
11 0.8587628865979381 0.14814814814814825 0.15463917525773196 0.1646090534979424
11 0.8587628865979381 0.5185185185185185 0.15463917525773196 0.1646090534979424
10 0.5237113402061855 0.2510288065843622 0.041237113402061855 0.12345679012345678
1 0.790762886597938 0.8888888888888888 0.041237113402061855 0.12345679012345678
3 0.6051546391752577 0.27160493827160503 0.041237113402061855 0.12345679012345678
0 0.668041237113402 0.4320987654320988 0.020618556701030927 0.0823045267489712
0 0.956701030927835 0.6790123456790123 0.020618556701030927 0.0823045267489712
0 0.7711340206185566 0.6790123456790123 0.020618556701030927 0.0823045267489712
0 0.956701030927835 0.308641975308642 0.020618556701030927 0.0823045267489712
0 0.7711340206185566 0.308641975308642 0.020618556701030927 0.0823045267489712
