12 0.5856060606060606 0.3310344827586207 0.11363636363636363 0.13793103448275862
16 0.6083333333333333 0.6413793103448275 0.17424242424242425 0.3448275862068966
11 0.41893939393939394 0.19310344827586212 0.11363636363636363 0.13793103448275862
16 0.19924242424242422 0.46896551724137936 0.17424242424242425 0.3448275862068966
12 0.3886363636363636 0.5034482758620691 0.11363636363636363 0.13793103448275862
10 0.9 0.7620689655172413 0.030303030303030304 0.10344827586206896
10 0.8242424242424242 0.31379310344827593 0.030303030303030304 0.10344827586206896
1 0.8855757575757576 0.5379310344827586 0.030303030303030304 0.10344827586206896
5 0.7787878787878788 0.31379310344827593 0.030303030303030304 0.10344827586206896
0 0.9 0.9137931034482758 0.015151515151515152 0.06896551724137931
0 0.11212121212121212 0.7068965517241379 0.015151515151515152 0.06896551724137931
0 0.3545454545454545 0.3275862068965517 0.015151515151515152 0.06896551724137931
