12 0.8526881720430107 0.11612903225806459 0.16129032258064516 0.12903225806451613
11 0.20752688172043013 0.6 0.16129032258064516 0.12903225806451613
14 0.23440860215053763 0.7935483870967742 0.12903225806451613 0.0967741935483871
6 0.610752688172043 0.1967741935483871 0.043010752688172046 0.0967741935483871
9 0.5247311827956989 0.39032258064516134 0.043010752688172046 0.0967741935483871
10 0.6752688172043011 0.35806451612903234 0.043010752688172046 0.0967741935483871
2 0.3946666666666666 0.7935483870967742 0.043010752688172046 0.0967741935483871
3 0.5043010752688172 0.567741935483871 0.043010752688172046 0.0967741935483871
4 0.39462365591397847 0.567741935483871 0.043010752688172046 0.0967741935483871
0 0.37419354838709673 0.935483870967742 0.021505376344086023 0.06451612903225806
0 0.9548387096774194 0.24193548387096775 0.021505376344086023 0.06451612903225806
0 0.15913978494623657 0.9032258064516129 0.021505376344086023 0.06451612903225806
