11 0.15617283950617283 0.7901639344262295 0.09259259259259259 0.13114754098360656
11 0.48950617283950615 0.4950819672131148 0.09259259259259259 0.13114754098360656
16 0.3104938271604938 0.2655737704918033 0.1419753086419753 0.32786885245901637
11 0.6253086419753087 0.46229508196721314 0.09259259259259259 0.13114754098360656
11 0.2919753086419753 0.7573770491803279 0.09259259259259259 0.13114754098360656
11 0.2919753086419753 0.560655737704918 0.09259259259259259 0.13114754098360656
1 0.7203950617283951 0.5278688524590164 0.024691358024691357 0.09836065573770492
3 0.8314814814814816 0.8229508196721311 0.024691358024691357 0.09836065573770492
4 0.8080246913580247 0.23278688524590163 0.024691358024691357 0.09836065573770492
0 0.8197530864197532 0.08852459016393455 0.012345679012345678 0.06557377049180328
0 0.7703703703703704 0.360655737704918 0.012345679012345678 0.06557377049180328
0 0.7086419753086419 0.6721311475409837 0.012345679012345678 0.06557377049180328
0 0.437037037037037 0.6229508196721312 0.012345679012345678 0.06557377049180328
