17 0.2330028328611898 0.2594594594594595 0.09917823746103713 0.1891891891891892
11 0.8873937677053826 0.2594594594594595 0.10626239727968263 0.10810810810810811
17 0.4029745042492918 0.5297297297297298 0.09917823746103713 0.1891891891891892
11 0.2641643059490085 0.5837837837837838 0.10626239727968263 0.10810810810810811
14 0.09773371104815864 0.2594594594594595 0.0850099178237461 0.08108108108108109
17 0.7004249291784703 0.44864864864864873 0.09917823746103713 0.1891891891891892
14 0.2535410764872521 0.827027027027027 0.0850099178237461 0.08108108108108109
15 0.5375354107648727 0.5567567567567568 0.0850099178237461 0.13513513513513514
9 0.8271954674220964 0.5162162162162163 0.028336639274582034 0.08108108108108109
4 0.9128895184135979 0.5027027027027027 0.028336639274582034 0.08108108108108109
0 0.8696883852691218 0.6081081081081081 0.014168319637291017 0.05405405405405406
0 0.6430594900849859 0.6351351351351351 0.014168319637291017 0.05405405405405406
0 0.24645892351274787 0.44594594594594594 0.014168319637291017 0.05405405405405406
0 0.954674220963173 0.3648648648648649 0.014168319637291017 0.05405405405405406
0 0.8271954674220964 0.3648648648648649 0.014168319637291017 0.05405405405405406
0 0.2039660056657224 0.6891891891891893 0.014168319637291017 0.05405405405405406
0 0.2039660056657224 0.9189189189189189 0.014168319637291017 0.05405405405405406
0 0.0481586402266289 0.3513513513513513 0.014168319637291017 0.05405405405405406
