13 0.30096153846153845 0.3583333333333334 0.14423076923076922 0.16666666666666666
14 0.4788461538461538 0.8583333333333333 0.11538461538461539 0.125
14 0.1326923076923077 0.44166666666666665 0.11538461538461539 0.125
16 0.5221153846153845 0.275 0.22115384615384615 0.4166666666666667
12 0.7625 0.2333333333333334 0.14423076923076922 0.16666666666666666
2 0.7970769230769231 0.6083333333333334 0.038461538461538464 0.125
5 0.8730769230769231 0.6291666666666667 0.038461538461538464 0.125
0 0.7384615384615384 0.7708333333333334 0.019230769230769232 0.08333333333333333
0 0.8538461538461538 0.39583333333333337 0.019230769230769232 0.08333333333333333
0 0.06538461538461539 0.5833333333333333 0.019230769230769232 0.08333333333333333
