13 0.21356553620531624 0.5722222222222222 0.13751375137513752 0.1111111111111111
17 0.6315307057745189 0.18333333333333335 0.12834616795012835 0.19444444444444445
11 0.8368469294225481 0.2944444444444445 0.13751375137513752 0.1111111111111111
11 0.4152153987167736 0.5444444444444445 0.13751375137513752 0.1111111111111111
11 0.6351970669110908 0.5166666666666667 0.13751375137513752 0.1111111111111111
6 0.8322639780018332 0.8361111111111111 0.03667033370003667 0.08333333333333333
6 0.8872593950504125 0.5583333333333333 0.03667033370003667 0.08333333333333333
3 0.8148487626031164 0.6833333333333333 0.03667033370003667 0.08333333333333333
3 0.8148487626031164 0.5444444444444445 0.03667033370003667 0.08333333333333333
0 0.8322639780018332 0.9583333333333334 0.018335166850018333 0.05555555555555555
0 0.923923006416132 0.4027777777777778 0.018335166850018333 0.05555555555555555
0 0.13565536205316225 0.6805555555555556 0.018335166850018333 0.05555555555555555
0 0.5572868927589367 0.375 0.018335166850018333 0.05555555555555555
0 0.5572868927589367 0.625 0.018335166850018333 0.05555555555555555
0 0.3373052245646196 0.6527777777777778 0.018335166850018333 0.05555555555555555
