17 0.17663551401869157 0.4 0.1308411214953271 0.2916666666666667
11 0.797196261682243 0.775 0.14018691588785046 0.16666666666666666
15 0.39158878504672895 0.4833333333333333 0.11214953271028037 0.20833333333333334
16 0.8252336448598131 0.275 0.21495327102803738 0.4166666666666667
15 0.5785046728971962 0.4833333333333333 0.11214953271028037 0.20833333333333334
0 0.8859813084112149 0.9375 0.018691588785046728 0.08333333333333333
0 0.7177570093457943 0.9375 0.018691588785046728 0.08333333333333333
0 0.32523364485981304 0.6666666666666667 0.018691588785046728 0.08333333333333333
0 0.9607476635514018 0.5625 0.018691588785046728 0.08333333333333333
0 0.7177570093457943 0.5625 0.018691588785046728 0.08333333333333333
