13 0.1512987012987013 0.47111111111111115 0.09740259740259741 0.17777777777777778
17 0.4474025974025974 0.5155555555555555 0.09090909090909091 0.3111111111111111
11 0.7097402597402597 0.42666666666666664 0.09740259740259741 0.17777777777777778
15 0.311038961038961 0.7377777777777778 0.07792207792207792 0.2222222222222222
11 0.2941558441558441 0.42666666666666664 0.09740259740259741 0.17777777777777778
12 0.5798701298701299 0.47111111111111115 0.09740259740259741 0.17777777777777778
6 0.9142857142857144 0.3155555555555556 0.025974025974025976 0.13333333333333333
10 0.8753246753246754 0.3155555555555556 0.025974025974025976 0.13333333333333333
3 0.8240259740259741 0.29333333333333345 0.025974025974025976 0.13333333333333333
0 0.8363636363636364 0.5333333333333333 0.012987012987012988 0.08888888888888889
0 0.09610389610389611 0.6444444444444444 0.012987012987012988 0.08888888888888889
0 0.2649350649350649 0.9333333333333333 0.012987012987012988 0.08888888888888889
