14 0.2759259259259259 0.22325581395348837 0.1111111111111111 0.06976744186046512
14 0.2759259259259259 0.45581395348837217 0.1111111111111111 0.06976744186046512
9 0.4333333333333333 0.3279069767441861 0.037037037037037035 0.06976744186046512
9 0.6925925925925925 0.7 0.037037037037037035 0.06976744186046512
10 0.8592592592592593 0.8162790697674418 0.037037037037037035 0.06976744186046512
2 0.5620740740740741 0.827906976744186 0.037037037037037035 0.06976744186046512
1 0.674962962962963 0.3395348837209302 0.037037037037037035 0.06976744186046512
2 0.7102222222222222 0.4790697674418605 0.037037037037037035 0.06976744186046512
3 0.7861111111111112 0.19999999999999984 0.037037037037037035 0.06976744186046512
5 0.4888888888888889 0.18837209302325586 0.037037037037037035 0.06976744186046512
0 0.5444444444444444 0.9418604651162791 0.018518518518518517 0.046511627906976744
0 0.8037037037037037 0.0976744186046512 0.018518518518518517 0.046511627906976744
0 0.6185185185185185 0.5697674418604651 0.018518518518518517 0.046511627906976744
