11 0.8719626168224299 0.3909090909090909 0.14018691588785046 0.18181818181818182
11 0.18037383177570093 0.6181818181818182 0.14018691588785046 0.18181818181818182
6 0.3065420560747663 0.6863636363636363 0.037383177570093455 0.13636363636363635
9 0.605607476635514 0.23181818181818192 0.037383177570093455 0.13636363636363635
9 0.45607476635514016 0.6863636363636363 0.037383177570093455 0.13636363636363635
4 0.3803738317757009 0.709090909090909 0.037383177570093455 0.13636363636363635
3 0.6813084112149533 0.709090909090909 0.037383177570093455 0.13636363636363635
3 0.5299065420560747 0.25454545454545463 0.037383177570093455 0.13636363636363635
0 0.3065420560747663 0.9318181818181819 0.018691588785046728 0.09090909090909091
0 0.6990654205607476 0.509090909090909 0.018691588785046728 0.09090909090909091
0 0.3626168224299065 0.509090909090909 0.018691588785046728 0.09090909090909091
0 0.9607476635514018 0.5681818181818181 0.018691588785046728 0.09090909090909091
