17 0.4634387351778656 0.3307692307692308 0.1383399209486166 0.2692307692307692
15 0.2361660079051383 0.8307692307692307 0.11857707509881422 0.19230769230769232
11 0.4278656126482213 0.7923076923076923 0.1482213438735178 0.15384615384615385
13 0.6847826086956521 0.13846153846153852 0.1482213438735178 0.15384615384615385
10 0.758893280632411 0.5038461538461538 0.039525691699604744 0.11538461538461539
2 0.7777075098814228 0.7153846153846154 0.039525691699604744 0.11538461538461539
2 0.8784189723320158 0.7153846153846154 0.039525691699604744 0.11538461538461539
4 0.659090909090909 0.48461538461538456 0.039525691699604744 0.11538461538461539
0 0.7786561264822134 0.28846153846153844 0.019762845849802372 0.07692307692307693
0 0.38339920948616596 0.5961538461538461 0.019762845849802372 0.07692307692307693
