16 0.6521367521367522 0.5098814229249012 0.19658119658119658 0.3952569169960474
11 0.3017094017094017 0.5889328063241106 0.1282051282051282 0.15810276679841898
14 0.11794871794871795 0.6284584980237153 0.10256410256410256 0.11857707509881422
11 0.8829059829059829 0.31225296442687756 0.1282051282051282 0.15810276679841898
6 0.8700854700854701 0.7865612648221344 0.05128205128205128 0.07905138339920949
10 0.4427350427350427 0.5889328063241106 0.05128205128205128 0.07905138339920949
3 0.5717948717948719 0.1541501976284586 0.03418803418803419 0.11857707509881422
0 0.9299145299145299 0.9407114624505929 0.017094017094017096 0.07905138339920949
0 0.9641025641025641 0.46640316205533594 0.017094017094017096 0.07905138339920949
0 0.5538461538461539 0.782608695652174 0.017094017094017096 0.07905138339920949
0 0.22905982905982908 0.7430830039525691 0.017094017094017096 0.07905138339920949
0 0.05811965811965812 0.7628458498023716 0.017094017094017096 0.07905138339920949
