15 0.47613636363636364 0.6639999999999999 0.13636363636363635 0.2
11 0.26477272727272727 0.704 0.17045454545454544 0.16
11 0.5375 0.18400000000000005 0.17045454545454544 0.16
9 0.85 0.724 0.045454545454545456 0.12
10 0.7363636363636363 0.484 0.045454545454545456 0.12
10 0.7363636363636363 0.2440000000000001 0.045454545454545456 0.12
2 0.7579999999999999 0.704 0.045454545454545456 0.12
0 0.7363636363636363 0.94 0.022727272727272728 0.08
0 0.16818181818181818 0.86 0.022727272727272728 0.08
0 0.44090909090909086 0.33999999999999997 0.022727272727272728 0.08
