14 0.14526315789473684 0.48750000000000004 0.12631578947368421 0.09375
14 0.3347368421052631 0.33125000000000004 0.12631578947368421 0.09375
13 0.35052631578947363 0.48750000000000004 0.15789473684210525 0.125
16 0.8031578947368421 0.48750000000000004 0.24210526315789474 0.3125
12 0.771578947368421 0.11250000000000004 0.15789473684210525 0.125
11 0.5821052631578947 0.42500000000000004 0.15789473684210525 0.125
9 0.7557894736842105 0.83125 0.06315789473684211 0.0625
0 0.8294736842105263 0.953125 0.021052631578947368 0.0625
0 0.9557894736842105 0.703125 0.021052631578947368 0.0625
0 0.871578947368421 0.234375 0.021052631578947368 0.0625
0 0.07157894736842105 0.59375 0.021052631578947368 0.0625
