11 0.11333333333333333 0.5076923076923077 0.1111111111111111 0.3076923076923077
14 0.7688888888888888 0.5846153846153845 0.08888888888888889 0.23076923076923078
13 0.6466666666666666 0.5846153846153845 0.1111111111111111 0.3076923076923077
11 0.27629629629629626 0.5846153846153845 0.1111111111111111 0.3076923076923077
13 0.8985185185185186 0.5076923076923077 0.1111111111111111 0.3076923076923077
12 0.4096296296296296 0.5076923076923077 0.1111111111111111 0.3076923076923077
2 0.5399703703703703 0.5076923076923077 0.02962962962962963 0.23076923076923078
0 0.554074074074074 0.8461538461538461 0.014814814814814815 0.15384615384615385
0 0.968888888888889 0.8076923076923077 0.014814814814814815 0.15384615384615385
0 0.05037037037037037 0.8076923076923077 0.014814814814814815 0.15384615384615385
0 0.21333333333333335 0.8846153846153846 0.014814814814814815 0.15384615384615385
