11 0.6267326732673267 0.3885350318471338 0.1485148514851485 0.16992353440951571
11 0.8643564356435643 0.3885350318471338 0.1485148514851485 0.16992353440951571
16 0.37920792079207916 0.643312101910828 0.22772277227722773 0.42480883602378927
14 0.29504950495049503 0.3036093418259024 0.1188118811881188 0.1274426508071368
6 0.13663366336633664 0.2611464968152867 0.0594059405940594 0.08496176720475786
3 0.800990099009901 0.7707006369426752 0.039603960396039604 0.1274426508071368
0 0.06732673267326733 0.4267515923566879 0.019801980198019802 0.08496176720475786
0 0.9584158415841584 0.554140127388535 0.019801980198019802 0.08496176720475786
0 0.7801980198019802 0.554140127388535 0.019801980198019802 0.08496176720475786
0 0.26534653465346536 0.9363057324840764 0.019801980198019802 0.08496176720475786
