14 0.8035502958579882 0.4 0.07100591715976332 0.13953488372093023
14 0.9100591715976332 0.772093023255814 0.07100591715976332 0.13953488372093023
13 0.7059171597633136 0.3534883720930232 0.08875739644970414 0.18604651162790697
13 0.9189349112426036 0.3534883720930232 0.08875739644970414 0.18604651162790697
12 0.1497041420118343 0.2604651162790699 0.08875739644970414 0.18604651162790697
11 0.5875739644970414 0.4 0.08875739644970414 0.18604651162790697
11 0.2798816568047337 0.3069767441860466 0.08875739644970414 0.18604651162790697
6 0.48994082840236686 0.3767441860465116 0.023668639053254437 0.13953488372093023
2 0.4313372781065089 0.4 0.023668639053254437 0.13953488372093023
4 0.38284023668639044 0.8186046511627907 0.023668639053254437 0.13953488372093023
0 0.44260355029585796 0.6046511627906976 0.011834319526627219 0.09302325581395349
0 0.9633136094674557 0.9302325581395349 0.011834319526627219 0.09302325581395349
0 0.9751479289940829 0.5348837209302326 0.011834319526627219 0.09302325581395349
0 0.22958579881656804 0.4883720930232558 0.011834319526627219 0.09302325581395349
