12 0.19921259842519684 0.52 0.11811023622047244 0.13333333333333333
15 0.18818897637795273 0.7533333333333333 0.09448818897637795 0.16666666666666666
11 0.8921259842519684 0.12 0.11811023622047244 0.13333333333333333
1 0.6369763779527559 0.5533333333333333 0.031496062992125984 0.1
1 0.3834960629921259 0.22000000000000008 0.031496062992125984 0.1
1 0.448 0.5533333333333333 0.031496062992125984 0.1
3 0.5251968503937007 0.22000000000000008 0.031496062992125984 0.1
3 0.5251968503937007 0.5533333333333333 0.031496062992125984 0.1
4 0.715748031496063 0.22000000000000008 0.031496062992125984 0.1
0 0.6519685039370079 0.7333333333333334 0.015748031496062992 0.06666666666666667
0 0.7307086614173228 0.4 0.015748031496062992 0.06666666666666667
0 0.5732283464566928 0.35 0.015748031496062992 0.06666666666666667
0 0.337007874015748 0.35 0.015748031496062992 0.06666666666666667
0 0.25826771653543307 0.9 0.015748031496062992 0.06666666666666667
0 0.9669291338582677 0.25 0.015748031496062992 0.06666666666666667
0 0.8251968503937007 0.25 0.015748031496062992 0.06666666666666667
