11 0.4039370078740157 0.6108108108108108 0.11811023622047244 0.10810810810810811
11 0.19921259842519684 0.15135135135135136 0.11811023622047244 0.10810810810810811
11 0.3724409448818897 0.17837837837837844 0.11811023622047244 0.10810810810810811
12 0.4039370078740157 0.3675675675675676 0.11811023622047244 0.10810810810810811
12 0.7818897637795276 0.6108108108108108 0.11811023622047244 0.10810810810810811
11 0.4039370078740157 0.854054054054054 0.11811023622047244 0.10810810810810811
6 0.9118110236220472 0.6108108108108108 0.047244094488188976 0.05405405405405406
2 0.6369763779527559 0.5297297297297298 0.031496062992125984 0.08108108108108109
3 0.5582677165354332 0.5297297297297298 0.031496062992125984 0.08108108108108109
0 0.5732283464566928 0.6891891891891893 0.015748031496062992 0.05405405405405406
0 0.6519685039370079 0.41081081081081083 0.015748031496062992 0.05405405405405406
0 0.9669291338582677 0.7162162162162162 0.015748031496062992 0.05405405405405406
0 0.337007874015748 0.9594594594594594 0.015748031496062992 0.05405405405405406
0 0.337007874015748 0.7162162162162162 0.015748031496062992 0.05405405405405406
0 0.337007874015748 0.472972972972973 0.015748031496062992 0.05405405405405406
