12 0.4313471502590673 0.384 0.19430051813471502 0.16
14 0.1787564766839378 0.584 0.15544041450777202 0.12
11 0.48316062176165797 0.624 0.19430051813471502 0.16
12 0.7422279792746114 0.14400000000000002 0.19430051813471502 0.16
1 0.840621761658031 0.704 0.05181347150259067 0.12
1 0.7086010362694299 0.704 0.05181347150259067 0.12
5 0.6839378238341969 0.484 0.05181347150259067 0.12
0 0.6839378238341969 0.92 0.025906735751295335 0.08
0 0.8652849740932642 0.30000000000000004 0.025906735751295335 0.08
0 0.08808290155440414 0.72 0.025906735751295335 0.08
0 0.37305699481865284 0.78 0.025906735751295335 0.08
