12 0.5304630381803412 0.5602536997885834 0.12187195320116997 0.1692047377326565
11 0.33549959382615757 0.2642706131078224 0.12187195320116997 0.1692047377326565
12 0.6766856214459789 0.5179704016913319 0.12187195320116997 0.1692047377326565
13 0.33549959382615757 0.8985200845665962 0.12187195320116997 0.1692047377326565
11 0.36799350121852153 0.5179704016913319 0.12187195320116997 0.1692047377326565
12 0.1892770105605199 0.22198731501057078 0.12187195320116997 0.1692047377326565
6 0.8025995125913892 0.15856236786469347 0.032499187520311994 0.12690355329949238
6 0.851340373679935 0.15856236786469347 0.032499187520311994 0.12690355329949238
6 0.9000812347684809 0.15856236786469347 0.032499187520311994 0.12690355329949238
9 0.8269699431356621 0.5179704016913319 0.04874878128046799 0.08460236886632826
0 0.883834281072299 0.6828752642706131 0.016249593760155997 0.08460236886632826
0 0.9000812347684809 0.34460887949260033 0.016249593760155997 0.08460236886632826
0 0.29894394800974816 0.6828752642706131 0.016249593760155997 0.08460236886632826
0 0.12022745735174656 0.38689217758985195 0.016249593760155997 0.08460236886632826
