11 0.46701030927835047 0.24210526315789482 0.15463917525773196 0.21052631578947367
12 0.8587628865979381 0.34736842105263155 0.15463917525773196 0.21052631578947367
13 0.5082474226804123 0.6631578947368422 0.15463917525773196 0.21052631578947367
15 0.22577319587628863 0.2947368421052632 0.12371134020618557 0.2631578947368421
9 0.22474226804123712 0.7157894736842105 0.061855670103092786 0.10526315789473684
10 0.6783505154639174 0.4 0.061855670103092786 0.10526315789473684
0 0.15257731958762888 0.9210526315789473 0.020618556701030927 0.10526315789473684
0 0.956701030927835 0.5526315789473684 0.020618556701030927 0.10526315789473684
0 0.4206185567010309 0.868421052631579 0.020618556701030927 0.10526315789473684
0 0.31752577319587627 0.5263157894736843 0.020618556701030927 0.10526315789473684
0 0.15257731958762888 0.5263157894736843 0.020618556701030927 0.10526315789473684
