12 0.1769230769230769 0.8482758620689654 0.1048951048951049 0.13793103448275862
11 0.3867132867132867 0.8137931034482758 0.1048951048951049 0.13793103448275862
11 0.3867132867132867 0.5379310344827586 0.1048951048951049 0.13793103448275862
11 0.5545454545454546 0.7103448275862069 0.1048951048951049 0.13793103448275862
16 0.8692307692307694 0.22758620689655173 0.16083916083916083 0.3448275862068966
11 0.7083916083916084 0.6758620689655173 0.1048951048951049 0.13793103448275862
13 0.20489510489510487 0.5379310344827586 0.1048951048951049 0.13793103448275862
10 0.8587412587412587 0.6241379310344828 0.027972027972027972 0.10344827586206896
5 0.8167832167832167 0.6241379310344828 0.027972027972027972 0.10344827586206896
0 0.9706293706293707 0.4655172413793104 0.013986013986013986 0.06896551724137931
0 0.4951048951048951 0.8448275862068966 0.013986013986013986 0.06896551724137931
0 0.32727272727272727 0.9482758620689655 0.013986013986013986 0.06896551724137931
0 0.32727272727272727 0.6724137931034483 0.013986013986013986 0.06896551724137931
0 0.6489510489510489 0.8103448275862069 0.013986013986013986 0.06896551724137931
0 0.14545454545454545 0.6724137931034483 0.013986013986013986 0.06896551724137931
