12 0.1787037037037037 0.4833333333333333 0.1388888888888889 0.16666666666666666
12 0.8268518518518518 0.775 0.1388888888888889 0.16666666666666666
16 0.8546296296296296 0.275 0.21296296296296297 0.4166666666666667
11 0.6231481481481481 0.3583333333333334 0.1388888888888889 0.16666666666666666
6 0.4148148148148148 0.3375 0.037037037037037035 0.125
10 0.3037037037037037 0.3375 0.037037037037037035 0.125
5 0.4703703703703703 0.3375 0.037037037037037035 0.125
5 0.3592592592592592 0.37916666666666676 0.037037037037037035 0.125
0 0.3037037037037037 0.5625 0.018518518518518517 0.08333333333333333
0 0.9148148148148147 0.9375 0.018518518518518517 0.08333333333333333
0 0.7481481481481481 0.9375 0.018518518518518517 0.08333333333333333
0 0.7481481481481481 0.5625 0.018518518518518517 0.08333333333333333
