11 0.9138364779874214 0.20000000000000007 0.09433962264150944 0.2222222222222222
12 0.5238993710691824 0.5888888888888888 0.09433962264150944 0.2222222222222222
11 0.8886792452830189 0.7 0.09433962264150944 0.2222222222222222
15 0.6408805031446542 0.5888888888888888 0.07547169811320754 0.2777777777777778
11 0.1591194968553459 0.5333333333333333 0.09433962264150944 0.2222222222222222
12 0.3981132075471698 0.5333333333333333 0.09433962264150944 0.2222222222222222
12 0.2849056603773585 0.5888888888888888 0.09433962264150944 0.2222222222222222
5 0.7660377358490565 0.47777777777777775 0.03773584905660377 0.1111111111111111
0 0.948427672955975 0.9166666666666666 0.012578616352201259 0.1111111111111111
0 0.6968553459119496 0.8333333333333334 0.012578616352201259 0.1111111111111111
0 0.9735849056603775 0.41666666666666663 0.012578616352201259 0.1111111111111111
0 0.8603773584905661 0.41666666666666663 0.012578616352201259 0.1111111111111111
