11 0.18346456692913388 0.63 0.11811023622047244 0.2
11 0.49842519685039366 0.53 0.11811023622047244 0.2
16 0.6795275590551181 0.63 0.18110236220472442 0.5
13 0.8921259842519684 0.28 0.11811023622047244 0.2
11 0.18346456692913388 0.18000000000000005 0.11811023622047244 0.2
9 0.8251968503937007 0.705 0.031496062992125984 0.15
9 0.8724409448818897 0.705 0.031496062992125984 0.15
3 0.36929133858267715 0.6799999999999999 0.031496062992125984 0.15
4 0.3062992125984252 0.42999999999999994 0.031496062992125984 0.15
0 0.32125984251968503 0.20999999999999996 0.015748031496062992 0.1
0 0.11653543307086615 0.825 0.015748031496062992 0.1
0 0.11653543307086615 0.375 0.015748031496062992 0.1
0 0.9669291338582677 0.475 0.015748031496062992 0.1
0 0.8251968503937007 0.475 0.015748031496062992 0.1
