11 0.5764044943820225 0.5874730021598271 0.16853932584269662 0.17286084701815038
12 0.8460674157303371 0.1555075593952484 0.16853932584269662 0.17286084701815038
11 0.801123595505618 0.5442764578833692 0.16853932584269662 0.17286084701815038
6 0.39101123595505616 0.5226781857451404 0.0449438202247191 0.12964563526361278
9 0.1662921348314607 0.47948164146868244 0.0449438202247191 0.12964563526361278
3 0.2573033707865168 0.8898488120950324 0.0449438202247191 0.12964563526361278
3 0.3696629213483146 0.8898488120950324 0.0449438202247191 0.12964563526361278
0 0.1662921348314607 0.712742980561555 0.02247191011235955 0.08643042350907519
0 0.9078651685393259 0.712742980561555 0.02247191011235955 0.08643042350907519
0 0.952808988764045 0.32397408207343403 0.02247191011235955 0.08643042350907519
0 0.750561797752809 0.32397408207343403 0.02247191011235955 0.08643042350907519
