11 0.6116438356164383 0.2666666666666667 0.10273972602739725 0.19047619047619047
11 0.4746575342465753 0.6476190476190475 0.10273972602739725 0.19047619047619047
11 0.1732876712328767 0.6 0.10273972602739725 0.19047619047619047
13 0.3102739726027397 0.5523809523809524 0.10273972602739725 0.19047619047619047
14 0.436986301369863 0.4095238095238095 0.0821917808219178 0.14285714285714285
12 0.6390410958904109 0.5523809523809524 0.10273972602739725 0.19047619047619047
6 0.7589041095890411 0.4809523809523809 0.0273972602739726 0.14285714285714285
2 0.8267397260273972 0.4571428571428571 0.0273972602739726 0.14285714285714285
3 0.8965753424657534 0.4571428571428571 0.0273972602739726 0.14285714285714285
0 0.4164383561643835 0.8333333333333334 0.0136986301369863 0.09523809523809523
0 0.5808219178082191 0.7380952380952381 0.0136986301369863 0.09523809523809523
