11 0.7340676632572778 0.384 0.11803588290840415 0.16
13 0.1754523996852872 0.784 0.11803588290840415 0.16
13 0.41935483870967744 0.264 0.11803588290840415 0.16
16 0.2069236821400472 0.30400000000000005 0.18098835379288636 0.4
13 0.5767112509834775 0.42400000000000004 0.11803588290840415 0.16
12 0.41935483870967744 0.504 0.11803588290840415 0.16
6 0.8560188827694729 0.724 0.03147623544224111 0.12
9 0.8560188827694729 0.44399999999999995 0.03147623544224111 0.12
9 0.9032258064516129 0.44399999999999995 0.03147623544224111 0.12
0 0.8560188827694729 0.9 0.015738117721120555 0.08
0 0.10857592446892211 0.94 0.015738117721120555 0.08
0 0.11644374508261213 0.5800000000000001 0.015738117721120555 0.08
