14 0.801129943502825 0.5729729729729729 0.06779661016949153 0.16216216216216217
11 0.32372881355932204 0.518918918918919 0.0847457627118644 0.21621621621621623
11 0.9225988700564972 0.24864864864864866 0.0847457627118644 0.21621621621621623
16 0.5666666666666667 0.5729729729729729 0.12994350282485875 0.5405405405405406
12 0.19943502824858755 0.518918918918919 0.0847457627118644 0.21621621621621623
11 0.707909604519774 0.518918918918919 0.0847457627118644 0.21621621621621623
13 0.43672316384180787 0.4648648648648649 0.0847457627118644 0.21621621621621623
2 0.09545762711864407 0.681081081081081 0.022598870056497175 0.16216216216216217
5 0.897175141242938 0.7081081081081081 0.022598870056497175 0.16216216216216217
0 0.10621468926553673 0.9189189189189189 0.011299435028248588 0.10810810810810811
0 0.976271186440678 0.45945945945945943 0.011299435028248588 0.10810810810810811
