11 0.2886996904024768 0.544 0.1161350263239393 0.16
12 0.11842105263157895 0.784 0.1161350263239393 0.16
11 0.11842105263157895 0.42400000000000004 0.1161350263239393 0.16
17 0.7190402476780187 0.3440000000000001 0.10839269123567669 0.28
13 0.5673374613003096 0.544 0.1161350263239393 0.16
14 0.4164086687306502 0.544 0.09290802105915144 0.12
10 0.8421052631578948 0.28400000000000003 0.03096934035305048 0.12
3 0.9047987616099072 0.30400000000000005 0.03096934035305048 0.12
0 0.22291021671826627 0.7 0.01548467017652524 0.08
0 0.052631578947368425 0.94 0.01548467017652524 0.08
0 0.052631578947368425 0.5800000000000001 0.01548467017652524 0.08
