11 0.5645973154362416 0.5264900662251655 0.12583892617449666 0.13245033112582782
12 0.3968120805369127 0.5596026490066225 0.12583892617449666 0.13245033112582782
11 0.21224832214765096 0.5264900662251655 0.12583892617449666 0.13245033112582782
2 0.7106040268456375 0.890728476821192 0.03355704697986577 0.09933774834437085
1 0.7961073825503355 0.5927152317880795 0.03355704697986577 0.09933774834437085
1 0.7106040268456375 0.12913907284768222 0.03355704697986577 0.09933774834437085
4 0.8968120805369127 0.12913907284768222 0.03355704697986577 0.09933774834437085
5 0.6946308724832214 0.4105960264900663 0.03355704697986577 0.09933774834437085
0 0.9127516778523489 0.2748344370860928 0.016778523489932886 0.06622516556291391
0 0.8456375838926175 0.7218543046357615 0.016778523489932886 0.06622516556291391
0 0.32550335570469796 0.6887417218543046 0.016778523489932886 0.06622516556291391
