11 0.3417391304347826 0.24347826086956526 0.13043478260869565 0.17391304347826086
17 0.1643478260869565 0.5043478260869565 0.12173913043478261 0.30434782608695654
12 0.8808695652173912 0.4608695652173913 0.13043478260869565 0.17391304347826086
11 0.5504347826086956 0.33043478260869574 0.13043478260869565 0.17391304347826086
11 0.3678260869565217 0.5043478260869565 0.13043478260869565 0.17391304347826086
3 0.7382608695652174 0.4173913043478261 0.034782608695652174 0.13043478260869565
3 0.7382608695652174 0.7652173913043478 0.034782608695652174 0.13043478260869565
0 0.6852173913043478 0.9347826086956522 0.017391304347826087 0.08695652173913043
0 0.6852173913043478 0.5869565217391304 0.017391304347826087 0.08695652173913043
0 0.9634782608695652 0.6304347826086957 0.017391304347826087 0.08695652173913043
0 0.29391304347826086 0.6739130434782609 0.017391304347826087 0.08695652173913043
