11 0.608125 0.30714285714285716 0.09375 0.14285714285714285
14 0.14875 0.45000000000000007 0.075 0.10714285714285714
11 0.8956250000000001 0.23571428571428577 0.09375 0.14285714285714285
15 0.46187500000000004 0.30714285714285716 0.075 0.17857142857142858
11 0.333125 0.30714285714285716 0.09375 0.14285714285714285
11 0.18312499999999998 0.12857142857142867 0.09375 0.14285714285714285
12 0.745625 0.27142857142857146 0.09375 0.14285714285714285
9 0.8675 0.7535714285714286 0.025 0.10714285714285714
4 0.8556250000000001 0.5571428571428572 0.025 0.10714285714285714
3 0.9181250000000001 0.7714285714285714 0.025 0.10714285714285714
0 0.93 0.9285714285714286 0.0125 0.07142857142857142
0 0.5549999999999999 0.4464285714285714 0.0125 0.07142857142857142
0 0.13 0.2678571428571429 0.0125 0.07142857142857142
0 0.27999999999999997 0.4464285714285714 0.0125 0.07142857142857142
0 0.8425 0.375 0.0125 0.07142857142857142
0 0.4175 0.4642857142857143 0.0125 0.07142857142857142
0 0.6925 0.4107142857142857 0.0125 0.07142857142857142
