12 0.13304347826086957 0.503225806451613 0.13043478260869565 0.12903225806451613
13 0.8808695652173912 0.43870967741935485 0.13043478260869565 0.12903225806451613
16 0.5417391304347826 0.2129032258064517 0.2 0.3225806451612903
13 0.3069565217391304 0.47096774193548396 0.13043478260869565 0.12903225806451613
6 0.4417391304347826 0.7451612903225806 0.034782608695652174 0.0967741935483871
1 0.5295304347826087 0.7290322580645161 0.034782608695652174 0.0967741935483871
4 0.7365217391304347 0.47096774193548396 0.034782608695652174 0.0967741935483871
0 0.5460869565217391 0.8709677419354839 0.017391304347826087 0.06451612903225806
0 0.5460869565217391 0.5870967741935484 0.017391304347826087 0.06451612903225806
0 0.9634782608695652 0.564516129032258 0.017391304347826087 0.06451612903225806
0 0.059130434782608696 0.6290322580645161 0.017391304347826087 0.06451612903225806
0 0.4417391304347826 0.4354838709677419 0.017391304347826087 0.06451612903225806
