17 0.5213235294117647 0.58 0.10294117647058823 0.35
17 0.6536764705882353 0.58 0.10294117647058823 0.35
11 0.3477941176470588 0.32999999999999996 0.11029411764705882 0.2
11 0.1713235294117647 0.32999999999999996 0.11029411764705882 0.2
6 0.8147058823529412 0.505 0.029411764705882353 0.15
9 0.8588235294117647 0.5549999999999999 0.029411764705882353 0.15
9 0.7705882352941176 0.505 0.029411764705882353 0.15
0 0.8147058823529412 0.775 0.014705882352941176 0.1
0 0.4617647058823529 0.925 0.014705882352941176 0.1
0 0.2852941176470588 0.525 0.014705882352941176 0.1
0 0.10882352941176471 0.525 0.014705882352941176 0.1
