11 0.3156626506024096 0.44705882352941173 0.1205012853470437 0.23529411764705882
11 0.508433734939759 0.44705882352941173 0.1205012853470437 0.23529411764705882
11 0.6690763052208835 0.388235294117647 0.1205012853470437 0.23529411764705882
6 0.7775100401606425 0.24117647058823533 0.032133676092544985 0.17647058823529413
6 0.8578313253012048 0.24117647058823533 0.032133676092544985 0.17647058823529413
10 0.14297188755020082 0.388235294117647 0.04820051413881748 0.11764705882352941
2 0.7928032128514055 0.6235294117647059 0.032133676092544985 0.17647058823529413
5 0.9060240963855422 0.24117647058823533 0.032133676092544985 0.17647058823529413
0 0.7775100401606425 0.8823529411764706 0.016066838046272493 0.11764705882352941
0 0.4401606425702811 0.6764705882352942 0.016066838046272493 0.11764705882352941
