12 0.7638461538461538 0.13846153846153852 0.11538461538461539 0.15384615384615385
16 0.5715384615384616 0.4076923076923078 0.17692307692307693 0.38461538461538464
11 0.24076923076923074 0.523076923076923 0.11538461538461539 0.15384615384615385
11 0.3946153846153846 0.48461538461538456 0.11538461538461539 0.15384615384615385
6 0.8523076923076923 0.4653846153846154 0.03076923076923077 0.11538461538461539
9 0.7292307692307692 0.4653846153846154 0.03076923076923077 0.11538461538461539
9 0.8984615384615384 0.6961538461538461 0.03076923076923077 0.11538461538461539
3 0.7915384615384616 0.676923076923077 0.03076923076923077 0.11538461538461539
5 0.10615384615384615 0.48461538461538456 0.046153846153846156 0.07692307692307693
0 0.052307692307692305 0.6346153846153846 0.015384615384615385 0.07692307692307693
0 0.8061538461538461 0.9038461538461539 0.015384615384615385 0.07692307692307693
0 0.8369230769230769 0.28846153846153844 0.015384615384615385 0.07692307692307693
