11 0.9028368794326241 0.10000000000000009 0.10638297872340426 0.1111111111111111
11 0.250354609929078 0.85 0.10638297872340426 0.1111111111111111
11 0.22198581560283687 0.6555555555555556 0.10638297872340426 0.1111111111111111
13 0.8744680851063831 0.3500000000000001 0.10638297872340426 0.1111111111111111
17 0.5879432624113475 0.5166666666666667 0.09929078014184398 0.19444444444444445
11 0.7326241134751773 0.5444444444444445 0.10638297872340426 0.1111111111111111
2 0.38797163120567374 0.6555555555555556 0.028368794326241134 0.08333333333333333
3 0.4460992907801418 0.5166666666666667 0.028368794326241134 0.08333333333333333
4 0.8574468085106384 0.711111111111111 0.028368794326241134 0.08333333333333333
4 0.38794326241134747 0.7944444444444444 0.028368794326241134 0.08333333333333333
0 0.8709219858156028 0.8333333333333334 0.014184397163120567 0.05555555555555555
0 0.8709219858156028 0.5888888888888888 0.014184397163120567 0.05555555555555555
0 0.37446808510638296 0.9166666666666666 0.014184397163120567 0.05555555555555555
0 0.4595744680851064 0.3944444444444445 0.014184397163120567 0.05555555555555555
0 0.9418439716312057 0.45833333333333337 0.014184397163120567 0.05555555555555555
0 0.9702127659574469 0.20833333333333337 0.014184397163120567 0.05555555555555555
0 0.8425531914893617 0.20833333333333337 0.014184397163120567 0.05555555555555555
0 0.1900709219858156 0.9583333333333334 0.014184397163120567 0.05555555555555555
