11 0.39152542372881355 0.58125 0.0847457627118644 0.125
11 0.36892655367231636 0.17500000000000004 0.0847457627118644 0.125
13 0.9 0.83125 0.0847457627118644 0.125
17 0.9203389830508475 0.45625000000000004 0.07909604519774012 0.21875
13 0.36892655367231636 0.36250000000000004 0.0847457627118644 0.125
16 0.227683615819209 0.6125 0.12994350282485875 0.3125
12 0.6627118644067796 0.33125000000000004 0.0847457627118644 0.125
16 0.5214689265536723 0.36250000000000004 0.12994350282485875 0.3125
13 0.7870056497175142 0.30000000000000004 0.0847457627118644 0.125
9 0.10056497175141244 0.675 0.03389830508474576 0.0625
0 0.9536723163841808 0.953125 0.011299435028248588 0.0625
0 0.34350282485875705 0.703125 0.011299435028248588 0.0625
0 0.7389830508474577 0.421875 0.011299435028248588 0.0625
0 0.976271186440678 0.671875 0.011299435028248588 0.0625
0 0.8745762711864408 0.671875 0.011299435028248588 0.0625
