12 0.2480392156862745 0.31176470588235294 0.14705882352941177 0.11764705882352941
13 0.4833333333333333 0.4294117647058824 0.14705882352941177 0.11764705882352941
11 0.4833333333333333 0.16470588235294126 0.14705882352941177 0.11764705882352941
6 0.6745098039215686 0.7676470588235293 0.0392156862745098 0.08823529411764706
9 0.6156862745098038 0.7970588235294118 0.0392156862745098 0.08823529411764706
9 0.6156862745098038 0.3264705882352942 0.0392156862745098 0.08823529411764706
1 0.6931764705882353 0.4882352941176471 0.0392156862745098 0.08823529411764706
4 0.7931372549019609 0.4882352941176471 0.0392156862745098 0.08823529411764706
0 0.6156862745098038 0.9558823529411765 0.0196078431372549 0.058823529411764705
0 0.8117647058823529 0.6176470588235294 0.0196078431372549 0.058823529411764705
0 0.39999999999999997 0.5441176470588236 0.0196078431372549 0.058823529411764705
0 0.39999999999999997 0.27941176470588236 0.0196078431372549 0.058823529411764705
