12 0.5157534246575343 0.543859649122807 0.10273972602739725 0.17543859649122806
15 0.2595890410958904 0.543859649122807 0.0821917808219178 0.21929824561403508
17 0.37602739726027395 0.5877192982456141 0.0958904109589041 0.30701754385964913
12 0.6527397260273973 0.5 0.10273972602739725 0.17543859649122806
12 0.13219178082191782 0.543859649122807 0.10273972602739725 0.17543859649122806
10 0.8410958904109589 0.8289473684210527 0.0273972602739726 0.13157894736842105
4 0.8965753424657534 0.5877192982456141 0.0273972602739726 0.13157894736842105
4 0.828082191780822 0.19298245614035092 0.0273972602739726 0.13157894736842105
5 0.7452054794520547 0.17105263157894746 0.0273972602739726 0.13157894736842105
0 0.7863013698630137 0.36403508771929827 0.0136986301369863 0.08771929824561403
