16 0.3128378378378378 0.28666666666666674 0.1554054054054054 0.3333333333333333
11 0.15743243243243243 0.3533333333333334 0.10135135135135136 0.13333333333333333
11 0.4817567567567567 0.2533333333333334 0.10135135135135136 0.13333333333333333
15 0.6074324324324325 0.32000000000000006 0.08108108108108109 0.16666666666666666
6 0.7351351351351351 0.5700000000000001 0.02702702702702703 0.1
9 0.7891891891891891 0.40333333333333343 0.02702702702702703 0.1
2 0.7222702702702702 0.7533333333333333 0.02702702702702703 0.1
2 0.8574054054054054 0.7533333333333333 0.02702702702702703 0.1
0 0.7351351351351351 0.95 0.013513513513513514 0.06666666666666667
0 0.1 0.4833333333333333 0.013513513513513514 0.06666666666666667
