11 0.18333333333333332 0.7972602739726027 0.10869565217391304 0.1095890410958904
17 0.3253623188405797 0.7972602739726028 0.10144927536231885 0.1917808219178082
17 0.4557971014492754 0.7972602739726028 0.10144927536231885 0.1917808219178082
6 0.9043478260869565 0.7287671232876712 0.028985507246376812 0.0821917808219178
2 0.8905507246376811 0.4684931506849316 0.028985507246376812 0.0821917808219178
2 0.5993043478260869 0.7424657534246575 0.028985507246376812 0.0821917808219178
2 0.6586666666666666 0.7424657534246575 0.028985507246376812 0.0821917808219178
3 0.7152173913043477 0.19452054794520557 0.028985507246376812 0.0821917808219178
4 0.7731884057971014 0.3315068493150686 0.028985507246376812 0.0821917808219178
3 0.832608695652174 0.19452054794520557 0.028985507246376812 0.0821917808219178
0 0.5565217391304348 0.904109589041096 0.014492753623188406 0.0547945205479452
0 0.7014492753623188 0.07397260273972606 0.014492753623188406 0.0547945205479452
0 0.672463768115942 0.5945205479452055 0.014492753623188406 0.0547945205479452
0 0.5855072463768116 0.5945205479452055 0.014492753623188406 0.0547945205479452
