15 0.6440860215053763 0.32999999999999996 0.12903225806451613 0.25
12 0.8526881720430107 0.2300000000000001 0.16129032258064516 0.2
14 0.1913978494623656 0.48 0.12903225806451613 0.15
2 0.37316129032258066 0.38 0.043010752688172046 0.15
4 0.4612903225806452 0.38 0.043010752688172046 0.15
5 0.8043010752688172 0.655 0.043010752688172046 0.15
5 0.48172043010752685 0.705 0.043010752688172046 0.15
0 0.8043010752688172 0.875 0.021505376344086023 0.1
0 0.48172043010752685 0.925 0.021505376344086023 0.1
0 0.9548387096774194 0.42500000000000004 0.021505376344086023 0.1
