15 0.146 0.264 0.08 0.2
14 0.7053333333333334 0.544 0.08 0.12
13 0.46199999999999997 0.30400000000000005 0.1 0.16
12 0.5953333333333333 0.504 0.1 0.16
11 0.2886666666666666 0.264 0.1 0.16
11 0.4353333333333333 0.6639999999999999 0.1 0.16
6 0.8586666666666667 0.28400000000000003 0.02666666666666667 0.12
6 0.912 0.2440000000000001 0.02666666666666667 0.12
9 0.8586666666666667 0.764 0.02666666666666667 0.12
2 0.8459733333333334 0.544 0.02666666666666667 0.12
0 0.8586666666666667 0.94 0.013333333333333334 0.08
0 0.09866666666666667 0.43999999999999995 0.013333333333333334 0.08
0 0.4053333333333333 0.45999999999999996 0.013333333333333334 0.08
