12 0.8587628865979381 0.5647058823529412 0.15463917525773196 0.23529411764705882
17 0.15360824742268042 0.388235294117647 0.14432989690721648 0.4117647058823529
6 0.39999999999999997 0.5941176470588235 0.041237113402061855 0.17647058823529413
6 0.5443298969072164 0.5941176470588235 0.041237113402061855 0.17647058823529413
9 0.48247422680412366 0.29999999999999993 0.041237113402061855 0.17647058823529413
4 0.6257731958762887 0.2705882352941176 0.041237113402061855 0.17647058823529413
3 0.31649484536082473 0.2705882352941176 0.041237113402061855 0.17647058823529413
0 0.5443298969072164 0.8529411764705882 0.020618556701030927 0.11764705882352941
0 0.956701030927835 0.7941176470588236 0.020618556701030927 0.11764705882352941
0 0.7711340206185566 0.7941176470588236 0.020618556701030927 0.11764705882352941
0 0.07010309278350516 0.7941176470588236 0.020618556701030927 0.11764705882352941
