16 0.24596182085168872 0.37777777777777777 0.16891891891891891 0.2777777777777778
12 0.2533039647577093 0.6277777777777778 0.11016451233842538 0.1111111111111111
12 0.591042584434655 0.48888888888888893 0.11016451233842538 0.1111111111111111
11 0.9140969162995596 0.10000000000000009 0.11016451233842538 0.1111111111111111
11 0.7378854625550662 0.46111111111111114 0.11016451233842538 0.1111111111111111
11 0.44419970631424377 0.46111111111111114 0.11016451233842538 0.1111111111111111
12 0.8847283406754773 0.5722222222222222 0.11016451233842538 0.1111111111111111
14 0.8737151248164464 0.3500000000000001 0.0881316098707403 0.08333333333333333
3 0.867107195301028 0.8222222222222222 0.02937720329024677 0.08333333333333333
4 0.07268722466960353 0.711111111111111 0.02937720329024677 0.08333333333333333
0 0.05873715124816447 0.8472222222222222 0.014688601645123384 0.05555555555555555
0 0.881057268722467 0.9444444444444444 0.014688601645123384 0.05555555555555555
0 0.9544787077826726 0.6805555555555556 0.014688601645123384 0.05555555555555555
0 0.9397944199706315 0.4444444444444444 0.014688601645123384 0.05555555555555555
0 0.19089574155653452 0.7361111111111112 0.014688601645123384 0.05555555555555555
0 0.8516886930983848 0.20833333333333337 0.014688601645123384 0.05555555555555555
0 0.38179148311306904 0.5694444444444444 0.014688601645123384 0.05555555555555555
