11 0.4408450704225352 0.17692307692307696 0.2112676056338028 0.15384615384615385
11 0.8070422535211267 0.6384615384615384 0.2112676056338028 0.15384615384615385
12 0.8070422535211267 0.2153846153846154 0.2112676056338028 0.15384615384615385
6 0.46197183098591543 0.773076923076923 0.056338028169014086 0.11538461538461539
9 0.37746478873239436 0.773076923076923 0.056338028169014086 0.11538461538461539
4 0.4042253521126761 0.4076923076923078 0.056338028169014086 0.11538461538461539
0 0.37746478873239436 0.5769230769230769 0.028169014084507043 0.07692307692307693
0 0.37746478873239436 0.9423076923076923 0.028169014084507043 0.07692307692307693
0 0.9408450704225352 0.7884615384615384 0.028169014084507043 0.07692307692307693
0 0.9408450704225352 0.3653846153846154 0.028169014084507043 0.07692307692307693
