16 0.7952830188679245 0.39375000000000004 0.2169811320754717 0.3125
12 0.7292452830188679 0.11250000000000004 0.14150943396226415 0.125
12 0.540566037735849 0.55 0.14150943396226415 0.125
16 0.2669811320754717 0.70625 0.2169811320754717 0.3125
12 0.5028301886792452 0.8625 0.14150943396226415 0.125
9 0.7433962264150943 0.909375 0.03773584905660377 0.09375
10 0.7999999999999999 0.753125 0.03773584905660377 0.09375
5 0.6867924528301886 0.909375 0.03773584905660377 0.09375
0 0.6867924528301886 0.609375 0.018867924528301886 0.0625
0 0.460377358490566 0.671875 0.018867924528301886 0.0625
