17 0.3111764705882353 0.4076923076923078 0.08235294117647059 0.2692307692307692
11 0.17235294117647057 0.2153846153846154 0.08823529411764706 0.15384615384615385
15 0.42294117647058826 0.4076923076923078 0.07058823529411765 0.19230769230769232
11 0.5723529411764706 0.36923076923076925 0.08823529411764706 0.15384615384615385
15 0.6817647058823529 0.44615384615384623 0.07058823529411765 0.19230769230769232
4 0.8641176470588235 0.7923076923076923 0.023529411764705882 0.11538461538461539
5 0.7811764705882354 0.773076923076923 0.023529411764705882 0.11538461538461539
5 0.8164705882352942 0.4653846153846154 0.023529411764705882 0.11538461538461539
5 0.8752941176470589 0.4653846153846154 0.023529411764705882 0.11538461538461539
0 0.7811764705882354 0.9423076923076923 0.011764705882352941 0.07692307692307693
0 0.4752941176470588 0.5769230769230769 0.011764705882352941 0.07692307692307693
0 0.26352941176470585 0.6730769230769231 0.011764705882352941 0.07692307692307693
0 0.1223529411764706 0.3653846153846154 0.011764705882352941 0.07692307692307693
