12 0.5538961038961039 0.4833333333333333 0.09740259740259741 0.16666666666666666
11 0.8396103896103897 0.15000000000000002 0.09740259740259741 0.16666666666666666
11 0.2811688311688311 0.4833333333333333 0.09740259740259741 0.16666666666666666
12 0.41103896103896104 0.44166666666666665 0.09740259740259741 0.16666666666666666
11 0.8396103896103897 0.4 0.09740259740259741 0.16666666666666666
16 0.8590909090909091 0.775 0.14935064935064934 0.4166666666666667
11 0.1512987012987013 0.44166666666666665 0.09740259740259741 0.16666666666666666
6 0.7194805194805195 0.37916666666666676 0.025974025974025976 0.125
10 0.6805194805194805 0.6291666666666667 0.025974025974025976 0.125
3 0.6681818181818182 0.4 0.025974025974025976 0.125
0 0.6805194805194805 0.8125 0.012987012987012988 0.08333333333333333
0 0.4987012987012987 0.6458333333333333 0.012987012987012988 0.08333333333333333
0 0.09610389610389611 0.6041666666666667 0.012987012987012988 0.08333333333333333
