17 0.19285714285714284 0.53 0.14285714285714285 0.35
17 0.8255102040816327 0.33000000000000007 0.14285714285714285 0.35
9 0.33469387755102037 0.705 0.04081632653061224 0.15
1 0.43575510204081624 0.42999999999999994 0.04081632653061224 0.15
4 0.6214285714285714 0.42999999999999994 0.04081632653061224 0.15
3 0.5193877551020408 0.42999999999999994 0.04081632653061224 0.15
0 0.33469387755102037 0.925 0.02040816326530612 0.1
0 0.5387755102040817 0.20999999999999996 0.02040816326530612 0.1
0 0.7428571428571429 0.675 0.02040816326530612 0.1
0 0.2122448979591837 0.875 0.02040816326530612 0.1
