12 0.35467625899280575 0.20000000000000007 0.1079136690647482 0.17391304347826086
17 0.7258992805755397 0.37391304347826093 0.10071942446043165 0.30434782608695654
11 0.8726618705035972 0.7652173913043478 0.1079136690647482 0.17391304347826086
11 0.9014388489208633 0.37391304347826093 0.1079136690647482 0.17391304347826086
15 0.31582733812949637 0.6347826086956522 0.08633093525179857 0.21739130434782608
12 0.18201438848920862 0.5478260869565217 0.1079136690647482 0.17391304347826086
10 0.6244604316546762 0.5695652173913044 0.02877697841726619 0.13043478260869565
2 0.494273381294964 0.5478260869565217 0.02877697841726619 0.13043478260869565
3 0.5532374100719425 0.5478260869565217 0.02877697841726619 0.13043478260869565
4 0.6107913669064748 0.24347826086956526 0.02877697841726619 0.13043478260869565
0 0.9410071942446044 0.9347826086956522 0.014388489208633094 0.08695652173913043
0 0.37985611510791367 0.8260869565217391 0.014388489208633094 0.08695652173913043
0 0.2935251798561151 0.3695652173913043 0.014388489208633094 0.08695652173913043
0 0.9697841726618706 0.5434782608695652 0.014388489208633094 0.08695652173913043
0 0.8402877697841726 0.5434782608695652 0.014388489208633094 0.08695652173913043
