13 0.6309734513274337 0.567741935483871 0.13274336283185842 0.12903225806451613
16 0.8345132743362832 0.2129032258064517 0.20353982300884957 0.3225806451612903
11 0.2238938053097345 0.6322580645161291 0.13274336283185842 0.12903225806451613
11 0.43628318584070797 0.6 0.13274336283185842 0.12903225806451613
6 0.7946902654867256 0.567741935483871 0.05309734513274336 0.06451612903225806
10 0.7946902654867256 0.8258064516129032 0.05309734513274336 0.06451612903225806
0 0.8566371681415929 0.9516129032258065 0.017699115044247787 0.06451612903225806
0 0.8566371681415929 0.6935483870967742 0.017699115044247787 0.06451612903225806
0 0.9628318584070796 0.4354838709677419 0.017699115044247787 0.06451612903225806
0 0.5557522123893806 0.6935483870967742 0.017699115044247787 0.06451612903225806
0 0.36106194690265486 0.7258064516129032 0.017699115044247787 0.06451612903225806
