11 0.33008849557522124 0.1586206896551725 0.13274336283185842 0.13793103448275862
11 0.5070796460176991 0.29655172413793107 0.13274336283185842 0.13793103448275862
16 0.8345132743362832 0.43448275862068975 0.20353982300884957 0.3448275862068966
14 0.7946902654867256 0.1586206896551725 0.10619469026548672 0.10344827586206896
14 0.2814159292035398 0.46896551724137936 0.10619469026548672 0.10344827586206896
6 0.12212389380530975 0.3310344827586207 0.05309734513274336 0.06896551724137931
1 0.6433982300884955 0.3655172413793104 0.035398230088495575 0.10344827586206896
5 0.7946902654867256 0.8137931034482758 0.05309734513274336 0.06896551724137931
0 0.8566371681415929 0.9482758620689655 0.017699115044247787 0.06896551724137931
0 0.6265486725663717 0.5517241379310345 0.017699115044247787 0.06896551724137931
0 0.06017699115044248 0.4655172413793104 0.017699115044247787 0.06896551724137931
0 0.9628318584070796 0.6724137931034483 0.017699115044247787 0.06896551724137931
0 0.25486725663716814 0.2931034482758621 0.017699115044247787 0.06896551724137931
