12 0.7361904761904762 0.5037037037037038 0.14285714285714285 0.14814814814814814
11 0.3171428571428571 0.6148148148148148 0.14285714285714285 0.14814814814814814
14 0.13142857142857142 0.6888888888888889 0.11428571428571428 0.1111111111111111
9 0.5028571428571428 0.4111111111111112 0.0380952380952381 0.1111111111111111
9 0.8933333333333333 0.5037037037037038 0.05714285714285714 0.07407407407407407
10 0.4457142857142857 0.7074074074074074 0.0380952380952381 0.1111111111111111
2 0.5799619047619048 0.6888888888888889 0.0380952380952381 0.1111111111111111
5 0.5028571428571428 0.188888888888889 0.0380952380952381 0.1111111111111111
0 0.4457142857142857 0.9074074074074074 0.01904761904761905 0.07407407407407407
0 0.96 0.6481481481481481 0.01904761904761905 0.07407407407407407
0 0.06476190476190476 0.8148148148148149 0.01904761904761905 0.07407407407407407
