12 0.2560439560439561 0.6799999999999999 0.16483516483516483 0.2
13 0.8714285714285714 0.53 0.16483516483516483 0.2
9 0.6021978021978022 0.705 0.04395604395604396 0.15
10 0.6681318681318681 0.2550000000000001 0.04395604395604396 0.15
2 0.42742857142857144 0.6799999999999999 0.04395604395604396 0.15
3 0.4692307692307692 0.2300000000000001 0.04395604395604396 0.15
0 0.6021978021978022 0.925 0.02197802197802198 0.1
0 0.5362637362637362 0.42500000000000004 0.02197802197802198 0.1
0 0.16263736263736264 0.875 0.02197802197802198 0.1
0 0.778021978021978 0.725 0.02197802197802198 0.1
