11 0.5854632587859424 0.6045454545454545 0.11980830670926518 0.09090909090909091
11 0.8570287539936102 0.0818181818181819 0.11980830670926518 0.09090909090909091
15 0.5423322683706071 0.3318181818181819 0.09584664536741214 0.11363636363636363
11 0.3458466453674121 0.21818181818181825 0.11980830670926518 0.09090909090909091
16 0.8490415335463258 0.3545454545454546 0.18370607028753994 0.22727272727272727
14 0.11022364217252395 0.44545454545454544 0.09584664536741214 0.06818181818181818
11 0.3458466453674121 0.42272727272727273 0.11980830670926518 0.09090909090909091
1 0.82185303514377 0.6272727272727273 0.03194888178913738 0.06818181818181818
4 0.8059105431309904 0.8545454545454545 0.03194888178913738 0.06818181818181818
4 0.9017571884984026 0.6272727272727273 0.03194888178913738 0.06818181818181818
0 0.8210862619808307 0.9545454545454546 0.01597444089456869 0.045454545454545456
0 0.8370607028753994 0.7386363636363636 0.01597444089456869 0.045454545454545456
0 0.9648562300319489 0.5113636363636364 0.01597444089456869 0.045454545454545456
0 0.9329073482428114 0.17045454545454541 0.01597444089456869 0.045454545454545456
0 0.7891373801916932 0.17045454545454541 0.01597444089456869 0.045454545454545456
0 0.5175718849840255 0.6931818181818181 0.01597444089456869 0.045454545454545456
0 0.27795527156549515 0.5113636363636364 0.01597444089456869 0.045454545454545456
0 0.27795527156549515 0.30681818181818177 0.01597444089456869 0.045454545454545456
0 0.054313099041533544 0.5227272727272727 0.01597444089456869 0.045454545454545456
