16 0.7382812500000001 0.2923076923076924 0.12834821428571427 0.38461538461538464
11 0.6099330357142857 0.36923076923076925 0.08370535714285714 0.15384615384615385
15 0.2338169642857143 0.523076923076923 0.06696428571428571 0.19230769230769232
17 0.49609375000000006 0.4076923076923078 0.078125 0.2692307692307692
16 0.3588169642857143 0.4076923076923078 0.12834821428571427 0.38461538461538464
12 0.13002232142857145 0.48461538461538456 0.08370535714285714 0.15384615384615385
1 0.8755357142857144 0.36923076923076925 0.022321428571428572 0.11538461538461539
1 0.9313392857142858 0.7538461538461538 0.022321428571428572 0.11538461538461539
2 0.9313392857142858 0.36923076923076925 0.022321428571428572 0.11538461538461539
0 0.9419642857142858 0.9230769230769231 0.011160714285714286 0.07692307692307693
0 0.9754464285714287 0.5192307692307692 0.011160714285714286 0.07692307692307693
0 0.08258928571428573 0.6346153846153846 0.011160714285714286 0.07692307692307693
