17 0.513768115942029 0.36250000000000004 0.10144927536231885 0.21875
11 0.35724637681159416 0.20625000000000004 0.10869565217391304 0.125
11 0.18333333333333332 0.20625000000000004 0.10869565217391304 0.125
13 0.6905797101449275 0.55 0.10869565217391304 0.125
11 0.5456521739130434 0.64375 0.10869565217391304 0.125
6 0.817391304347826 0.815625 0.028985507246376812 0.09375
6 0.817391304347826 0.596875 0.028985507246376812 0.09375
4 0.8905797101449275 0.58125 0.028985507246376812 0.09375
0 0.817391304347826 0.953125 0.014492753623188406 0.0625
0 0.29565217391304344 0.328125 0.014492753623188406 0.0625
0 0.4840579710144927 0.765625 0.014492753623188406 0.0625
