15 0.5646464646464646 0.1166666666666667 0.12121212121212122 0.10416666666666667
11 0.5383838383838384 0.575 0.15151515151515152 0.08333333333333333
11 0.2757575757575757 0.07500000000000007 0.15151515151515152 0.08333333333333333
11 0.23535353535353537 0.4083333333333333 0.15151515151515152 0.08333333333333333
17 0.2717171717171717 0.5958333333333334 0.1414141414141414 0.14583333333333334
11 0.8212121212121212 0.3041666666666667 0.15151515151515152 0.08333333333333333
12 0.8616161616161616 0.1166666666666667 0.15151515151515152 0.08333333333333333
1 0.795959595959596 0.5551666666666668 0.06060606060606061 0.041666666666666664
2 0.795959595959596 0.7198333333333333 0.06060606060606061 0.041666666666666664
5 0.7757575757575758 0.8770833333333333 0.04040404040404041 0.0625
0 0.7757575757575758 0.96875 0.020202020202020204 0.041666666666666664
0 0.8767676767676768 0.78125 0.020202020202020204 0.041666666666666664
0 0.795959595959596 0.47291666666666676 0.020202020202020204 0.041666666666666664
0 0.8767676767676768 0.6354166666666667 0.020202020202020204 0.041666666666666664
0 0.9171717171717172 0.38541666666666663 0.020202020202020204 0.041666666666666664
0 0.4929292929292929 0.20833333333333337 0.020202020202020204 0.041666666666666664
0 0.1898989898989899 0.15625 0.020202020202020204 0.041666666666666664
0 0.1898989898989899 0.7395833333333333 0.020202020202020204 0.041666666666666664
0 0.9575757575757575 0.19791666666666663 0.020202020202020204 0.041666666666666664
0 0.7757575757575758 0.19791666666666663 0.020202020202020204 0.041666666666666664
