11 0.8583999999999999 0.6647058823529411 0.12 0.11764705882352941
11 0.3624 0.6352941176470588 0.12 0.11764705882352941
11 0.8904 0.4 0.12 0.11764705882352941
13 0.6824 0.5470588235294118 0.12 0.11764705882352941
15 0.5272 0.6352941176470588 0.096 0.14705882352941177
11 0.20239999999999997 0.6058823529411765 0.12 0.11764705882352941
11 0.8904 0.10588235294117654 0.12 0.11764705882352941
5 0.8224 0.9147058823529411 0.032 0.08823529411764706
0 0.9344 0.7794117647058824 0.016 0.058823529411764705
0 0.9663999999999999 0.5147058823529411 0.016 0.058823529411764705
0 0.8224 0.5147058823529411 0.016 0.058823529411764705
0 0.4704 0.7647058823529411 0.016 0.058823529411764705
0 0.9663999999999999 0.22058823529411764 0.016 0.058823529411764705
0 0.8224 0.22058823529411764 0.016 0.058823529411764705
