13 0.5199667221297837 0.44166666666666665 0.12479201331114809 0.16666666666666666
11 0.23710482529118135 0.19166666666666676 0.12479201331114809 0.16666666666666666
14 0.8901830282861897 0.4 0.09983361064891846 0.125
16 0.29534109816971715 0.5666666666666667 0.1913477537437604 0.4166666666666667
17 0.7163061564059899 0.6499999999999999 0.11647254575707154 0.2916666666666667
6 0.8652246256239601 0.7124999999999999 0.033277870216306155 0.125
1 0.08239600665557405 0.44166666666666665 0.033277870216306155 0.125
0 0.06655574043261231 0.625 0.016638935108153077 0.08333333333333333
0 0.9650582362728786 0.5416666666666667 0.016638935108153077 0.08333333333333333
0 0.4492512479201331 0.6041666666666667 0.016638935108153077 0.08333333333333333
0 0.19966722129783693 0.8541666666666666 0.016638935108153077 0.08333333333333333
0 0.64891846921797 0.9375 0.016638935108153077 0.08333333333333333
