17 0.8631067961165049 0.46111111111111114 0.13592233009708737 0.19444444444444445
11 0.8669902912621359 0.10000000000000009 0.14563106796116504 0.1111111111111111
14 0.13398058252427184 0.21111111111111114 0.11650485436893204 0.08333333333333333
15 0.30970873786407765 0.23888888888888893 0.11650485436893204 0.1388888888888889
11 0.5174757281553398 0.2944444444444445 0.14563106796116504 0.1111111111111111
14 0.6776699029126213 0.3222222222222223 0.11650485436893204 0.08333333333333333
9 0.8524271844660194 0.7666666666666666 0.05825242718446602 0.05555555555555555
5 0.8233009708737864 0.9194444444444444 0.038834951456310676 0.08333333333333333
5 0.8815533980582524 0.8916666666666666 0.038834951456310676 0.08333333333333333
0 0.9592233009708737 0.6527777777777778 0.019417475728155338 0.05555555555555555
0 0.9592233009708737 0.20833333333333337 0.019417475728155338 0.05555555555555555
0 0.06601941747572815 0.3055555555555556 0.019417475728155338 0.05555555555555555
