11 0.7782608695652175 0.6533333333333333 0.09316770186335403 0.13333333333333333
11 0.9149068322981367 0.62 0.09316770186335403 0.13333333333333333
11 0.3434782608695652 0.22000000000000008 0.09316770186335403 0.13333333333333333
16 0.17577639751552793 0.22000000000000008 0.14285714285714285 0.3333333333333333
9 0.42732919254658386 0.27 0.024844720496894408 0.1
10 0.613664596273292 0.27 0.024844720496894408 0.1
1 0.43915527950310557 0.5866666666666667 0.024844720496894408 0.1
2 0.5012670807453415 0.2533333333333334 0.024844720496894408 0.1
1 0.6018385093167702 0.7533333333333333 0.024844720496894408 0.1
4 0.6639751552795031 0.5866666666666667 0.024844720496894408 0.1
0 0.563975155279503 0.8833333333333333 0.012422360248447204 0.06666666666666667
0 0.5391304347826087 0.3833333333333333 0.012422360248447204 0.06666666666666667
0 0.9739130434782609 0.75 0.012422360248447204 0.06666666666666667
0 0.29068322981366457 0.35 0.012422360248447204 0.06666666666666667
