11 0.528448275862069 0.7566539923954373 0.12931034482758622 0.1520912547528517
12 0.3732758620689655 0.7186311787072244 0.12931034482758622 0.1520912547528517
12 0.20086206896551725 0.6806083650190113 0.12931034482758622 0.1520912547528517
9 0.6448275862068965 0.6996197718631179 0.034482758620689655 0.11406844106463879
9 0.8344827586206897 0.16730038022813698 0.034482758620689655 0.11406844106463879
10 0.8862068965517241 0.7376425855513308 0.034482758620689655 0.11406844106463879
4 0.7129310344827585 0.14828897338403046 0.034482758620689655 0.11406844106463879
4 0.8181034482758621 0.49049429657794674 0.034482758620689655 0.11406844106463879
0 0.8862068965517241 0.9049429657794676 0.017241379310344827 0.07604562737642585
0 0.7655172413793103 0.2965779467680608 0.017241379310344827 0.07604562737642585
0 0.12758620689655173 0.8288973384030418 0.017241379310344827 0.07604562737642585
