12 0.2898148148148148 0.17368421052631577 0.1388888888888889 0.10526315789473684
1 0.6008888888888889 0.5684210526315789 0.037037037037037035 0.07894736842105263
1 0.46948148148148144 0.22631578947368425 0.037037037037037035 0.07894736842105263
2 0.7675555555555555 0.5684210526315789 0.037037037037037035 0.07894736842105263
4 0.675 0.22631578947368425 0.037037037037037035 0.07894736842105263
3 0.47129629629629627 0.8315789473684211 0.037037037037037035 0.07894736842105263
4 0.8416666666666667 0.22631578947368425 0.037037037037037035 0.07894736842105263
0 0.4888888888888889 0.9473684210526316 0.018518518518518517 0.05263157894736842
0 0.5444444444444444 0.6973684210526316 0.018518518518518517 0.05263157894736842
0 0.7851851851851852 0.4526315789473685 0.018518518518518517 0.05263157894736842
0 0.45185185185185184 0.368421052631579 0.018518518518518517 0.05263157894736842
0 0.45185185185185184 0.1105263157894738 0.018518518518518517 0.05263157894736842
