14 0.5884718498659518 0.14418604651162792 0.08045052292839903 0.13953488372093023
16 0.618632707774799 0.5162790697674419 0.15419683561276482 0.46511627906976744
16 0.18967828418230562 0.5627906976744186 0.15419683561276482 0.46511627906976744
11 0.7861930294906166 0.2837209302325582 0.1005631536604988 0.18604651162790697
12 0.8130026809651476 0.7488372093023256 0.1005631536604988 0.18604651162790697
11 0.4644772117962467 0.4232558139534883 0.1005631536604988 0.18604651162790697
1 0.9175335120643433 0.5162790697674419 0.026816840976133013 0.13953488372093023
3 0.34115281501340483 0.5627906976744186 0.026816840976133013 0.13953488372093023
0 0.9571045576407509 0.6976744186046512 0.013408420488066506 0.09302325581395349
0 0.7560321715817695 0.9302325581395349 0.013408420488066506 0.09302325581395349
