13 0.18418972332015812 0.76 0.11859582542694497 0.17777777777777778
11 0.3264822134387352 0.7155555555555555 0.11859582542694497 0.17777777777777778
11 0.6268774703557312 0.76 0.11859582542694497 0.17777777777777778
11 0.4687747035573122 0.7155555555555555 0.11859582542694497 0.17777777777777778
14 0.7731225296442688 0.1377777777777779 0.09487666034155598 0.13333333333333333
4 0.8434782608695651 0.76 0.031625553447185324 0.13333333333333333
4 0.7660079051383399 0.76 0.031625553447185324 0.13333333333333333
5 0.7810276679841897 0.47111111111111115 0.031625553447185324 0.13333333333333333
5 0.9075098814229249 0.7377777777777778 0.031625553447185324 0.13333333333333333
0 0.8442687747035573 0.28888888888888886 0.015812776723592662 0.08888888888888889
0 0.11699604743083004 0.9333333333333333 0.015812776723592662 0.08888888888888889
