15 0.1143769968051118 0.5052631578947369 0.07668711656441718 0.2631578947368421
11 0.40447284345047924 0.6631578947368422 0.09585889570552147 0.21052631578947367
12 0.7878594249201278 0.2947368421052632 0.09585889570552147 0.21052631578947367
12 0.5322683706070287 0.7157894736842105 0.09585889570552147 0.21052631578947367
11 0.2766773162939297 0.6105263157894736 0.09585889570552147 0.21052631578947367
6 0.8869009584664538 0.4263157894736842 0.02556237218813906 0.15789473684210525
9 0.9252396166134186 0.37368421052631573 0.02556237218813906 0.15789473684210525
9 0.6185303514376996 0.8473684210526315 0.02556237218813906 0.15789473684210525
2 0.6958210862619808 0.34736842105263155 0.02556237218813906 0.15789473684210525
0 0.6568690095846645 0.5526315789473684 0.01278118609406953 0.10526315789473684
0 0.17124600638977636 0.736842105263158 0.01278118609406953 0.10526315789473684
0 0.22236421725239613 0.8157894736842105 0.01278118609406953 0.10526315789473684
