12 0.8045343137254903 0.4296296296296297 0.09193429762196617 0.14814814814814814
15 0.2567401960784314 0.6148148148148148 0.07354743809757293 0.18518518518518517
11 0.6819852941176471 0.4666666666666667 0.09193429762196617 0.14814814814814814
11 0.14276960784313728 0.8 0.09193429762196617 0.14814814814814814
16 0.40625 0.24444444444444446 0.14096592302034813 0.37037037037037035
11 0.38786764705882354 0.5777777777777777 0.09193429762196617 0.14814814814814814
11 0.1366421568627451 0.4666666666666667 0.09193429762196617 0.14814814814814814
11 0.5594362745098039 0.4666666666666667 0.09193429762196617 0.14814814814814814
2 0.9246078431372551 0.31851851851851853 0.024515812699190977 0.1111111111111111
0 0.09068627450980393 0.9444444444444444 0.012257906349595489 0.07407407407407407
0 0.08455882352941177 0.6111111111111112 0.012257906349595489 0.07407407407407407
