15 0.49903846153846154 0.2533333333333334 0.11538461538461539 0.16666666666666666
16 0.7721153846153845 0.22000000000000008 0.22115384615384615 0.3333333333333333
12 0.7817307692307692 0.8133333333333334 0.14423076923076922 0.13333333333333333
11 0.26249999999999996 0.28666666666666674 0.14423076923076922 0.13333333333333333
11 0.7817307692307692 0.52 0.14423076923076922 0.13333333333333333
0 0.8730769230769231 0.9433333333333334 0.019230769230769232 0.06666666666666667
0 0.7 0.9433333333333334 0.019230769230769232 0.06666666666666667
0 0.18076923076923077 0.41666666666666663 0.019230769230769232 0.06666666666666667
0 0.8730769230769231 0.65 0.019230769230769232 0.06666666666666667
0 0.7 0.65 0.019230769230769232 0.06666666666666667
