11 0.7944250871080141 0.8 0.17425650557620817 0.14814814814814814
13 0.7944250871080141 0.4666666666666667 0.17425650557620817 0.14814814814814814
16 0.5040650406504065 0.31851851851851853 0.26719330855018586 0.37037037037037035
13 0.5156794425087108 0.762962962962963 0.17425650557620817 0.14814814814814814
11 0.8408826945412312 0.13333333333333341 0.17425650557620817 0.14814814814814814
1 0.23224157955865277 0.5037037037037038 0.046468401486988845 0.1111111111111111
5 0.11498257839721256 0.48518518518518516 0.046468401486988845 0.1111111111111111
0 0.11498257839721256 0.7222222222222222 0.023234200743494422 0.07407407407407407
0 0.9047619047619048 0.9444444444444444 0.023234200743494422 0.07407407407407407
0 0.9047619047619048 0.6111111111111112 0.023234200743494422 0.07407407407407407
0 0.4169570267131243 0.9074074074074074 0.023234200743494422 0.07407407407407407
0 0.9512195121951219 0.2777777777777778 0.023234200743494422 0.07407407407407407
0 0.7421602787456445 0.2777777777777778 0.023234200743494422 0.07407407407407407
