14 0.1328358208955224 0.5899280575539568 0.08955223880597014 0.1079136690647482
16 0.3007462686567164 0.5179856115107915 0.17164179104477612 0.3597122302158273
13 0.8455223880597015 0.5899280575539568 0.11194029850746269 0.14388489208633093
11 0.8455223880597015 0.8057553956834532 0.11194029850746269 0.14388489208633093
6 0.6776119402985075 0.6798561151079137 0.029850746268656716 0.1079136690647482
1 0.544 0.5179856115107914 0.029850746268656716 0.1079136690647482
4 0.6171641791044775 0.697841726618705 0.029850746268656716 0.1079136690647482
3 0.46940298507462686 0.3021582733812951 0.029850746268656716 0.1079136690647482
5 0.4835820895522388 0.1402877697841728 0.029850746268656716 0.1079136690647482
5 0.7223880597014926 0.6798561151079137 0.029850746268656716 0.1079136690647482
0 0.6776119402985075 0.9100719424460432 0.014925373134328358 0.07194244604316546
0 0.9164179104477612 0.9460431654676259 0.014925373134328358 0.07194244604316546
