17 0.2243243243243243 0.16500000000000004 0.12612612612612611 0.175
11 0.8765765765765765 0.865 0.13513513513513514 0.1
11 0.6963963963963964 0.69 0.13513513513513514 0.1
14 0.21441441441441442 0.39 0.10810810810810811 0.075
11 0.8765765765765765 0.665 0.13513513513513514 0.1
6 0.36756756756756753 0.2775000000000001 0.036036036036036036 0.075
9 0.36756756756756753 0.4275 0.036036036036036036 0.075
1 0.49455855855855857 0.5900000000000001 0.036036036036036036 0.075
5 0.36756756756756753 0.5775 0.036036036036036036 0.075
5 0.4216216216216216 0.2775000000000001 0.036036036036036036 0.075
0 0.5117117117117117 0.725 0.018018018018018018 0.05
0 0.9621621621621621 0.9625 0.018018018018018018 0.05
0 0.9621621621621621 0.7625 0.018018018018018018 0.05
0 0.6198198198198198 0.7875 0.018018018018018018 0.05
