17 0.8639097744360903 0.41500000000000004 0.10526315789473684 0.175
12 0.37067669172932327 0.4650000000000001 0.11278195488721804 0.1
17 0.21729323308270676 0.5900000000000001 0.10526315789473684 0.175
17 0.8639097744360903 0.79 0.10526315789473684 0.175
12 0.22030075187969922 0.29000000000000004 0.11278195488721804 0.1
11 0.8969924812030075 0.09000000000000008 0.11278195488721804 0.1
11 0.7015037593984962 0.54 0.11278195488721804 0.1
6 0.48721804511278194 0.37750000000000006 0.03007518796992481 0.075
3 0.5481203007518798 0.515 0.03007518796992481 0.075
5 0.48721804511278194 0.6525 0.03007518796992481 0.075
0 0.9383458646616541 0.9625 0.015037593984962405 0.05
0 0.9383458646616541 0.5875 0.015037593984962405 0.05
0 0.15639097744360902 0.7625 0.015037593984962405 0.05
0 0.15639097744360902 0.38749999999999996 0.015037593984962405 0.05
0 0.9684210526315791 0.1875 0.015037593984962405 0.05
0 0.8330827067669173 0.1875 0.015037593984962405 0.05
