11 0.5649006622516556 0.3460721868365181 0.09933774834437085 0.16992353440951571
17 0.29735099337748344 0.4309978768577496 0.09271523178807947 0.2973661852166525
11 0.7105960264900663 0.3036093418259024 0.09933774834437085 0.16992353440951571
14 0.8198675496688742 0.3036093418259024 0.07947019867549669 0.1274426508071368
14 0.1576158940397351 0.8556263269639066 0.07947019867549669 0.1274426508071368
17 0.16490066225165562 0.4734607218683652 0.09271523178807947 0.2973661852166525
11 0.4324503311258278 0.3885350318471338 0.09933774834437085 0.16992353440951571
6 0.9258278145695364 0.2611464968152867 0.039735099337748346 0.08496176720475786
0 0.9721854304635762 0.4267515923566879 0.013245033112582781 0.08496176720475786
0 0.6543046357615894 0.4692144373673036 0.013245033112582781 0.08496176720475786
