15 0.7264462809917356 0.4363636363636364 0.09917355371900827 0.22727272727272727
12 0.8867768595041322 0.34545454545454557 0.12396694214876033 0.18181818181818182
13 0.3082644628099173 0.6181818181818182 0.12396694214876033 0.18181818181818182
11 0.3082644628099173 0.30000000000000004 0.12396694214876033 0.18181818181818182
6 0.43636363636363634 0.36818181818181817 0.03305785123966942 0.13636363636363635
10 0.568595041322314 0.36818181818181817 0.03305785123966942 0.13636363636363635
1 0.5843305785123967 0.709090909090909 0.03305785123966942 0.13636363636363635
3 0.503305785123967 0.709090909090909 0.03305785123966942 0.13636363636363635
0 0.5190082644628099 0.9318181818181819 0.01652892561983471 0.09090909090909091
0 0.965289256198347 0.5227272727272727 0.01652892561983471 0.09090909090909091
