16 0.4672199170124481 0.21111111111111114 0.19090305444887118 0.2777777777777778
12 0.1933609958506224 0.6277777777777778 0.12450199203187251 0.1111111111111111
16 0.4672199170124481 0.8222222222222222 0.19090305444887118 0.2777777777777778
15 0.43070539419087134 0.48888888888888893 0.099601593625498 0.1388888888888889
12 0.7576763485477178 0.15555555555555556 0.12450199203187251 0.1111111111111111
6 0.7203319502074689 0.7805555555555556 0.033200531208499334 0.08333333333333333
9 0.9029045643153527 0.7527777777777778 0.033200531208499334 0.08333333333333333
4 0.7360995850622406 0.40555555555555556 0.033200531208499334 0.08333333333333333
4 0.837344398340249 0.6277777777777778 0.033200531208499334 0.08333333333333333
5 0.8531120331950207 0.7527777777777778 0.033200531208499334 0.08333333333333333
0 0.9029045643153527 0.9027777777777778 0.016600265604249667 0.05555555555555555
0 0.7867219917012448 0.5138888888888888 0.016600265604249667 0.05555555555555555
0 0.5045643153526971 0.6111111111111112 0.016600265604249667 0.05555555555555555
0 0.8365145228215768 0.26388888888888884 0.016600265604249667 0.05555555555555555
