17 0.5138971023063277 0.45614035087719296 0.08280104092737166 0.30701754385964913
15 0.1413364872856298 0.631578947368421 0.07097232079488999 0.21929824561403508
11 0.6345357776463632 0.4122807017543859 0.0887154009936125 0.17543859649122806
15 0.7445298639858072 0.5 0.07097232079488999 0.21929824561403508
11 0.27971614429331754 0.631578947368421 0.0887154009936125 0.17543859649122806
11 0.3979893554109994 0.6754385964912281 0.0887154009936125 0.17543859649122806
9 0.9272619751626258 0.47807017543859653 0.02365744026496333 0.13157894736842105
10 0.8562980484920166 0.17105263157894746 0.02365744026496333 0.13157894736842105
10 0.8917800118273213 0.17105263157894746 0.02365744026496333 0.13157894736842105
10 0.8562980484920166 0.4342105263157895 0.02365744026496333 0.13157894736842105
0 0.9272619751626258 0.6710526315789473 0.011828720132481665 0.08771929824561403
0 0.7971614429331757 0.6929824561403508 0.011828720132481665 0.08771929824561403
0 0.22945002956830277 0.8026315789473684 0.011828720132481665 0.08771929824561403
