12 0.30096153846153845 0.8106508875739645 0.14423076923076922 0.11834319526627218
6 0.7 0.11538461538461553 0.038461538461538464 0.08875739644970414
10 0.5076923076923077 0.11538461538461553 0.038461538461538464 0.08875739644970414
10 0.5076923076923077 0.7662721893491125 0.038461538461538464 0.08875739644970414
2 0.4893846153846154 0.42603550295857995 0.038461538461538464 0.08875739644970414
4 0.6240384615384615 0.27810650887573973 0.038461538461538464 0.08875739644970414
4 0.8355769230769231 0.7810650887573964 0.038461538461538464 0.08875739644970414
5 0.7576923076923077 0.7662721893491125 0.038461538461538464 0.08875739644970414
0 0.7576923076923077 0.9260355029585798 0.019230769230769232 0.05917159763313609
0 0.8538461538461538 0.650887573964497 0.019230769230769232 0.05917159763313609
0 0.5653846153846154 0.5414201183431953 0.019230769230769232 0.05917159763313609
