14 0.08789808917197452 0.4714285714285714 0.07643312101910828 0.21428571428571427
11 0.9127388535031847 0.6142857142857143 0.09554140127388536 0.2857142857142857
14 0.4573248407643312 0.4714285714285714 0.07643312101910828 0.21428571428571427
11 0.3522292993630573 0.4714285714285714 0.09554140127388536 0.2857142857142857
15 0.21592356687898087 0.4 0.07643312101910828 0.35714285714285715
11 0.7598726114649681 0.5428571428571428 0.09554140127388536 0.2857142857142857
1 0.5777324840764331 0.6142857142857143 0.025477707006369428 0.21428571428571427
4 0.6299363057324842 0.6142857142857143 0.025477707006369428 0.21428571428571427
0 0.5401273885350318 0.8928571428571429 0.012738853503184714 0.14285714285714285
0 0.04331210191082802 0.7142857142857143 0.012738853503184714 0.14285714285714285
0 0.9732484076433122 0.8928571428571429 0.012738853503184714 0.14285714285714285
0 0.8585987261146497 0.8928571428571429 0.012738853503184714 0.14285714285714285
0 0.7057324840764331 0.8214285714285714 0.012738853503184714 0.14285714285714285
0 0.17070063694267518 0.7142857142857143 0.012738853503184714 0.14285714285714285
