11 0.31951219512195117 0.616580310880829 0.12195121951219512 0.20725388601036268
17 0.6414634146341464 0.616580310880829 0.11382113821138211 0.3626943005181347
14 0.14471544715447154 0.5647668393782384 0.0975609756097561 0.15544041450777202
16 0.8479674796747967 0.5129533678756477 0.18699186991869918 0.5181347150259067
1 0.4788292682926829 0.7202072538860104 0.032520325203252036 0.15544041450777202
4 0.4951219512195122 0.20207253886010368 0.032520325203252036 0.15544041450777202
0 0.4455284552845528 0.455958549222798 0.016260162601626018 0.10362694300518134
0 0.25040650406504067 0.8186528497409327 0.016260162601626018 0.10362694300518134
0 0.9658536585365853 0.8704663212435233 0.016260162601626018 0.10362694300518134
0 0.7544715447154471 0.8704663212435233 0.016260162601626018 0.10362694300518134
