15 0.47686567164179106 0.5047619047619047 0.08955223880597014 0.23809523809523808
13 0.8455223880597015 0.17142857142857149 0.11194029850746269 0.19047619047619047
15 0.8350746268656717 0.6476190476190475 0.08955223880597014 0.23809523809523808
11 0.11417910447761193 0.2666666666666667 0.11194029850746269 0.19047619047619047
16 0.6440298507462686 0.6476190476190475 0.17164179104477612 0.47619047619047616
1 0.3499701492537313 0.36190476190476184 0.029850746268656716 0.14285714285714285
4 0.23059701492537313 0.36190476190476184 0.029850746268656716 0.14285714285714285
5 0.28955223880597014 0.3380952380952381 0.029850746268656716 0.14285714285714285
0 0.3641791044776119 0.6190476190476191 0.014925373134328358 0.09523809523809523
0 0.9014925373134328 0.8571428571428572 0.014925373134328358 0.09523809523809523
0 0.9164179104477612 0.3571428571428571 0.014925373134328358 0.09523809523809523
0 0.050746268656716415 0.45238095238095233 0.014925373134328358 0.09523809523809523
