11 0.24526315789473685 0.28 0.15789473684210525 0.12307692307692308
17 0.8305263157894738 0.4953846153846154 0.14736842105263157 0.2153846153846154
15 0.5042105263157894 0.12615384615384617 0.12631578947368421 0.15384615384615385
11 0.8768421052631579 0.12615384615384617 0.15789473684210525 0.12307692307692308
12 0.5610526315789474 0.4953846153846154 0.15789473684210525 0.12307692307692308
10 0.8189473684210526 0.8338461538461539 0.06315789473684211 0.06153846153846154
0 0.8926315789473684 0.9538461538461538 0.021052631578947368 0.06153846153846154
0 0.9347368421052631 0.7076923076923076 0.021052631578947368 0.06153846153846154
0 0.5978947368421053 0.2615384615384615 0.021052631578947368 0.06153846153846154
0 0.7873684210526315 0.24615384615384617 0.021052631578947368 0.06153846153846154
0 0.47157894736842104 0.6153846153846154 0.021052631578947368 0.06153846153846154
