11 0.4785234899328859 0.2774193548387097 0.10067114093959731 0.12903225806451613
14 0.33422818791946307 0.1483870967741936 0.08053691275167785 0.0967741935483871
11 0.6395973154362415 0.3096774193548387 0.10067114093959731 0.12903225806451613
11 0.787248322147651 0.34193548387096784 0.10067114093959731 0.12903225806451613
11 0.3442953020134228 0.3096774193548387 0.10067114093959731 0.12903225806451613
16 0.17651006711409395 0.3096774193548387 0.15436241610738255 0.3225806451612903
11 0.9080536912751679 0.3096774193548387 0.10067114093959731 0.12903225806451613
9 0.8979865771812081 0.567741935483871 0.040268456375838924 0.06451612903225806
5 0.8979865771812081 0.8258064516129032 0.040268456375838924 0.06451612903225806
0 0.9449664429530202 0.9516129032258065 0.013422818791946308 0.06451612903225806
0 0.9449664429530202 0.6935483870967742 0.013422818791946308 0.06451612903225806
0 0.9718120805369128 0.4354838709677419 0.013422818791946308 0.06451612903225806
0 0.5825503355704698 0.4354838709677419 0.013422818791946308 0.06451612903225806
0 0.7302013422818792 0.467741935483871 0.013422818791946308 0.06451612903225806
0 0.09932885906040269 0.532258064516129 0.013422818791946308 0.06451612903225806
