11 0.7091743119266055 0.2628571428571428 0.13761467889908258 0.22857142857142856
11 0.4889908256880734 0.31999999999999995 0.13761467889908258 0.22857142857142856
14 0.8605504587155963 0.72 0.11009174311926606 0.17142857142857143
11 0.8743119266055046 0.20571428571428574 0.13761467889908258 0.22857142857142856
6 0.3192660550458715 0.4057142857142857 0.03669724770642202 0.17142857142857143
1 0.15324770642201835 0.3771428571428571 0.03669724770642202 0.17142857142857143
1 0.22840366972477064 0.3771428571428571 0.03669724770642202 0.17142857142857143
0 0.13577981651376148 0.6857142857142857 0.01834862385321101 0.11428571428571428
0 0.9431192660550458 0.9142857142857143 0.01834862385321101 0.11428571428571428
0 0.9614678899082568 0.4285714285714286 0.01834862385321101 0.11428571428571428
0 0.6311926605504586 0.48571428571428577 0.01834862385321101 0.11428571428571428
