13 0.9275132275132276 0.5037037037037038 0.07936507936507936 0.14814814814814814
16 0.24497354497354495 0.6148148148148148 0.12169312169312169 0.37037037037037035
17 0.12116402116402115 0.6888888888888889 0.07407407407407407 0.25925925925925924
11 0.8111111111111111 0.4666666666666667 0.07936507936507936 0.14814814814814814
16 0.6788359788359789 0.5037037037037038 0.12169312169312169 0.37037037037037035
10 0.491005291005291 0.33703703703703713 0.021164021164021163 0.1111111111111111
1 0.5550052910052911 0.7259259259259259 0.021164021164021163 0.1111111111111111
4 0.4481481481481481 0.5407407407407407 0.021164021164021163 0.1111111111111111
3 0.3634920634920634 0.5407407407407407 0.021164021164021163 0.1111111111111111
3 0.4068783068783069 0.31851851851851853 0.021164021164021163 0.1111111111111111
0 0.5227513227513227 0.8703703703703703 0.010582010582010581 0.07407407407407407
0 0.41693121693121693 0.15555555555555567 0.010582010582010581 0.07407407407407407
0 0.9777777777777779 0.6481481481481481 0.010582010582010581 0.07407407407407407
0 0.8825396825396826 0.6481481481481481 0.010582010582010581 0.07407407407407407
0 0.617989417989418 0.7592592592592593 0.010582010582010581 0.07407407407407407
0 0.07830687830687831 0.9444444444444444 0.010582010582010581 0.07407407407407407
