17 0.179136690647482 0.2774193548387097 0.10071942446043165 0.22580645161290322
13 0.18201438848920862 0.567741935483871 0.1079136690647482 0.12903225806451613
16 0.4913669064748201 0.6322580645161291 0.16546762589928057 0.3225806451612903
14 0.3151079136690647 0.6967741935483871 0.08633093525179857 0.0967741935483871
11 0.3258992805755396 0.503225806451613 0.1079136690647482 0.12903225806451613
11 0.9014388489208633 0.43870967741935485 0.1079136690647482 0.12903225806451613
6 0.7827338129496403 0.8741935483870967 0.02877697841726619 0.0967741935483871
2 0.7690359712230216 0.6967741935483871 0.02877697841726619 0.0967741935483871
4 0.7690647482014389 0.40645161290322585 0.02877697841726619 0.0967741935483871
3 0.6683453237410072 0.40645161290322585 0.02877697841726619 0.0967741935483871
0 0.7251798561151079 0.532258064516129 0.014388489208633094 0.06451612903225806
0 0.9697841726618706 0.564516129032258 0.014388489208633094 0.06451612903225806
