11 0.8787610619469026 0.5799373040752351 0.13274336283185842 0.12539184952978055
13 0.7017699115044248 0.6112852664576802 0.13274336283185842 0.12539184952978055
12 0.20619469026548673 0.7053291536050157 0.13274336283185842 0.12539184952978055
2 0.44870796460176987 0.768025078369906 0.035398230088495575 0.09404388714733543
1 0.5212035398230088 0.1410658307210031 0.035398230088495575 0.09404388714733543
2 0.44870796460176987 0.54858934169279 0.035398230088495575 0.09404388714733543
1 0.3779115044247787 0.768025078369906 0.035398230088495575 0.09404388714733543
0 0.3256637168141593 0.890282131661442 0.017699115044247787 0.06269592476489028
0 0.431858407079646 0.4106583072100314 0.017699115044247787 0.06269592476489028
0 0.5734513274336283 0.2633228840125391 0.017699115044247787 0.06269592476489028
0 0.9628318584070796 0.7021943573667712 0.017699115044247787 0.06269592476489028
0 0.13097345132743363 0.8275862068965517 0.017699115044247787 0.06269592476489028
