12 0.2627777777777778 0.19411764705882362 0.08333333333333333 0.11764705882352941
12 0.485 0.2529411764705882 0.08333333333333333 0.11764705882352941
11 0.3738888888888889 0.22352941176470598 0.08333333333333333 0.11764705882352941
17 0.6161111111111112 0.4 0.07777777777777778 0.20588235294117646
11 0.16277777777777777 0.22352941176470598 0.08333333333333333 0.11764705882352941
10 0.8155555555555556 0.41470588235294126 0.022222222222222223 0.08823529411764706
2 0.8594666666666667 0.7529411764705882 0.022222222222222223 0.08823529411764706
2 0.7716444444444446 0.7529411764705882 0.022222222222222223 0.08823529411764706
3 0.9161111111111111 0.7529411764705882 0.022222222222222223 0.08823529411764706
5 0.7266666666666667 0.4441176470588236 0.022222222222222223 0.08823529411764706
0 0.7822222222222223 0.9264705882352942 0.011111111111111112 0.058823529411764705
0 0.9266666666666667 0.5941176470588235 0.011111111111111112 0.058823529411764705
0 0.11555555555555556 0.3382352941176471 0.011111111111111112 0.058823529411764705
0 0.5711111111111111 0.6029411764705883 0.011111111111111112 0.058823529411764705
