14 0.21061946902654868 0.4 0.10619469026548672 0.10344827586206896
11 0.41858407079646015 0.29655172413793107 0.13274336283185842 0.13793103448275862
12 0.8787610619469026 0.5724137931034483 0.13274336283185842 0.13793103448275862
13 0.2238938053097345 0.19310344827586212 0.13274336283185842 0.13793103448275862
6 0.6973451327433628 0.5206896551724138 0.035398230088495575 0.10344827586206896
6 0.6442477876106194 0.34827586206896555 0.035398230088495575 0.10344827586206896
2 0.5726017699115044 0.7448275862068965 0.035398230088495575 0.10344827586206896
5 0.6973451327433628 0.7275862068965517 0.035398230088495575 0.10344827586206896
0 0.5557522123893806 0.9482758620689655 0.017699115044247787 0.06896551724137931
0 0.9628318584070796 0.7068965517241379 0.017699115044247787 0.06896551724137931
0 0.8035398230088495 0.7068965517241379 0.017699115044247787 0.06896551724137931
