12 0.8643564356435643 0.788235294117647 0.1485148514851485 0.1568627450980392
11 0.3693069306930693 0.6705882352941177 0.1485148514851485 0.1568627450980392
11 0.15148514851485148 0.43529411764705883 0.1485148514851485 0.1568627450980392
9 0.6217821782178218 0.33725490196078434 0.039603960396039604 0.11764705882352941
9 0.5227722772277228 0.7686274509803921 0.039603960396039604 0.11764705882352941
2 0.6029306930693069 0.7490196078431373 0.039603960396039604 0.11764705882352941
1 0.40491089108910894 0.2784313725490196 0.039603960396039604 0.11764705882352941
3 0.701980198019802 0.5529411764705883 0.039603960396039604 0.11764705882352941
3 0.30396039603960395 0.2784313725490196 0.039603960396039604 0.11764705882352941
0 0.2851485148514852 0.4509803921568627 0.019801980198019802 0.0784313725490196
0 0.2851485148514852 0.10588235294117654 0.019801980198019802 0.0784313725490196
0 0.9584158415841584 0.9411764705882353 0.019801980198019802 0.0784313725490196
0 0.2851485148514852 0.8235294117647058 0.019801980198019802 0.0784313725490196
0 0.06732673267326733 0.5882352941176471 0.019801980198019802 0.0784313725490196
