12 0.5588709677419355 0.42999999999999994 0.12096774193548387 0.2
11 0.3975806451612903 0.48 0.12096774193548387 0.2
11 0.2040322580645161 0.53 0.12096774193548387 0.2
6 0.667741935483871 0.2550000000000001 0.03225806451612903 0.15
6 0.7161290322580645 0.2550000000000001 0.03225806451612903 0.15
6 0.7645161290322581 0.2550000000000001 0.03225806451612903 0.15
9 0.7161290322580645 0.655 0.03225806451612903 0.15
1 0.8766451612903225 0.28 0.03225806451612903 0.15
5 0.8129032258064516 0.605 0.03225806451612903 0.15
0 0.8129032258064516 0.875 0.016129032258064516 0.1
0 0.3290322580645161 0.675 0.016129032258064516 0.1
