15 0.37266666666666665 0.7130044843049328 0.08 0.2242152466367713
11 0.24866666666666665 0.7130044843049328 0.1 0.17937219730941703
16 0.5353333333333333 0.6681614349775784 0.15333333333333332 0.4484304932735426
14 0.11866666666666667 0.6681614349775784 0.08 0.13452914798206278
6 0.832 0.600896860986547 0.02666666666666667 0.13452914798206278
9 0.6719999999999999 0.5560538116591929 0.02666666666666667 0.13452914798206278
1 0.7513599999999999 0.17488789237668168 0.02666666666666667 0.13452914798206278
1 0.8980266666666668 0.57847533632287 0.02666666666666667 0.13452914798206278
3 0.7260000000000001 0.57847533632287 0.02666666666666667 0.13452914798206278
0 0.832 0.8430493273542601 0.013333333333333334 0.08968609865470852
0 0.7919999999999999 0.34977578475336324 0.013333333333333334 0.08968609865470852
