13 0.37039999999999995 0.25555555555555554 0.12 0.2222222222222222
12 0.7303999999999999 0.42222222222222217 0.12 0.2222222222222222
11 0.5704 0.47777777777777775 0.12 0.2222222222222222
11 0.20239999999999997 0.7 0.12 0.2222222222222222
11 0.8904 0.20000000000000007 0.12 0.2222222222222222
9 0.3344 0.7 0.048 0.1111111111111111
1 0.885632 0.7 0.032 0.16666666666666666
0 0.9344 0.9166666666666666 0.016 0.1111111111111111
0 0.9663999999999999 0.41666666666666663 0.016 0.1111111111111111
0 0.3024 0.4722222222222222 0.016 0.1111111111111111
0 0.5024 0.6944444444444444 0.016 0.1111111111111111
