11 0.540566037735849 0.6105263157894736 0.14150943396226415 0.21052631578947367
14 0.5641509433962264 0.18947368421052635 0.11320754716981132 0.15789473684210525
17 0.14056603773584905 0.5052631578947369 0.1320754716981132 0.3684210526315789
11 0.3330188679245283 0.5578947368421052 0.14150943396226415 0.21052631578947367
11 0.7669811320754717 0.18947368421052635 0.14150943396226415 0.21052631578947367
1 0.8556981132075471 0.6105263157894736 0.03773584905660377 0.15789473684210525
3 0.7443396226415094 0.6105263157894736 0.03773584905660377 0.15789473684210525
0 0.7622641509433962 0.868421052631579 0.018867924528301886 0.10526315789473684
0 0.4981132075471698 0.368421052631579 0.018867924528301886 0.10526315789473684
0 0.06415094339622641 0.868421052631579 0.018867924528301886 0.10526315789473684
