12 0.7766917293233082 0.21904761904761916 0.11278195488721804 0.19047619047619047
14 0.9007518796992481 0.2666666666666667 0.09022556390977443 0.14285714285714285
11 0.1902255639097744 0.6 0.11278195488721804 0.19047619047619047
12 0.34060150375939846 0.5523809523809524 0.11278195488721804 0.19047619047619047
6 0.48721804511278194 0.3380952380952381 0.03007518796992481 0.14285714285714285
6 0.4421052631578947 0.6714285714285715 0.03007518796992481 0.14285714285714285
10 0.6526315789473685 0.3380952380952381 0.03007518796992481 0.14285714285714285
10 0.5323308270676691 0.6238095238095238 0.03007518796992481 0.14285714285714285
1 0.593203007518797 0.6476190476190475 0.03007518796992481 0.14285714285714285
0 0.5323308270676691 0.9285714285714286 0.015037593984962405 0.09523809523809523
0 0.9684210526315791 0.4285714285714286 0.015037593984962405 0.09523809523809523
