11 0.9011173184357543 0.4666666666666667 0.08379888268156424 0.14814814814814814
11 0.7223463687150838 0.5037037037037038 0.08379888268156424 0.14814814814814814
11 0.253072625698324 0.4666666666666667 0.08379888268156424 0.14814814814814814
16 0.3815642458100558 0.3925925925925926 0.12849162011173185 0.37037037037037035
17 0.10558659217877094 0.4666666666666667 0.0782122905027933 0.25925925925925924
13 0.923463687150838 0.13333333333333341 0.08379888268156424 0.14814814814814814
1 0.8094748603351957 0.5037037037037038 0.0223463687150838 0.1111111111111111
2 0.5067262569832401 0.4666666666666667 0.0223463687150838 0.1111111111111111
3 0.629608938547486 0.4666666666666667 0.0223463687150838 0.1111111111111111
3 0.5748603351955307 0.762962962962963 0.0223463687150838 0.1111111111111111
0 0.5854748603351955 0.9259259259259259 0.0111731843575419 0.07407407407407407
0 0.5407821229050279 0.6111111111111112 0.0111731843575419 0.07407407407407407
0 0.8201117318435754 0.6666666666666667 0.0111731843575419 0.07407407407407407
0 0.9541899441340783 0.6111111111111112 0.0111731843575419 0.07407407407407407
0 0.20558659217877093 0.6111111111111112 0.0111731843575419 0.07407407407407407
0 0.9765363128491621 0.2777777777777778 0.0111731843575419 0.07407407407407407
0 0.875977653631285 0.2777777777777778 0.0111731843575419 0.07407407407407407
