11 0.6429824561403509 0.7448275862068965 0.13157894736842105 0.13793103448275862
12 0.43245614035087715 0.43448275862068975 0.13157894736842105 0.13793103448275862
17 0.2535087719298246 0.46896551724137936 0.12280701754385964 0.2413793103448276
11 0.22192982456140348 0.1586206896551725 0.13157894736842105 0.13793103448275862
17 0.6043859649122808 0.43448275862068975 0.12280701754385964 0.2413793103448276
6 0.8842105263157894 0.693103448275862 0.03508771929824561 0.10344827586206896
6 0.8842105263157894 0.4862068965517242 0.03508771929824561 0.10344827586206896
3 0.8149122807017545 0.6758620689655173 0.03508771929824561 0.10344827586206896
0 0.5684210526315789 0.8793103448275862 0.017543859649122806 0.06896551724137931
0 0.1824561403508772 0.7068965517241379 0.017543859649122806 0.06896551724137931
