12 0.1403669724770642 0.2090909090909091 0.13761467889908258 0.18181818181818182
12 0.7275229357798165 0.34545454545454557 0.13761467889908258 0.18181818181818182
11 0.6908256880733945 0.7545454545454545 0.13761467889908258 0.18181818181818182
13 0.5073394495412844 0.8 0.13761467889908258 0.18181818181818182
11 0.3238532110091743 0.1636363636363637 0.13761467889908258 0.18181818181818182
12 0.3238532110091743 0.4363636363636364 0.13761467889908258 0.18181818181818182
6 0.8972477064220183 0.3909090909090909 0.05504587155963303 0.09090909090909091
10 0.8972477064220183 0.7545454545454545 0.05504587155963303 0.09090909090909091
3 0.4853211009174312 0.4363636363636364 0.03669724770642202 0.13636363636363635
0 0.9614678899082568 0.9318181818181819 0.01834862385321101 0.09090909090909091
0 0.9614678899082568 0.5681818181818181 0.01834862385321101 0.09090909090909091
0 0.6495412844036696 0.5227272727272727 0.01834862385321101 0.09090909090909091
0 0.06238532110091743 0.38636363636363635 0.01834862385321101 0.09090909090909091
