17 0.911904761904762 0.1404255319148936 0.1111111111111111 0.14893617021276595
11 0.21666666666666665 0.39574468085106385 0.11904761904761904 0.0851063829787234
14 0.6333333333333333 0.6510638297872341 0.09523809523809523 0.06382978723404255
17 0.8801587301587303 0.48085106382978726 0.1111111111111111 0.14893617021276595
11 0.6452380952380952 0.4170212765957447 0.11904761904761904 0.0851063829787234
15 0.4119047619047619 0.4382978723404256 0.09523809523809523 0.10638297872340426
6 0.8476190476190476 0.725531914893617 0.031746031746031744 0.06382978723404255
10 0.8476190476190476 0.9382978723404255 0.031746031746031744 0.06382978723404255
5 0.8952380952380952 0.725531914893617 0.031746031746031744 0.06382978723404255
0 0.8476190476190476 0.8404255319148937 0.015873015873015872 0.0425531914893617
0 0.9587301587301587 0.6276595744680851 0.015873015873015872 0.0425531914893617
0 0.8476190476190476 0.2872340425531915 0.015873015873015872 0.0425531914893617
0 0.1492063492063492 0.4787234042553191 0.015873015873015872 0.0425531914893617
0 0.4825396825396825 0.5319148936170213 0.015873015873015872 0.0425531914893617
0 0.3555555555555555 0.5319148936170213 0.015873015873015872 0.0425531914893617
