12 0.4606382978723404 0.2533333333333334 0.1595744680851064 0.13333333333333333
17 0.24361702127659574 0.28666666666666674 0.14893617021276595 0.23333333333333334
17 0.4563829787234042 0.72 0.14893617021276595 0.23333333333333334
14 0.44468085106382976 0.45333333333333337 0.1276595744680851 0.1
1 0.6265531914893617 0.4866666666666667 0.0425531914893617 0.1
3 0.7755319148936171 0.7866666666666666 0.0425531914893617 0.1
0 0.7957446808510638 0.9333333333333333 0.02127659574468085 0.06666666666666667
0 0.6893617021276596 0.6166666666666667 0.02127659574468085 0.06666666666666667
0 0.47659574468085103 0.95 0.02127659574468085 0.06666666666666667
0 0.1574468085106383 0.5166666666666666 0.02127659574468085 0.06666666666666667
