13 0.4606382978723404 0.22592592592592597 0.1595744680851064 0.14814814814814814
14 0.7638297872340425 0.8185185185185185 0.1276595744680851 0.1111111111111111
13 0.4606382978723404 0.4481481481481482 0.1595744680851064 0.14814814814814814
16 0.49255319148936166 0.7814814814814814 0.24468085106382978 0.37037037037037035
15 0.8074468085106383 0.1518518518518519 0.1276595744680851 0.18518518518518517
12 0.7797872340425531 0.48518518518518516 0.1595744680851064 0.14814814814814814
11 0.2478723404255319 0.7074074074074074 0.1595744680851064 0.14814814814814814
0 0.8595744680851064 0.9444444444444444 0.02127659574468085 0.07407407407407407
0 0.8808510638297872 0.6296296296296297 0.02127659574468085 0.07407407407407407
0 0.7319148936170212 0.31481481481481477 0.02127659574468085 0.07407407407407407
0 0.1574468085106383 0.8518518518518519 0.02127659574468085 0.07407407407407407
