17 0.5285714285714286 0.30000000000000004 0.11764705882352941 0.3181818181818182
16 0.7252100840336134 0.390909090909091 0.19327731092436976 0.45454545454545453
9 0.9058823529411765 0.3909090909090909 0.05042016806722689 0.09090909090909091
10 0.22521008403361345 0.36818181818181817 0.03361344537815126 0.13636363636363635
2 0.1571764705882353 0.5727272727272728 0.03361344537815126 0.13636363636363635
3 0.3941176470588235 0.5727272727272728 0.03361344537815126 0.13636363636363635
4 0.29327731092436976 0.5727272727272728 0.03361344537815126 0.13636363636363635
5 0.9058823529411765 0.7545454545454545 0.05042016806722689 0.09090909090909091
0 0.9647058823529412 0.9318181818181819 0.01680672268907563 0.09090909090909091
0 0.34285714285714286 0.8409090909090909 0.01680672268907563 0.09090909090909091
0 0.9647058823529412 0.5681818181818181 0.01680672268907563 0.09090909090909091
0 0.5445378151260504 0.6136363636363636 0.01680672268907563 0.09090909090909091
