12 0.30954356846473025 0.4307692307692308 0.12450199203187251 0.3076923076923077
11 0.12697095435684647 0.5076923076923077 0.12450199203187251 0.3076923076923077
11 0.7908713692946058 0.27692307692307694 0.12450199203187251 0.3076923076923077
13 0.6082987551867219 0.3538461538461538 0.12450199203187251 0.3076923076923077
10 0.9029045643153527 0.39230769230769225 0.033200531208499334 0.23076923076923078
1 0.43897095435684647 0.4307692307692308 0.033200531208499334 0.23076923076923078
0 0.45477178423236514 0.8461538461538461 0.016600265604249667 0.15384615384615385
0 0.23900414937759337 0.7307692307692308 0.016600265604249667 0.15384615384615385
0 0.056431535269709544 0.8076923076923077 0.016600265604249667 0.15384615384615385
0 0.7203319502074689 0.5769230769230769 0.016600265604249667 0.15384615384615385
0 0.537759336099585 0.6538461538461539 0.016600265604249667 0.15384615384615385
