11 0.7469798657718121 0.4490861618798955 0.10067114093959731 0.2089864158829676
17 0.22080536912751678 0.4490861618798955 0.09395973154362416 0.3657262277951933
11 0.35771812080536913 0.5013054830287206 0.10067114093959731 0.2089864158829676
14 0.09261744966442953 0.7101827676240209 0.08053691275167785 0.15673981191222572
13 0.4919463087248322 0.4490861618798955 0.10067114093959731 0.2089864158829676
14 0.6026845637583892 0.5013054830287206 0.08053691275167785 0.15673981191222572
14 0.34765100671140936 0.24020887728459517 0.08053691275167785 0.15673981191222572
13 0.9080536912751679 0.39686684073107037 0.10067114093959731 0.2089864158829676
4 0.8651006711409396 0.8668407310704961 0.026845637583892617 0.15673981191222572
0 0.04563758389261745 0.8877284595300261 0.013422818791946308 0.1044932079414838
0 0.9718120805369128 0.6005221932114881 0.013422818791946308 0.1044932079414838
0 0.851006711409396 0.6005221932114881 0.013422818791946308 0.1044932079414838
