11 0.30367647058823527 0.6350877192982456 0.11029411764705882 0.14035087719298245
14 0.5573529411764706 0.6 0.08823529411764706 0.10526315789473684
14 0.425 0.6701754385964912 0.08823529411764706 0.10526315789473684
13 0.14191176470588235 0.7052631578947368 0.11029411764705882 0.14035087719298245
11 0.5977941176470588 0.7403508771929824 0.11029411764705882 0.14035087719298245
10 0.711764705882353 0.5824561403508772 0.029411764705882353 0.10526315789473684
1 0.8889411764705882 0.24912280701754386 0.029411764705882353 0.10526315789473684
3 0.7698529411764705 0.24912280701754386 0.029411764705882353 0.10526315789473684
5 0.8294117647058823 0.5473684210526315 0.029411764705882353 0.10526315789473684
0 0.9029411764705882 0.4035087719298246 0.014705882352941176 0.07017543859649122
0 0.9029411764705882 0.09473684210526323 0.014705882352941176 0.07017543859649122
0 0.24117647058823527 0.7719298245614035 0.014705882352941176 0.07017543859649122
0 0.5352941176470588 0.8771929824561404 0.014705882352941176 0.07017543859649122
