15 0.6412844036697248 0.6203966005665722 0.11009174311926606 0.1417233560090703
11 0.8743119266055046 0.42209631728045327 0.13761467889908258 0.11337868480725624
11 0.17706422018348625 0.6487252124645893 0.13761467889908258 0.11337868480725624
12 0.8376146788990826 0.6770538243626062 0.13761467889908258 0.11337868480725624
9 0.3192660550458715 0.7195467422096318 0.03669724770642202 0.08503401360544217
9 0.4110091743119266 0.2662889518413597 0.03669724770642202 0.08503401360544217
9 0.3192660550458715 0.40793201133144474 0.03669724770642202 0.08503401360544217
9 0.4660550458715596 0.5495750708215297 0.03669724770642202 0.08503401360544217
10 0.5211009174311927 0.7195467422096318 0.03669724770642202 0.08503401360544217
4 0.39357798165137614 0.11048158640226624 0.03669724770642202 0.08503401360544217
0 0.3192660550458715 0.8725212464589235 0.01834862385321101 0.05668934240362812
0 0.9247706422018348 0.7875354107648725 0.01834862385321101 0.05668934240362812
0 0.9614678899082568 0.5325779036827195 0.01834862385321101 0.05668934240362812
0 0.7963302752293577 0.5325779036827195 0.01834862385321101 0.05668934240362812
