11 0.1410138248847926 0.6832504145936982 0.13827433628318583 0.13271400132714
11 0.5096774193548387 0.5174129353233832 0.13827433628318583 0.13271400132714
11 0.32534562211981566 0.6500829187396351 0.13827433628318583 0.13271400132714
11 0.7493087557603686 0.11940298507462688 0.13827433628318583 0.13271400132714
15 0.31244239631336407 0.4510779436152571 0.11061946902654868 0.16589250165892502
6 0.8921658986175115 0.4013266998341626 0.03687315634218289 0.099535500995355
10 0.6709677419354838 0.43449419568822556 0.03687315634218289 0.099535500995355
2 0.7455852534562212 0.7495854063018241 0.03687315634218289 0.099535500995355
4 0.8193548387096775 0.9154228855721392 0.03687315634218289 0.099535500995355
0 0.7631336405529954 0.6036484245439468 0.018436578171091445 0.06635700066357
0 0.06267281105990784 0.8126036484245439 0.018436578171091445 0.06635700066357
0 0.8368663594470046 0.24875621890547261 0.018436578171091445 0.06635700066357
0 0.6709677419354838 0.24875621890547261 0.018436578171091445 0.06635700066357
