11 0.1606896551724138 0.14400000000000002 0.10344827586206896 0.16
11 0.31241379310344825 0.3440000000000001 0.10344827586206896 0.16
11 0.1606896551724138 0.504 0.10344827586206896 0.16
17 0.6268965517241379 0.704 0.09655172413793103 0.28
13 0.9055172413793104 0.6639999999999999 0.10344827586206896 0.16
12 0.4779310344827586 0.544 0.10344827586206896 0.16
11 0.7537931034482759 0.704 0.10344827586206896 0.16
6 0.3779310344827586 0.604 0.027586206896551724 0.12
1 0.29451034482758615 0.584 0.027586206896551724 0.12
0 0.336551724137931 0.86 0.013793103448275862 0.08
0 0.10206896551724139 0.6599999999999999 0.013793103448275862 0.08
0 0.10206896551724139 0.30000000000000004 0.013793103448275862 0.08
0 0.9710344827586208 0.8200000000000001 0.013793103448275862 0.08
0 0.8468965517241379 0.8200000000000001 0.013793103448275862 0.08
