16 0.4089430894308943 0.64375 0.18699186991869918 0.3125
11 0.8886178861788617 0.675 0.12195121951219512 0.125
15 0.1943089430894309 0.33125000000000004 0.0975609756097561 0.15625
17 0.348780487804878 0.26875000000000004 0.11382113821138211 0.21875
6 0.5918699186991869 0.534375 0.032520325203252036 0.09375
6 0.640650406504065 0.753125 0.032520325203252036 0.09375
10 0.7219512195121951 0.565625 0.032520325203252036 0.09375
4 0.7065040650406504 0.76875 0.032520325203252036 0.09375
0 0.640650406504065 0.921875 0.016260162601626018 0.0625
0 0.3154471544715447 0.859375 0.016260162601626018 0.0625
0 0.9658536585365853 0.796875 0.016260162601626018 0.0625
0 0.8195121951219512 0.796875 0.016260162601626018 0.0625
