11 0.9068027210884354 0.3355555555555556 0.10204081632653061 0.08888888888888889
11 0.4714285714285714 0.5577777777777778 0.10204081632653061 0.08888888888888889
15 0.28503401360544217 0.6244444444444445 0.08163265306122448 0.1111111111111111
11 0.15850340136054422 0.6466666666666667 0.10204081632653061 0.08888888888888889
11 0.6210884353741496 0.5800000000000001 0.10204081632653061 0.08888888888888889
1 0.6034285714285714 0.35777777777777786 0.027210884353741496 0.06666666666666667
4 0.7680272108843538 0.35777777777777786 0.027210884353741496 0.06666666666666667
4 0.863265306122449 0.8688888888888888 0.027210884353741496 0.06666666666666667
4 0.6578231292517006 0.1577777777777778 0.027210884353741496 0.06666666666666667
3 0.7136054421768708 0.1577777777777778 0.027210884353741496 0.06666666666666667
0 0.8761904761904763 0.9666666666666667 0.013605442176870748 0.044444444444444446
0 0.8761904761904763 0.7711111111111111 0.013605442176870748 0.044444444444444446
0 0.563265306122449 0.4666666666666667 0.013605442176870748 0.044444444444444446
0 0.7265306122448979 0.06000000000000005 0.013605442176870748 0.044444444444444446
0 0.6448979591836734 0.06000000000000005 0.013605442176870748 0.044444444444444446
0 0.780952380952381 0.26 0.013605442176870748 0.044444444444444446
0 0.34557823129251697 0.7222222222222222 0.013605442176870748 0.044444444444444446
0 0.41360544217687073 0.6444444444444444 0.013605442176870748 0.044444444444444446
0 0.9714285714285715 0.4222222222222223 0.013605442176870748 0.044444444444444446
0 0.8489795918367347 0.4222222222222223 0.013605442176870748 0.044444444444444446
0 0.10068027210884355 0.7333333333333334 0.013605442176870748 0.044444444444444446
0 0.563265306122449 0.6666666666666667 0.013605442176870748 0.044444444444444446
