11 0.6339805825242718 0.25762711864406784 0.14563106796116504 0.13559322033898305
11 0.42038834951456305 0.46101694915254243 0.14563106796116504 0.13559322033898305
15 0.8145631067961165 0.8 0.11650485436893204 0.1694915254237288
17 0.18349514563106795 0.2915254237288136 0.13592233009708737 0.23728813559322035
11 0.8669902912621359 0.42711864406779665 0.14563106796116504 0.13559322033898305
11 0.6339805825242718 0.46101694915254243 0.14563106796116504 0.13559322033898305
10 0.21165048543689322 0.5627118644067797 0.05825242718446602 0.06779661016949153
0 0.14368932038834953 0.6949152542372881 0.019417475728155338 0.06779661016949153
0 0.9009708737864077 0.9491525423728814 0.019417475728155338 0.06779661016949153
0 0.9592233009708737 0.5593220338983051 0.019417475728155338 0.06779661016949153
0 0.7844660194174757 0.5593220338983051 0.019417475728155338 0.06779661016949153
