13 0.7867469879518072 0.09230769230769231 0.18072289156626506 0.10256410256410256
14 0.21445783132530122 0.8102564102564103 0.14457831325301204 0.07692307692307693
16 0.7746987951807228 0.4 0.27710843373493976 0.2564102564102564
9 0.4192771084337349 0.7717948717948717 0.04819277108433735 0.07692307692307693
10 0.4192771084337349 0.9 0.04819277108433735 0.07692307692307693
1 0.39633734939759035 0.4 0.04819277108433735 0.07692307692307693
4 0.516867469879518 0.5538461538461539 0.04819277108433735 0.07692307692307693
0 0.5397590361445783 0.6666666666666667 0.024096385542168676 0.05128205128205128
0 0.9493975903614458 0.5769230769230769 0.024096385542168676 0.05128205128205128
0 0.9012048192771084 0.1923076923076923 0.024096385542168676 0.05128205128205128
0 0.6843373493975903 0.1923076923076923 0.024096385542168676 0.05128205128205128
