15 0.7316945606694562 0.5571428571428572 0.06276150627615062 0.17857142857142858
17 0.8519874476987449 0.48571428571428577 0.07322175732217573 0.25
13 0.3519874476987448 0.7 0.07845188284518828 0.14285714285714285
12 0.22646443514644352 0.6642857142857143 0.07845188284518828 0.14285714285714285
16 0.36767782426778245 0.27142857142857146 0.1202928870292887 0.35714285714285715
13 0.12186192468619247 0.7 0.07845188284518828 0.14285714285714285
12 0.6344142259414227 0.5214285714285714 0.07845188284518828 0.14285714285714285
9 0.47489539748953974 0.5035714285714286 0.02092050209205021 0.10714285714285714
4 0.9356694560669457 0.48571428571428565 0.02092050209205021 0.10714285714285714
4 0.5162133891213389 0.48571428571428565 0.02092050209205021 0.10714285714285714
0 0.9456066945606696 0.6428571428571428 0.010460251046025104 0.07142857142857142
0 0.9456066945606696 0.3285714285714286 0.010460251046025104 0.07142857142857142
0 0.7782426778242679 0.7142857142857143 0.010460251046025104 0.07142857142857142
0 0.8619246861924688 0.7321428571428572 0.010460251046025104 0.07142857142857142
0 0.07740585774058578 0.8392857142857143 0.010460251046025104 0.07142857142857142
0 0.3075313807531381 0.8392857142857143 0.010460251046025104 0.07142857142857142
0 0.3075313807531381 0.5178571428571428 0.010460251046025104 0.07142857142857142
0 0.5899581589958159 0.6607142857142857 0.010460251046025104 0.07142857142857142
