17 0.27151898734177216 0.7103448275862069 0.08860759493670886 0.2413793103448276
11 0.5651898734177215 0.3655172413793104 0.0949367088607595 0.13793103448275862
12 0.4259493670886076 0.22758620689655173 0.0949367088607595 0.13793103448275862
17 0.4234177215189874 0.5379310344827587 0.08860759493670886 0.2413793103448276
11 0.14746835443037976 0.5379310344827586 0.0949367088607595 0.13793103448275862
14 0.289873417721519 0.3310344827586207 0.0759493670886076 0.10344827586206896
6 0.8151898734177216 0.2793103448275862 0.02531645569620253 0.10344827586206896
10 0.7772151898734178 0.31379310344827593 0.02531645569620253 0.10344827586206896
2 0.8664303797468356 0.29655172413793107 0.02531645569620253 0.10344827586206896
1 0.7006582278481013 0.29655172413793107 0.02531645569620253 0.10344827586206896
0 0.7392405063291139 0.5344827586206897 0.012658227848101266 0.06896551724137931
0 0.2835443037974683 0.9482758620689655 0.012658227848101266 0.06896551724137931
0 0.09367088607594937 0.6724137931034483 0.012658227848101266 0.06896551724137931
0 0.24556962025316453 0.4482758620689655 0.012658227848101266 0.06896551724137931
