11 0.6349056603773585 0.18400000000000005 0.14150943396226415 0.16
14 0.620754716981132 0.42399999999999993 0.11320754716981132 0.12
11 0.6726415094339623 0.624 0.14150943396226415 0.16
15 0.3009433962264151 0.30400000000000005 0.11320754716981132 0.2
16 0.380188679245283 0.6639999999999999 0.2169811320754717 0.4
9 0.8754716981132076 0.3640000000000001 0.03773584905660377 0.12
3 0.12169811320754717 0.6639999999999999 0.03773584905660377 0.12
5 0.8188679245283018 0.404 0.03773584905660377 0.12
0 0.06415094339622641 0.86 0.018867924528301886 0.08
0 0.5924528301886792 0.78 0.018867924528301886 0.08
0 0.27169811320754716 0.94 0.018867924528301886 0.08
