11 0.7601123595505619 0.5066666666666666 0.08426966292134831 0.26666666666666666
11 0.6252808988764045 0.43999999999999995 0.08426966292134831 0.26666666666666666
12 0.400561797752809 0.5733333333333333 0.08426966292134831 0.26666666666666666
16 0.2601123595505618 0.5066666666666666 0.12921348314606743 0.6666666666666666
13 0.13089887640449438 0.6399999999999999 0.08426966292134831 0.26666666666666666
11 0.5129213483146067 0.5066666666666666 0.08426966292134831 0.26666666666666666
4 0.9140449438202248 0.6399999999999999 0.02247191011235955 0.2
3 0.8578651685393259 0.6399999999999999 0.02247191011235955 0.2
0 0.7123595505617978 0.7666666666666666 0.011235955056179775 0.13333333333333333
0 0.08314606741573034 0.9 0.011235955056179775 0.13333333333333333
