11 0.6181159420289855 0.48750000000000004 0.10869565217391304 0.125
11 0.21231884057971012 0.58125 0.10869565217391304 0.125
16 0.23405797101449274 0.20625000000000004 0.16666666666666666 0.3125
16 0.4369565217391304 0.45625000000000004 0.16666666666666666 0.3125
6 0.8318840579710145 0.44062500000000004 0.028985507246376812 0.09375
10 0.7159420289855072 0.40937500000000004 0.028985507246376812 0.09375
1 0.7746086956521739 0.76875 0.028985507246376812 0.09375
4 0.8905797101449275 0.76875 0.028985507246376812 0.09375
0 0.7884057971014492 0.921875 0.014492753623188406 0.0625
0 0.9043478260869565 0.63125 0.014492753623188406 0.0625
0 0.15072463768115943 0.703125 0.014492753623188406 0.0625
0 0.15072463768115943 0.421875 0.014492753623188406 0.0625
