14 0.9055900621118013 0.744 0.07453416149068323 0.12
11 0.6664596273291925 0.504 0.09316770186335403 0.16
12 0.7906832298136647 0.46399999999999997 0.09316770186335403 0.16
17 0.9124223602484473 0.264 0.08695652173913043 0.28
11 0.18198757763975154 0.384 0.09316770186335403 0.16
1 0.37704347826086954 0.504 0.024844720496894408 0.12
4 0.3024844720496894 0.744 0.024844720496894408 0.12
3 0.5149068322981367 0.744 0.024844720496894408 0.12
3 0.44037267080745346 0.504 0.024844720496894408 0.12
5 0.563975155279503 0.484 0.024844720496894408 0.12
0 0.29068322981366457 0.94 0.012422360248447204 0.08
0 0.9614906832298137 0.88 0.012422360248447204 0.08
0 0.9739130434782609 0.54 0.012422360248447204 0.08
0 0.12919254658385093 0.54 0.012422360248447204 0.08
