13 0.3892288861689106 0.26206896551724146 0.18364348677766895 0.13793103448275862
14 0.591187270501836 0.29655172413793107 0.14691478942213515 0.10344827586206896
11 0.8298653610771113 0.12413793103448278 0.18364348677766895 0.13793103448275862
10 0.11383108935128519 0.38275862068965527 0.04897159647404505 0.10344827586206896
4 0.8004895960832313 0.43448275862068975 0.04897159647404505 0.10344827586206896
4 0.8494492044063648 0.7793103448275862 0.04897159647404505 0.10344827586206896
5 0.18727050183598531 0.34827586206896555 0.04897159647404505 0.10344827586206896
0 0.8237454100367196 0.5862068965517242 0.024485798237022526 0.06896551724137931
0 0.7747858017135862 0.9482758620689655 0.024485798237022526 0.06896551724137931
0 0.9461444308445531 0.2586206896551724 0.024485798237022526 0.06896551724137931
