11 0.6217201166180758 0.41081081081081083 0.10936132983377078 0.21621621621621623
13 0.47594752186588923 0.4648648648648649 0.10936132983377078 0.21621621621621623
15 0.15962099125364432 0.4648648648648649 0.08748906386701662 0.2702702702702703
15 0.3199708454810496 0.681081081081081 0.08748906386701662 0.2702702702702703
14 0.29008746355685133 0.3567567567567568 0.08748906386701662 0.16216216216216217
10 0.7492711370262392 0.27567567567567564 0.029163021289005542 0.16216216216216217
1 0.8374344023323615 0.6270270270270271 0.029163021289005542 0.16216216216216217
3 0.9103498542274053 0.3027027027027027 0.029163021289005542 0.16216216216216217
3 0.7631195335276968 0.6270270270270271 0.029163021289005542 0.16216216216216217
0 0.8513119533527698 0.8648648648648649 0.014581510644502771 0.10810810810810811
0 0.26822157434402333 0.9189189189189189 0.014581510644502771 0.10810810810810811
0 0.1078717201166181 0.7027027027027026 0.014581510644502771 0.10810810810810811
