11 0.9133459835547123 0.13846153846153852 0.09488866396761134 0.15384615384615385
15 0.1834282099936749 0.44615384615384623 0.07591093117408906 0.19230769230769232
16 0.5907653383934218 0.3307692307692308 0.14549595141700405 0.38461538461538464
17 0.3162555344718533 0.676923076923077 0.08856275303643725 0.2692307692307692
11 0.7741935483870969 0.523076923076923 0.09488866396761134 0.15384615384615385
11 0.5970904490828589 0.676923076923077 0.09488866396761134 0.15384615384615385
12 0.44528779253636946 0.6384615384615384 0.09488866396761134 0.15384615384615385
10 0.06261859582542695 0.31153846153846154 0.025303643724696356 0.11538461538461539
10 0.8848829854522455 0.4653846153846154 0.025303643724696356 0.11538461538461539
0 0.9734345351043644 0.28846153846153844 0.012651821862348178 0.07692307692307693
0 0.7204301075268817 0.6730769230769231 0.012651821862348178 0.07692307692307693
0 0.13851992409867175 0.6153846153846154 0.012651821862348178 0.07692307692307693
0 0.32827324478178366 0.9423076923076923 0.012651821862348178 0.07692307692307693
0 0.5433270082226439 0.8269230769230769 0.012651821862348178 0.07692307692307693
