15 0.7233128834355829 0.5037037037037038 0.0736196319018405 0.18518518518518517
11 0.38834355828220857 0.24444444444444446 0.09202453987730061 0.14814814814814814
11 0.25337423312883434 0.3555555555555556 0.09202453987730061 0.14814814814814814
16 0.885276073619632 0.3555555555555556 0.1411042944785276 0.37037037037037035
16 0.5785276073619632 0.5037037037037038 0.1411042944785276 0.37037037037037035
11 0.22883435582822084 0.13333333333333341 0.09202453987730061 0.14814814814814814
14 0.10920245398773007 0.1703703703703704 0.0736196319018405 0.1111111111111111
16 0.4067484662576687 0.5777777777777778 0.1411042944785276 0.37037037037037035
2 0.8521226993865032 0.8 0.024539877300613498 0.1111111111111111
0 0.8883435582822087 0.9444444444444444 0.012269938650306749 0.07407407407407407
0 0.9742331288343559 0.6111111111111112 0.012269938650306749 0.07407407407407407
0 0.20122699386503065 0.5 0.012269938650306749 0.07407407407407407
