11 0.20569105691056908 0.7121951219512195 0.12195121951219512 0.1951219512195122
15 0.38943089430894307 0.7121951219512195 0.0975609756097561 0.24390243902439024
11 0.8886178861788617 0.3219512195121951 0.12195121951219512 0.1951219512195122
12 0.36829268292682926 0.37073170731707317 0.12195121951219512 0.1951219512195122
6 0.5593495934959349 0.6390243902439023 0.032520325203252036 0.14634146341463414
2 0.639869918699187 0.37073170731707317 0.032520325203252036 0.14634146341463414
3 0.7065040650406504 0.6146341463414634 0.032520325203252036 0.14634146341463414
0 0.9658536585365853 0.5121951219512195 0.016260162601626018 0.0975609756097561
0 0.46178861788617886 0.926829268292683 0.016260162601626018 0.0975609756097561
0 0.3317073170731707 0.926829268292683 0.016260162601626018 0.0975609756097561
