17 0.32857142857142857 0.37058823529411766 0.08695652173913043 0.20588235294117646
11 0.45527950310559007 0.3411764705882353 0.09316770186335403 0.11764705882352941
11 0.8031055900621119 0.6352941176470588 0.09316770186335403 0.11764705882352941
11 0.9149068322981367 0.6058823529411765 0.09316770186335403 0.11764705882352941
16 0.17577639751552793 0.22352941176470598 0.14285714285714285 0.29411764705882354
1 0.5758012422360248 0.4 0.024844720496894408 0.08823529411764706
1 0.5758012422360248 0.8411764705882353 0.024844720496894408 0.08823529411764706
2 0.5758012422360248 0.6647058823529411 0.024844720496894408 0.08823529411764706
4 0.6515527950310559 0.4 0.024844720496894408 0.08823529411764706
5 0.7006211180124223 0.41470588235294126 0.024844720496894408 0.08823529411764706
0 0.613664596273292 0.9558823529411765 0.012422360248447204 0.058823529411764705
0 0.7006211180124223 0.5441176470588236 0.012422360248447204 0.058823529411764705
0 0.9739130434782609 0.7205882352941176 0.012422360248447204 0.058823529411764705
