12 0.5058394160583941 0.608 0.10948905109489052 0.32
11 0.3598540145985401 0.688 0.10948905109489052 0.32
11 0.6664233576642336 0.528 0.10948905109489052 0.32
15 0.9043795620437957 0.528 0.08759124087591241 0.4
2 0.22551824817518248 0.528 0.029197080291970802 0.24
2 0.7802627737226278 0.528 0.029197080291970802 0.24
0 0.16642335766423358 0.84 0.014598540145985401 0.16
0 0.7941605839416058 0.88 0.014598540145985401 0.16
0 0.6043795620437956 0.84 0.014598540145985401 0.16
0 0.9693430656934308 0.88 0.014598540145985401 0.16
0 0.8525547445255475 0.88 0.014598540145985401 0.16
