12 0.7993273542600896 0.39375000000000004 0.1681614349775785 0.125
16 0.45179372197309414 0.7375 0.257847533632287 0.3125
12 0.8441704035874439 0.11250000000000004 0.1681614349775785 0.125
14 0.19955156950672645 0.675 0.13452914798206278 0.09375
16 0.49663677130044837 0.26875000000000004 0.257847533632287 0.3125
1 0.7702242152466366 0.675 0.04484304932735426 0.09375
4 0.8621076233183856 0.675 0.04484304932735426 0.09375
0 0.905829596412556 0.515625 0.02242152466367713 0.0625
0 0.3677130044843049 0.484375 0.02242152466367713 0.0625
0 0.9506726457399103 0.234375 0.02242152466367713 0.0625
0 0.7488789237668161 0.234375 0.02242152466367713 0.0625
