15 0.6359575656058069 0.3314285714285715 0.06700915791824882 0.14285714285714285
11 0.4316024567280849 0.3314285714285715 0.08376144739781104 0.11428571428571428
17 0.2283640424343942 0.6171428571428572 0.07817735090462363 0.2
15 0.12227805695142378 0.7885714285714286 0.06700915791824882 0.14285714285714285
16 0.26968174204355105 0.1885714285714286 0.12843421934331026 0.2857142857142857
16 0.7721943048576215 0.2171428571428572 0.12843421934331026 0.2857142857142857
11 0.5432719151312116 0.30285714285714294 0.08376144739781104 0.11428571428571428
6 0.8978224455611391 0.11714285714285722 0.02233638597274961 0.08571428571428572
9 0.9313232830820771 0.11714285714285722 0.02233638597274961 0.08571428571428572
0 0.0826353992183138 0.9142857142857143 0.011168192986374805 0.05714285714285714
0 0.384142936906756 0.44285714285714284 0.011168192986374805 0.05714285714285714
0 0.2054718034617532 0.3857142857142857 0.011168192986374805 0.05714285714285714
