12 0.9041958041958043 0.32999999999999996 0.1048951048951049 0.2
11 0.1769230769230769 0.83 0.1048951048951049 0.2
12 0.7643356643356644 0.38 0.1048951048951049 0.2
12 0.6104895104895105 0.32999999999999996 0.1048951048951049 0.2
3 0.29860139860139856 0.38 0.027972027972027972 0.15
4 0.29860139860139856 0.6799999999999999 0.027972027972027972 0.15
3 0.48181818181818187 0.38 0.027972027972027972 0.15
4 0.4258741258741259 0.6799999999999999 0.027972027972027972 0.15
3 0.36993006993006994 0.6799999999999999 0.027972027972027972 0.15
0 0.9706293706293707 0.525 0.013986013986013986 0.1
0 0.7048951048951049 0.575 0.013986013986013986 0.1
