14 0.20537560303239144 0.48461538461538456 0.0827129859387924 0.11538461538461539
17 0.40592694693314957 0.4076923076923078 0.09649848359525778 0.2692307692307692
16 0.23638869745003444 0.7923076923076923 0.15853322304935208 0.38461538461538464
12 0.7257064093728464 0.2923076923076924 0.10339123242349049 0.15384615384615385
6 0.8325292901447278 0.3884615384615385 0.027570995312930797 0.11538461538461539
6 0.5017229496898691 0.3500000000000001 0.027570995312930797 0.11538461538461539
9 0.8738800827015852 0.3500000000000001 0.027570995312930797 0.11538461538461539
4 0.5851137146795314 0.3307692307692308 0.027570995312930797 0.11538461538461539
5 0.9152308752584426 0.3884615384615385 0.027570995312930797 0.11538461538461539
0 0.8738800827015851 0.5961538461538461 0.013785497656465398 0.07692307692307693
0 0.5430737422467264 0.5576923076923077 0.013785497656465398 0.07692307692307693
0 0.6671261199172984 0.4423076923076923 0.013785497656465398 0.07692307692307693
