12 0.1806201550387597 0.6518518518518519 0.11627906976744186 0.14814814814814814
13 0.5372093023255814 0.7259259259259259 0.11627906976744186 0.14814814814814814
14 0.8821705426356589 0.7259259259259259 0.09302325581395349 0.1111111111111111
12 0.8937984496124031 0.3925925925925926 0.11627906976744186 0.14814814814814814
11 0.5062015503875968 0.1703703703703704 0.11627906976744186 0.14814814814814814
17 0.3325581395348837 0.4666666666666667 0.10852713178294573 0.25925925925925924
11 0.5372093023255814 0.3925925925925926 0.11627906976744186 0.14814814814814814
1 0.6721240310077519 0.3555555555555556 0.031007751937984496 0.1111111111111111
1 0.7511317829457365 0.3555555555555556 0.031007751937984496 0.1111111111111111
0 0.6573643410852713 0.5555555555555556 0.015503875968992248 0.07407407407407407
0 0.951937984496124 0.8518518518518519 0.015503875968992248 0.07407407407407407
0 0.9674418604651163 0.537037037037037 0.015503875968992248 0.07407407407407407
0 0.11472868217054265 0.7962962962962963 0.015503875968992248 0.07407407407407407
0 0.47131782945736433 0.8703703703703703 0.015503875968992248 0.07407407407407407
0 0.47131782945736433 0.537037037037037 0.015503875968992248 0.07407407407407407
