11 0.1902255639097744 0.45882352941176474 0.11278195488721804 0.11764705882352941
12 0.8969924812030075 0.10588235294117654 0.11278195488721804 0.11764705882352941
17 0.8639097744360903 0.45882352941176474 0.10526315789473684 0.20588235294117646
17 0.3526315789473684 0.45882352941176474 0.10526315789473684 0.20588235294117646
13 0.5210526315789473 0.4294117647058824 0.11278195488721804 0.11764705882352941
6 0.6225563909774436 0.3852941176470589 0.03007518796992481 0.08823529411764706
2 0.8624360902255639 0.8117647058823529 0.03007518796992481 0.08823529411764706
4 0.681954887218045 0.22352941176470598 0.03007518796992481 0.08823529411764706
5 0.7428571428571429 0.35588235294117654 0.03007518796992481 0.08823529411764706
0 0.8481203007518797 0.9558823529411765 0.015037593984962405 0.058823529411764705
0 0.7428571428571429 0.5147058823529411 0.015037593984962405 0.058823529411764705
0 0.9383458646616541 0.6617647058823529 0.015037593984962405 0.058823529411764705
0 0.9684210526315791 0.22058823529411764 0.015037593984962405 0.058823529411764705
0 0.8330827067669173 0.22058823529411764 0.015037593984962405 0.058823529411764705
0 0.29172932330827067 0.6617647058823529 0.015037593984962405 0.058823529411764705
0 0.45714285714285713 0.5441176470588236 0.015037593984962405 0.058823529411764705
