11 0.8757875787578758 0.2947368421052632 0.13503781058696435 0.21052631578947367
11 0.3357335733573357 0.34736842105263155 0.13503781058696435 0.21052631578947367
11 0.6957695769576958 0.34736842105263155 0.13503781058696435 0.21052631578947367
11 0.5157515751575158 0.4 0.13503781058696435 0.21052631578947367
9 0.8352835283528353 0.5842105263157895 0.036010082823190494 0.15789473684210525
9 0.18721872187218724 0.32105263157894737 0.036010082823190494 0.15789473684210525
10 0.13321332133213323 0.32105263157894737 0.036010082823190494 0.15789473684210525
5 0.8892889288928894 0.6368421052631579 0.036010082823190494 0.15789473684210525
0 0.8352835283528353 0.9210526315789473 0.018005041411595247 0.10526315789473684
0 0.13321332133213323 0.5526315789473684 0.018005041411595247 0.10526315789473684
