14 0.09928057553956834 0.46896551724137936 0.08633093525179857 0.10344827586206896
16 0.8654676258992806 0.3655172413793104 0.16546762589928057 0.3448275862068966
13 0.4122302158273381 0.46896551724137936 0.1079136690647482 0.13793103448275862
11 0.3834532374100719 0.26206896551724146 0.1079136690647482 0.13793103448275862
17 0.2223021582733813 0.29655172413793107 0.10071942446043165 0.2413793103448276
6 0.7395683453237409 0.38275862068965527 0.02877697841726619 0.10344827586206896
6 0.5237410071942445 0.796551724137931 0.02877697841726619 0.10344827586206896
6 0.5669064748201439 0.4172413793103449 0.02877697841726619 0.10344827586206896
1 0.682705035971223 0.6068965517241379 0.02877697841726619 0.10344827586206896
2 0.6237697841726618 0.6068965517241379 0.02877697841726619 0.10344827586206896
0 0.5237410071942445 0.9482758620689655 0.014388489208633094 0.06896551724137931
0 0.9697841726618706 0.603448275862069 0.014388489208633094 0.06896551724137931
0 0.04892086330935252 0.5862068965517242 0.014388489208633094 0.06896551724137931
0 0.35107913669064744 0.603448275862069 0.014388489208633094 0.06896551724137931
