14 0.46379310344827585 0.5249999999999999 0.10344827586206896 0.125
12 0.3043103448275862 0.31666666666666676 0.12931034482758622 0.16666666666666666
11 0.13189655172413792 0.275 0.12931034482758622 0.16666666666666666
12 0.47672413793103446 0.275 0.12931034482758622 0.16666666666666666
9 0.593103448275862 0.6291666666666667 0.034482758620689655 0.125
1 0.662896551724138 0.6083333333333334 0.034482758620689655 0.125
4 0.7301724137931034 0.6083333333333334 0.034482758620689655 0.125
4 0.8181034482758621 0.6083333333333334 0.034482758620689655 0.125
5 0.8344827586206897 0.21250000000000002 0.034482758620689655 0.125
0 0.593103448275862 0.8958333333333334 0.017241379310344827 0.08333333333333333
0 0.7137931034482758 0.42499999999999993 0.017241379310344827 0.08333333333333333
0 0.05862068965517241 0.4375 0.017241379310344827 0.08333333333333333
