17 0.34233576642335767 0.30285714285714294 0.10218978102189781 0.2
11 0.754014598540146 0.3314285714285715 0.10948905109489052 0.11428571428571428
14 0.6116788321167883 0.36 0.08759124087591241 0.08571428571428572
15 0.17445255474452553 0.16000000000000003 0.08759124087591241 0.14285714285714285
15 0.17445255474452553 0.44571428571428573 0.08759124087591241 0.14285714285714285
12 0.4912408759124087 0.3314285714285715 0.10948905109489052 0.11428571428571428
17 0.897080291970803 0.4742857142857143 0.10218978102189781 0.2
4 0.8824817518248176 0.8171428571428572 0.029197080291970802 0.08571428571428572
0 0.8963503649635036 0.9428571428571428 0.014598540145985401 0.05714285714285714
0 0.9693430656934308 0.6714285714285715 0.014598540145985401 0.05714285714285714
0 0.23941605839416055 0.5714285714285714 0.014598540145985401 0.05714285714285714
0 0.23941605839416055 0.2857142857142857 0.014598540145985401 0.05714285714285714
0 0.35620437956204376 0.5 0.014598540145985401 0.05714285714285714
