15 0.4093625498007968 0.25384615384615394 0.11952191235059761 0.19230769230769232
14 0.149402390438247 0.4076923076923078 0.11952191235059761 0.11538461538461539
15 0.6085657370517928 0.5615384615384615 0.11952191235059761 0.19230769230769232
13 0.3834661354581673 0.6 0.14940239043824702 0.15384615384615385
11 0.6623505976095617 0.17692307692307696 0.14940239043824702 0.15384615384615385
9 0.8167330677290836 0.23461538461538467 0.0398406374501992 0.11538461538461539
2 0.09864541832669323 0.7153846153846154 0.0398406374501992 0.11538461538461539
2 0.8774501992031872 0.6384615384615384 0.0398406374501992 0.11538461538461539
5 0.21912350597609562 0.7346153846153847 0.0398406374501992 0.11538461538461539
0 0.1593625498007968 0.9423076923076923 0.0199203187250996 0.07692307692307693
0 0.8167330677290836 0.8653846153846154 0.0199203187250996 0.07692307692307693
0 0.3386454183266932 0.42307692307692313 0.0199203187250996 0.07692307692307693
0 0.0796812749003984 0.5384615384615384 0.0199203187250996 0.07692307692307693
0 0.5776892430278884 0.32692307692307687 0.0199203187250996 0.07692307692307693
