11 0.7782608695652175 0.31999999999999995 0.09316770186335403 0.22857142857142856
15 0.3099378881987578 0.6628571428571428 0.07453416149068323 0.2857142857142857
15 0.5335403726708075 0.4342857142857143 0.07453416149068323 0.2857142857142857
11 0.4304347826086956 0.49142857142857144 0.09316770186335403 0.22857142857142856
11 0.6540372670807453 0.2628571428571428 0.09316770186335403 0.22857142857142856
12 0.9149068322981367 0.2628571428571428 0.09316770186335403 0.22857142857142856
6 0.12919254658385093 0.46285714285714286 0.024844720496894408 0.17142857142857143
6 0.09192546583850932 0.4057142857142857 0.024844720496894408 0.17142857142857143
2 0.19190062111801243 0.4342857142857143 0.024844720496894408 0.17142857142857143
0 0.09192546583850932 0.7714285714285715 0.012422360248447204 0.11428571428571428
0 0.26583850931677017 0.9142857142857143 0.012422360248447204 0.11428571428571428
0 0.9739130434782609 0.48571428571428577 0.012422360248447204 0.11428571428571428
0 0.8621118012422361 0.48571428571428577 0.012422360248447204 0.11428571428571428
