12 0.5746376811594203 0.504 0.10869565217391304 0.16
13 0.5456521739130434 0.864 0.10869565217391304 0.16
16 0.20507246376811591 0.3440000000000001 0.16666666666666666 0.4
17 0.3978260869565217 0.544 0.10144927536231885 0.28
9 0.8608695652173913 0.524 0.028985507246376812 0.12
1 0.7297391304347826 0.544 0.028985507246376812 0.12
4 0.8036231884057972 0.544 0.028985507246376812 0.12
5 0.9043478260869565 0.5640000000000001 0.028985507246376812 0.12
0 0.8608695652173913 0.8200000000000001 0.014492753623188406 0.08
0 0.5130434782608695 0.6599999999999999 0.014492753623188406 0.08
