11 0.2525862068965517 0.1483870967741936 0.12931034482758622 0.12903225806451613
11 0.6146551724137931 0.3096774193548387 0.12931034482758622 0.12903225806451613
11 0.21810344827586203 0.43870967741935485 0.12931034482758622 0.12903225806451613
11 0.4422413793103448 0.2774193548387097 0.12931034482758622 0.12903225806451613
10 0.7827586206896552 0.48709677419354847 0.034482758620689655 0.0967741935483871
1 0.8697931034482759 0.6967741935483871 0.034482758620689655 0.0967741935483871
2 0.7991724137931034 0.3096774193548387 0.034482758620689655 0.0967741935483871
5 0.7827586206896552 0.8741935483870967 0.034482758620689655 0.0967741935483871
0 0.7827586206896552 0.16774193548387106 0.017241379310344827 0.06451612903225806
0 0.1793103448275862 0.27419354838709675 0.017241379310344827 0.06451612903225806
