11 0.3839285714285714 0.49189189189189186 0.12175324675324675 0.21621621621621623
15 0.6647727272727273 0.49189189189189186 0.09740259740259741 0.2702702702702703
16 0.18100649350649348 0.5459459459459459 0.18668831168831168 0.5405405405405406
6 0.8181818181818181 0.3567567567567568 0.032467532467532464 0.16216216216216217
2 0.508961038961039 0.38378378378378375 0.032467532467532464 0.16216216216216217
3 0.9001623376623377 0.3297297297297297 0.032467532467532464 0.16216216216216217
5 0.8181818181818181 0.681081081081081 0.032467532467532464 0.16216216216216217
0 0.49350649350649345 0.1459459459459459 0.016233766233766232 0.10810810810810811
0 0.8181818181818181 0.9189189189189189 0.016233766233766232 0.10810810810810811
0 0.737012987012987 0.7297297297297297 0.016233766233766232 0.10810810810810811
0 0.6071428571428571 0.7297297297297297 0.016233766233766232 0.10810810810810811
