17 0.3704620462046204 0.5222222222222223 0.11551155115511551 0.25925925925925924
12 0.5387788778877888 0.5592592592592592 0.12376237623762376 0.14814814814814814
15 0.1806930693069307 0.7814814814814814 0.09900990099009901 0.18518518518518517
1 0.7153795379537953 0.6703703703703703 0.033003300330033 0.1111111111111111
2 0.815973597359736 0.48518518518518516 0.033003300330033 0.1111111111111111
2 0.815973597359736 0.26296296296296306 0.033003300330033 0.1111111111111111
3 0.8985148514851485 0.26296296296296306 0.033003300330033 0.1111111111111111
0 0.7656765676567656 0.8148148148148149 0.0165016501650165 0.07407407407407407
0 0.8316831683168316 0.10000000000000009 0.0165016501650165 0.07407407407407407
0 0.3036303630363036 0.7777777777777778 0.0165016501650165 0.07407407407407407
0 0.12211221122112212 0.9444444444444444 0.0165016501650165 0.07407407407407407
