12 0.5638461538461538 0.2923076923076924 0.11538461538461539 0.15384615384615385
14 0.2292307692307692 0.4076923076923078 0.09230769230769231 0.11538461538461539
17 0.3915384615384615 0.7153846153846154 0.1076923076923077 0.2692307692307692
11 0.24076923076923074 0.6 0.11538461538461539 0.15384615384615385
16 0.5869230769230769 0.6384615384615384 0.17692307692307693 0.38461538461538464
9 0.8215384615384616 0.3500000000000001 0.03076923076923077 0.11538461538461539
1 0.7453538461538461 0.17692307692307696 0.03076923076923077 0.11538461538461539
2 0.8838153846153847 0.6 0.03076923076923077 0.11538461538461539
5 0.8215384615384616 0.5807692307692307 0.03076923076923077 0.11538461538461539
0 0.8984615384615384 0.7692307692307692 0.015384615384615385 0.07692307692307693
