17 0.4597883597883598 0.6058823529411765 0.07407407407407407 0.20588235294117646
13 0.6841269841269841 0.5470588235294118 0.07936507936507936 0.11764705882352941
17 0.353968253968254 0.7529411764705882 0.07407407407407407 0.20588235294117646
12 0.23968253968253966 0.6058823529411765 0.07936507936507936 0.11764705882352941
12 0.12328042328042328 0.5764705882352942 0.07936507936507936 0.11764705882352941
12 0.5677248677248677 0.5764705882352942 0.07936507936507936 0.11764705882352941
17 0.9253968253968254 0.19411764705882362 0.07407407407407407 0.20588235294117646
12 0.9063492063492065 0.5470588235294118 0.07936507936507936 0.11764705882352941
11 0.8005291005291005 0.5764705882352942 0.07936507936507936 0.11764705882352941
0 0.9566137566137567 0.6617647058823529 0.010582010582010581 0.058823529411764705
0 0.9777777777777779 0.3970588235294118 0.010582010582010581 0.058823529411764705
0 0.8825396825396826 0.3970588235294118 0.010582010582010581 0.058823529411764705
0 0.3111111111111111 0.9558823529411765 0.010582010582010581 0.058823529411764705
0 0.6391534391534391 0.6617647058823529 0.010582010582010581 0.058823529411764705
0 0.07830687830687831 0.6911764705882353 0.010582010582010581 0.058823529411764705
0 0.1947089947089947 0.7205882352941176 0.010582010582010581 0.058823529411764705
0 0.7555555555555556 0.6911764705882353 0.010582010582010581 0.058823529411764705
