14 0.6806201550387597 0.264 0.09302325581395349 0.12
11 0.3511627906976744 0.6639999999999999 0.11627906976744186 0.16
12 0.8937984496124031 0.14400000000000002 0.11627906976744186 0.16
15 0.49534883720930234 0.6639999999999999 0.09302325581395349 0.2
11 0.7232558139534884 0.46399999999999997 0.11627906976744186 0.16
12 0.5372093023255814 0.264 0.11627906976744186 0.16
12 0.19612403100775191 0.704 0.11627906976744186 0.16
12 0.8937984496124031 0.504 0.11627906976744186 0.16
1 0.8751627906976744 0.864 0.031007751937984496 0.12
0 0.9674418604651163 0.6599999999999999 0.015503875968992248 0.08
0 0.9674418604651163 0.30000000000000004 0.015503875968992248 0.08
0 0.5643410852713178 0.84 0.015503875968992248 0.08
0 0.47131782945736433 0.42000000000000004 0.015503875968992248 0.08
0 0.6573643410852713 0.62 0.015503875968992248 0.08
