11 0.7929999999999999 0.82 0.15 0.13333333333333333
13 0.25299999999999995 0.28666666666666674 0.15 0.13333333333333333
11 0.7929999999999999 0.52 0.15 0.13333333333333333
17 0.7490000000000001 0.22000000000000008 0.14 0.23333333333333334
2 0.46896 0.32000000000000006 0.04 0.1
4 0.5489999999999999 0.52 0.04 0.1
5 0.38799999999999996 0.33666666666666667 0.04 0.1
0 0.568 0.6666666666666667 0.02 0.06666666666666667
0 0.708 0.95 0.02 0.06666666666666667
0 0.888 0.65 0.02 0.06666666666666667
0 0.708 0.65 0.02 0.06666666666666667
