11 0.2972972972972973 0.773109243697479 0.09429218003520241 0.16806722689075632
15 0.41420490257699566 0.6890756302521008 0.07543374402816193 0.21008403361344538
11 0.5612822124450031 0.6050420168067228 0.09429218003520241 0.16806722689075632
11 0.6869893148962917 0.5630252100840336 0.09429218003520241 0.16806722689075632
12 0.15901948460087995 0.73109243697479 0.09429218003520241 0.16806722689075632
10 0.9226901319924576 0.20588235294117652 0.025144581342720643 0.12605042016806722
10 0.7844123192960403 0.16386554621848748 0.025144581342720643 0.12605042016806722
10 0.8849780012570712 0.20588235294117652 0.025144581342720643 0.12605042016806722
1 0.8352985543683219 0.6470588235294117 0.025144581342720643 0.12605042016806722
0 0.7844123192960403 0.39075630252100846 0.012572290671360321 0.08403361344537816
0 0.24387177875549967 0.9369747899159664 0.012572290671360321 0.08403361344537816
