16 0.5663109756097561 0.5333333333333334 0.17535834095760902 0.30303030303030304
16 0.21570121951219512 0.806060606060606 0.17535834095760902 0.30303030303030304
11 0.7873475609756098 0.25454545454545463 0.11436413540713632 0.12121212121212122
12 0.40625 0.593939393939394 0.11436413540713632 0.12121212121212122
6 0.1585365853658537 0.42727272727272736 0.030497102775236352 0.09090909090909091
6 0.8445121951219513 0.5181818181818183 0.030497102775236352 0.09090909090909091
1 0.9062195121951221 0.5333333333333333 0.030497102775236352 0.09090909090909091
1 0.7523170731707317 0.5333333333333333 0.030497102775236352 0.09090909090909091
2 0.1730487804878049 0.1393939393939394 0.030497102775236352 0.09090909090909091
0 0.1585365853658537 0.5606060606060606 0.015248551387618176 0.06060606060606061
0 0.21951219512195125 0.25757575757575757 0.015248551387618176 0.06060606060606061
0 0.7987804878048781 0.7121212121212122 0.015248551387618176 0.06060606060606061
0 0.8597560975609757 0.3727272727272729 0.015248551387618176 0.06060606060606061
0 0.7225609756097562 0.3727272727272729 0.015248551387618176 0.06060606060606061
