16 0.2657276995305164 0.31666666666666676 0.2160030052592036 0.4166666666666667
11 0.7446009389671361 0.15000000000000002 0.14087152516904583 0.16666666666666666
11 0.5004694835680751 0.15000000000000002 0.14087152516904583 0.16666666666666666
15 0.5248826291079812 0.44166666666666665 0.11269722013523667 0.20833333333333334
1 0.7783661971830986 0.5249999999999999 0.037565740045078885 0.125
5 0.8901408450704225 0.8791666666666667 0.037565740045078885 0.125
5 0.7023474178403756 0.5041666666666667 0.037565740045078885 0.125
0 0.8338028169014085 0.6875 0.018782870022539443 0.08333333333333333
0 0.8338028169014085 0.3125 0.018782870022539443 0.08333333333333333
0 0.4582159624413145 0.625 0.018782870022539443 0.08333333333333333
