13 0.5176923076923077 0.20740740740740748 0.11538461538461539 0.14814814814814814
12 0.6715384615384615 0.4296296296296297 0.11538461538461539 0.14814814814814814
16 0.3253846153846154 0.31851851851851853 0.17692307692307693 0.37037037037037035
17 0.5146153846153847 0.5407407407407407 0.1076923076923077 0.25925925925925924
6 0.8061538461538461 0.48518518518518516 0.03076923076923077 0.1111111111111111
6 0.11384615384615385 0.30000000000000004 0.03076923076923077 0.1111111111111111
6 0.8984615384615384 0.48518518518518516 0.03076923076923077 0.1111111111111111
9 0.8984615384615384 0.7074074074074074 0.03076923076923077 0.1111111111111111
2 0.8208 0.7259259259259259 0.03076923076923077 0.1111111111111111
5 0.16 0.33703703703703713 0.03076923076923077 0.1111111111111111
0 0.11384615384615385 0.5 0.015384615384615385 0.07407407407407407
0 0.8061538461538461 0.9074074074074074 0.015384615384615385 0.07407407407407407
0 0.23692307692307693 0.5740740740740741 0.015384615384615385 0.07407407407407407
