15 0.7751515151515151 0.6476190476190475 0.07272727272727272 0.23809523809523808
12 0.39575757575757575 0.5047619047619047 0.09090909090909091 0.19047619047619047
11 0.1412121212121212 0.21904761904761916 0.09090909090909091 0.19047619047619047
11 0.6624242424242424 0.6 0.09090909090909091 0.19047619047619047
11 0.916969696969697 0.7428571428571429 0.09090909090909091 0.19047619047619047
13 0.5290909090909091 0.5523809523809524 0.09090909090909091 0.19047619047619047
4 0.24787878787878787 0.3142857142857143 0.024242424242424242 0.14285714285714285
4 0.29636363636363633 0.5523809523809524 0.024242424242424242 0.14285714285714285
0 0.30787878787878786 0.7619047619047619 0.012121212121212121 0.09523809523809523
0 0.0896969696969697 0.40476190476190477 0.012121212121212121 0.09523809523809523
0 0.9745454545454546 0.9285714285714286 0.012121212121212121 0.09523809523809523
0 0.8654545454545455 0.9285714285714286 0.012121212121212121 0.09523809523809523
0 0.6109090909090908 0.7857142857142857 0.012121212121212121 0.09523809523809523
0 0.47757575757575754 0.7380952380952381 0.012121212121212121 0.09523809523809523
