11 0.4007518796992481 0.3310344827586207 0.11278195488721804 0.13793103448275862
16 0.1977443609022556 0.7103448275862069 0.17293233082706766 0.3448275862068966
12 0.8969924812030075 0.29655172413793107 0.11278195488721804 0.13793103448275862
16 0.4233082706766917 0.6413793103448275 0.17293233082706766 0.3448275862068966
15 0.5857142857142857 0.46896551724137936 0.09022556390977443 0.1724137931034483
11 0.7466165413533834 0.46896551724137936 0.11278195488721804 0.13793103448275862
3 0.7270676691729322 0.1586206896551725 0.03007518796992481 0.10344827586206896
0 0.7729323308270677 0.2931034482758621 0.015037593984962405 0.06896551724137931
0 0.9684210526315791 0.43103448275862066 0.015037593984962405 0.06896551724137931
0 0.11127819548872181 0.9482758620689655 0.015037593984962405 0.06896551724137931
