17 0.22061068702290076 0.48750000000000004 0.10687022900763359 0.21875
12 0.8954198473282442 0.58125 0.11450381679389313 0.125
15 0.18244274809160305 0.20625000000000004 0.0916030534351145 0.15625
15 0.365648854961832 0.45625000000000004 0.0916030534351145 0.15625
11 0.8954198473282442 0.30000000000000004 0.11450381679389313 0.125
15 0.518320610687023 0.39375000000000004 0.0916030534351145 0.15625
6 0.7083969465648855 0.25312500000000004 0.030534351145038167 0.09375
10 0.8839694656488549 0.83125 0.04580152671755725 0.0625
10 0.7541984732824427 0.28437500000000004 0.030534351145038167 0.09375
2 0.6938625954198473 0.42500000000000004 0.030534351145038167 0.09375
0 0.9374045801526717 0.953125 0.015267175572519083 0.0625
0 0.9679389312977099 0.703125 0.015267175572519083 0.0625
0 0.5862595419847328 0.53125 0.015267175572519083 0.0625
0 0.9679389312977099 0.421875 0.015267175572519083 0.0625
0 0.15877862595419848 0.703125 0.015267175572519083 0.0625
