13 0.5322147651006711 0.40740740740740744 0.10067114093959731 0.22805017103762829
11 0.6664429530201342 0.3504273504273504 0.10067114093959731 0.22805017103762829
11 0.9080536912751679 0.3504273504273504 0.10067114093959731 0.22805017103762829
12 0.15637583892617452 0.6353276353276354 0.10067114093959731 0.22805017103762829
6 0.38120805369127514 0.6068376068376069 0.026845637583892617 0.17103762827822122
6 0.42147651006711406 0.5498575498575499 0.026845637583892617 0.17103762827822122
10 0.24697986577181205 0.5498575498575499 0.026845637583892617 0.17103762827822122
10 0.7771812080536913 0.3504273504273504 0.040268456375838924 0.11402508551881414
2 0.32687248322147644 0.5783475783475783 0.026845637583892617 0.17103762827822122
0 0.287248322147651 0.9145299145299145 0.013422818791946308 0.11402508551881414
0 0.9718120805369128 0.5726495726495726 0.013422818791946308 0.11402508551881414
0 0.09932885906040269 0.8575498575498576 0.013422818791946308 0.11402508551881414
