11 0.7363057324840764 0.7419354838709677 0.191131498470948 0.16129032258064516
11 0.4560509554140127 0.4193548387096775 0.191131498470948 0.16129032258064516
12 0.7363057324840764 0.25806451612903236 0.191131498470948 0.16129032258064516
11 0.40509554140127385 0.17741935483870974 0.191131498470948 0.16129032258064516
13 0.443312101910828 0.782258064516129 0.191131498470948 0.16129032258064516
6 0.19490445859872613 0.15725806451612911 0.0509683995922528 0.12096774193548387
5 0.11847133757961785 0.19758064516129037 0.0509683995922528 0.12096774193548387
0 0.11847133757961785 0.375 0.0254841997961264 0.08064516129032258
0 0.8573248407643311 0.8991935483870968 0.0254841997961264 0.08064516129032258
0 0.3477707006369427 0.5766129032258065 0.0254841997961264 0.08064516129032258
0 0.335031847133758 0.9395161290322581 0.0254841997961264 0.08064516129032258
