12 0.4215189873417721 0.43639921722113506 0.189873417721519 0.15661707126076743
14 0.8329113924050633 0.47553816046966735 0.1518987341772152 0.11746280344557557
6 0.17468354430379748 0.24070450097847362 0.0759493670886076 0.07830853563038372
6 0.17468354430379748 0.5538160469667319 0.0759493670886076 0.07830853563038372
9 0.7949367088607595 0.7690802348336595 0.05063291139240506 0.11746280344557557
9 0.630379746835443 0.43639921722113506 0.0759493670886076 0.07830853563038372
0 0.7949367088607595 0.9412915851272016 0.02531645569620253 0.07830853563038372
0 0.08607594936708861 0.39334637964774954 0.02531645569620253 0.07830853563038372
0 0.08607594936708861 0.7064579256360078 0.02531645569620253 0.07830853563038372
0 0.9468354430379746 0.6086105675146771 0.02531645569620253 0.07830853563038372
