14 0.636029411764706 0.9138321995464853 0.07354743809757293 0.13611615245009073
11 0.14276960784313728 0.41496598639455784 0.09193429762196617 0.18148820326678766
12 0.5349264705882353 0.36961451247165533 0.09193429762196617 0.18148820326678766
11 0.4123774509803922 0.32426303854875294 0.09193429762196617 0.18148820326678766
15 0.2567401960784314 0.41496598639455784 0.07354743809757293 0.22686025408348456
12 0.8167892156862746 0.6870748299319728 0.09193429762196617 0.18148820326678766
10 0.9301470588235295 0.2789115646258504 0.036773719048786464 0.09074410163339383
2 0.702843137254902 0.46031746031746035 0.024515812699190977 0.13611615245009073
3 0.9246323529411765 0.6870748299319728 0.024515812699190977 0.13611615245009073
3 0.6292892156862745 0.46031746031746035 0.024515812699190977 0.13611615245009073
0 0.9362745098039217 0.8866213151927438 0.012257906349595489 0.09074410163339383
0 0.6176470588235294 0.6825396825396826 0.012257906349595489 0.09074410163339383
0 0.9730392156862746 0.45578231292517013 0.012257906349595489 0.09074410163339383
0 0.3112745098039216 0.6145124716553287 0.012257906349595489 0.09074410163339383
0 0.09068627450980393 0.5918367346938775 0.012257906349595489 0.09074410163339383
