15 0.311875 0.5647058823529412 0.075 0.29411764705882354
16 0.164375 0.5058823529411764 0.14375 0.5882352941176471
11 0.545625 0.44705882352941173 0.09375 0.23529411764705882
11 0.683125 0.5058823529411764 0.09375 0.23529411764705882
12 0.433125 0.5058823529411764 0.09375 0.23529411764705882
9 0.78 0.35882352941176465 0.025 0.17647058823529413
10 0.8175000000000001 0.35882352941176465 0.025 0.17647058823529413
10 0.8550000000000001 0.35882352941176465 0.025 0.17647058823529413
3 0.905625 0.3294117647058823 0.025 0.17647058823529413
0 0.0925 0.9117647058823529 0.0125 0.11764705882352941
0 0.63 0.7352941176470589 0.0125 0.11764705882352941
