11 0.5157687253613666 0.4112676056338028 0.09858044164037855 0.11267605633802817
11 0.3843626806833115 0.5802816901408452 0.09858044164037855 0.11267605633802817
16 0.5354796320630749 0.6647887323943662 0.15115667718191378 0.28169014084507044
16 0.20696452036793694 0.7774647887323943 0.15115667718191378 0.28169014084507044
12 0.7128777923784495 0.49577464788732395 0.09858044164037855 0.11267605633802817
11 0.2135348226018397 0.43943661971830994 0.09858044164037855 0.11267605633802817
16 0.8771353482260185 0.18591549295774656 0.15115667718191378 0.28169014084507044
9 0.821287779237845 0.49577464788732395 0.03943217665615142 0.056338028169014086
3 0.06504599211563733 0.8338028169014085 0.026288117770767613 0.08450704225352113
0 0.05256241787122208 0.9577464788732395 0.013144058885383806 0.056338028169014086
0 0.05256241787122208 0.7098591549295774 0.013144058885383806 0.056338028169014086
0 0.8672798948751643 0.6056338028169015 0.013144058885383806 0.056338028169014086
0 0.15768725361366623 0.5492957746478873 0.013144058885383806 0.056338028169014086
0 0.9724047306176085 0.3802816901408451 0.013144058885383806 0.056338028169014086
0 0.8015768725361367 0.3802816901408451 0.013144058885383806 0.056338028169014086
0 0.657030223390276 0.6056338028169015 0.013144058885383806 0.056338028169014086
