12 0.678235294117647 0.503225806451613 0.08823529411764706 0.12903225806451613
16 0.5429411764705883 0.535483870967742 0.13529411764705881 0.3225806451612903
11 0.278235294117647 0.43870967741935485 0.08823529411764706 0.12903225806451613
17 0.2994117647058823 0.7290322580645161 0.08235294117647059 0.22580645161290322
13 0.1488235294117647 0.40645161290322585 0.08823529411764706 0.12903225806451613
15 0.4111764705882353 0.535483870967742 0.07058823529411765 0.16129032258064516
9 0.7576470588235295 0.1645161290322581 0.023529411764705882 0.0967741935483871
2 0.8041411764705882 0.43870967741935485 0.023529411764705882 0.0967741935483871
4 0.9100000000000001 0.1483870967741936 0.023529411764705882 0.0967741935483871
4 0.8523529411764706 0.43870967741935485 0.023529411764705882 0.0967741935483871
0 0.7929411764705883 0.5806451612903225 0.011764705882352941 0.06451612903225806
0 0.863529411764706 0.2967741935483872 0.011764705882352941 0.06451612903225806
0 0.25176470588235295 0.9516129032258065 0.011764705882352941 0.06451612903225806
