11 0.7326241134751773 0.520076481835564 0.10638297872340426 0.1530221882172915
16 0.200709219858156 0.2906309751434035 0.16312056737588654 0.38255547054322875
16 0.39929078014184394 0.7112810707456978 0.16312056737588654 0.38255547054322875
11 0.5907801418439717 0.4435946462715106 0.10638297872340426 0.1530221882172915
12 0.5907801418439717 0.6730401529636711 0.10638297872340426 0.1530221882172915
13 0.40638297872340423 0.25239005736137676 0.10638297872340426 0.1530221882172915
12 0.9028368794326241 0.5583173996175907 0.10638297872340426 0.1530221882172915
4 0.8574468085106384 0.9024856596558317 0.028368794326241134 0.11476664116296863
0 0.34609929078014184 0.40152963671128106 0.014184397163120567 0.07651109410864575
0 0.9702127659574469 0.7074569789674952 0.014184397163120567 0.07651109410864575
0 0.8425531914893617 0.7074569789674952 0.014184397163120567 0.07651109410864575
