11 0.3201550387596899 0.7428571428571429 0.11627906976744186 0.19047619047619047
11 0.1496124031007752 0.7904761904761904 0.11627906976744186 0.19047619047619047
11 0.8937984496124031 0.17142857142857149 0.11627906976744186 0.19047619047619047
14 0.7426356589147287 0.21904761904761916 0.09302325581395349 0.14285714285714285
6 0.44031007751937984 0.6714285714285715 0.031007751937984496 0.14285714285714285
9 0.44031007751937984 0.29047619047619055 0.031007751937984496 0.14285714285714285
9 0.641860465116279 0.3380952380952381 0.031007751937984496 0.14285714285714285
10 0.641860465116279 0.6714285714285715 0.031007751937984496 0.14285714285714285
3 0.5651162790697675 0.3142857142857143 0.031007751937984496 0.14285714285714285
3 0.5015503875968992 0.3142857142857143 0.031007751937984496 0.14285714285714285
0 0.9674418604651163 0.3571428571428571 0.015503875968992248 0.09523809523809523
0 0.25426356589147286 0.9285714285714286 0.015503875968992248 0.09523809523809523
