15 0.1817427385892116 0.4253731343283583 0.099601593625498 0.1865671641791045
11 0.35933609958506224 0.4253731343283583 0.12450199203187251 0.14925373134328357
17 0.7045643153526971 0.7611940298507462 0.11620185922974767 0.26119402985074625
14 0.5294605809128631 0.5746268656716418 0.099601593625498 0.11194029850746269
11 0.3842323651452282 0.6492537313432836 0.12450199203187251 0.14925373134328357
9 0.8531120331950207 0.14552238805970152 0.033200531208499334 0.11194029850746269
10 0.9029045643153527 0.14552238805970152 0.033200531208499334 0.11194029850746269
2 0.8855103734439833 0.38805970149253743 0.033200531208499334 0.11194029850746269
1 0.887103734439834 0.7611940298507462 0.033200531208499334 0.11194029850746269
0 0.9029045643153527 0.9253731343283582 0.016600265604249667 0.07462686567164178
0 0.8697095435684647 0.5708955223880597 0.016600265604249667 0.07462686567164178
0 0.12282157676348548 0.5895522388059702 0.016600265604249667 0.07462686567164178
0 0.3136929460580913 0.7947761194029851 0.016600265604249667 0.07462686567164178
