15 0.1429503916449086 0.5538461538461539 0.07834943849569079 0.1282051282051282
11 0.49151436031331597 0.19487179487179496 0.09793679811961348 0.10256410256410256
16 0.5372062663185379 0.7846153846153846 0.15016975711674066 0.2564102564102564
14 0.6775456919060052 0.5025641025641026 0.07834943849569079 0.07692307692307693
16 0.3283289817232376 0.2205128205128205 0.15016975711674066 0.2564102564102564
16 0.30221932114882505 0.6051282051282052 0.15016975711674066 0.2564102564102564
12 0.49151436031331597 0.5794871794871795 0.09793679811961348 0.10256410256410256
1 0.853159268929504 0.5282051282051282 0.026116479498563595 0.07692307692307693
3 0.9197127937336815 0.5282051282051282 0.026116479498563595 0.07692307692307693
5 0.8015665796344648 0.5153846153846154 0.026116479498563595 0.07692307692307693
0 0.09660574412532638 0.6666666666666667 0.013058239749281797 0.05128205128205128
0 0.25326370757180156 0.39743589743589747 0.013058239749281797 0.05128205128205128
0 0.46214099216710186 0.9615384615384616 0.013058239749281797 0.05128205128205128
