12 0.4430167597765363 0.384 0.08379888268156424 0.16
11 0.5547486033519553 0.544 0.08379888268156424 0.16
12 0.14134078212290502 0.2240000000000001 0.08379888268156424 0.16
16 0.29217877094972067 0.624 0.12849162011173185 0.4
16 0.8955307262569833 0.6639999999999999 0.12849162011173185 0.4
11 0.253072625698324 0.264 0.08379888268156424 0.16
12 0.4430167597765363 0.824 0.08379888268156424 0.16
12 0.6664804469273743 0.584 0.08379888268156424 0.16
6 0.7418994413407822 0.6439999999999999 0.0223463687150838 0.12
9 0.7754189944134079 0.6439999999999999 0.0223463687150838 0.12
0 0.9765363128491621 0.94 0.0111731843575419 0.08
0 0.22793296089385473 0.9 0.0111731843575419 0.08
