15 0.3559523809523809 0.7915492957746479 0.14285714285714285 0.14084507042253522
14 0.7119047619047618 0.08732394366197183 0.14285714285714285 0.08450704225352113
11 0.4202380952380952 0.5098591549295775 0.17857142857142858 0.11267605633802817
12 0.7297619047619047 0.22816901408450707 0.17857142857142858 0.11267605633802817
6 0.7119047619047618 0.6788732394366197 0.07142857142857142 0.056338028169014086
9 0.40238095238095234 0.2563380281690141 0.07142857142857142 0.056338028169014086
0 0.3190476190476191 0.3661971830985915 0.023809523809523808 0.056338028169014086
0 0.4619047619047619 0.9154929577464789 0.023809523809523808 0.056338028169014086
0 0.8428571428571429 0.3380281690140845 0.023809523809523808 0.056338028169014086
0 0.3190476190476191 0.619718309859155 0.023809523809523808 0.056338028169014086
