13 0.9331707317073171 0.5375 0.07317073170731707 0.25
16 0.5770731707317074 0.5375 0.11219512195121951 0.625
11 0.4648780487804878 0.6625 0.07317073170731707 0.25
15 0.0873170731707317 0.2875 0.05853658536585366 0.3125
11 0.6990243902439025 0.475 0.07317073170731707 0.25
16 0.811219512195122 0.6 0.11219512195121951 0.625
11 0.1917073170731707 0.4125 0.07317073170731707 0.25
10 0.2868292682926829 0.63125 0.01951219512195122 0.1875
2 0.3751024390243902 0.6 0.01951219512195122 0.1875
2 0.3253853658536585 0.6 0.01951219512195122 0.1875
0 0.9795121951219513 0.78125 0.00975609756097561 0.125
0 0.15024390243902438 0.65625 0.00975609756097561 0.125
