11 0.7297619047619047 0.5662650602409638 0.17857142857142858 0.12055455093429777
16 0.8130952380952381 0.19879518072289148 0.27380952380952384 0.3013863773357444
12 0.4678571428571428 0.5963855421686746 0.17857142857142858 0.12055455093429777
9 0.6761904761904761 0.822289156626506 0.047619047619047616 0.09041591320072333
3 0.770238095238095 0.8373493975903614 0.047619047619047616 0.09041591320072333
5 0.16428571428571428 0.5662650602409638 0.07142857142857142 0.06027727546714889
0 0.08095238095238096 0.6837349397590361 0.023809523809523808 0.06027727546714889
0 0.6761904761904761 0.9548192771084337 0.023809523809523808 0.06027727546714889
0 0.8428571428571429 0.6837349397590361 0.023809523809523808 0.06027727546714889
0 0.6761904761904761 0.40662650602409645 0.023809523809523808 0.06027727546714889
0 0.3666666666666667 0.713855421686747 0.023809523809523808 0.06027727546714889
