14 0.4853658536585366 0.762962962962963 0.14634146341463414 0.1111111111111111
11 0.5036585365853659 0.4296296296296297 0.18292682926829268 0.14814814814814814
11 0.7963414634146341 0.1703703703703704 0.18292682926829268 0.14814814814814814
11 0.45487804878048776 0.20740740740740748 0.18292682926829268 0.14814814814814814
6 0.21707317073170732 0.4296296296296297 0.07317073170731707 0.07407407407407407
2 0.7182439024390244 0.6148148148148148 0.04878048780487805 0.1111111111111111
0 0.7414634146341463 0.7777777777777778 0.024390243902439025 0.07407407407407407
0 0.39999999999999997 0.8888888888888888 0.024390243902439025 0.07407407407407407
0 0.39999999999999997 0.5740740740740741 0.024390243902439025 0.07407407407407407
0 0.6926829268292682 0.31481481481481477 0.024390243902439025 0.07407407407407407
