16 0.8635036496350366 0.6533333333333333 0.1678832116788321 0.3333333333333333
13 0.8416058394160584 0.3533333333333334 0.10948905109489052 0.13333333333333333
11 0.7102189781021898 0.3866666666666667 0.10948905109489052 0.13333333333333333
11 0.5642335766423358 0.42000000000000004 0.10948905109489052 0.13333333333333333
6 0.22481751824817517 0.77 0.029197080291970802 0.1
2 0.31310948905109487 0.3866666666666667 0.029197080291970802 0.1
1 0.1657226277372263 0.7866666666666666 0.029197080291970802 0.1
3 0.40072992700729926 0.7866666666666666 0.029197080291970802 0.1
5 0.327007299270073 0.20333333333333337 0.029197080291970802 0.1
0 0.15182481751824817 0.95 0.014598540145985401 0.06666666666666667
0 0.4145985401459854 0.6399999999999999 0.014598540145985401 0.06666666666666667
0 0.26861313868613135 0.5166666666666666 0.014598540145985401 0.06666666666666667
0 0.9693430656934308 0.8833333333333333 0.014598540145985401 0.06666666666666667
0 0.5021897810218978 0.55 0.014598540145985401 0.06666666666666667
