11 0.7089743589743589 0.5379310344827586 0.19230769230769232 0.13793103448275862
14 0.2794871794871795 0.1586206896551725 0.15384615384615385 0.10344827586206896
12 0.6576923076923077 0.12413793103448278 0.19230769230769232 0.13793103448275862
15 0.33205128205128204 0.5724137931034483 0.15384615384615385 0.1724137931034483
11 0.6576923076923077 0.3310344827586207 0.19230769230769232 0.13793103448275862
5 0.6384615384615384 0.8137931034482758 0.07692307692307693 0.06896551724137931
0 0.7282051282051282 0.9482758620689655 0.02564102564102564 0.06896551724137931
0 0.8307692307692307 0.6724137931034483 0.02564102564102564 0.06896551724137931
0 0.6 0.6724137931034483 0.02564102564102564 0.06896551724137931
0 0.24102564102564103 0.7241379310344828 0.02564102564102564 0.06896551724137931
