11 0.21083333333333332 0.12 0.125 0.13333333333333333
17 0.8241666666666667 0.72 0.11666666666666667 0.23333333333333334
17 0.6575000000000001 0.28666666666666674 0.11666666666666667 0.23333333333333334
11 0.8608333333333333 0.32000000000000006 0.125 0.13333333333333333
6 0.45666666666666667 0.33666666666666667 0.03333333333333333 0.1
6 0.45666666666666667 0.5366666666666666 0.03333333333333333 0.1
9 0.5233333333333333 0.5700000000000001 0.03333333333333333 0.1
10 0.45666666666666667 0.17000000000000004 0.03333333333333333 0.1
10 0.4066666666666666 0.5700000000000001 0.03333333333333333 0.1
3 0.3391666666666666 0.5533333333333333 0.03333333333333333 0.1
0 0.9066666666666666 0.95 0.016666666666666666 0.06666666666666667
0 0.6733333333333333 0.5166666666666666 0.016666666666666666 0.06666666666666667
0 0.7899999999999999 0.44999999999999996 0.016666666666666666 0.06666666666666667
