12 0.51015625 0.5888888888888888 0.1171875 0.2222222222222222
11 0.36953125 0.6444444444444444 0.1171875 0.2222222222222222
12 0.18203125 0.5888888888888888 0.1171875 0.2222222222222222
2 0.6945 0.5888888888888888 0.03125 0.16666666666666666
2 0.835125 0.5888888888888888 0.03125 0.16666666666666666
4 0.77265625 0.25555555555555554 0.03125 0.16666666666666666
3 0.6304687499999999 0.25555555555555554 0.03125 0.16666666666666666
5 0.896875 0.6166666666666667 0.03125 0.16666666666666666
0 0.709375 0.9166666666666666 0.015625 0.1111111111111111
0 0.303125 0.8611111111111112 0.015625 0.1111111111111111
0 0.115625 0.8055555555555556 0.015625 0.1111111111111111
