13 0.7427480916030534 0.7702127659574468 0.11450381679389313 0.1702127659574468
11 0.5900763358778626 0.8127659574468085 0.11450381679389313 0.1702127659574468
12 0.43740458015267175 0.8553191489361702 0.11450381679389313 0.1702127659574468
13 0.8954198473282442 0.4723404255319149 0.11450381679389313 0.1702127659574468
15 0.27404580152671754 0.7702127659574468 0.0916030534351145 0.2127659574468085
14 0.8839694656488549 0.13191489361702136 0.0916030534351145 0.1276595744680851
10 0.8610687022900763 0.8340425531914893 0.030534351145038167 0.1276595744680851
5 0.13587786259541984 0.6851063829787234 0.04580152671755725 0.0851063829787234
0 0.9679389312977099 0.6382978723404256 0.015267175572519083 0.0851063829787234
0 0.9526717557251908 0.276595744680851 0.015267175572519083 0.0851063829787234
