14 0.30945945945945946 0.3214285714285714 0.08108108108108109 0.17857142857142858
11 0.31959459459459455 0.6190476190476191 0.10135135135135136 0.23809523809523808
12 0.4547297297297297 0.5 0.10135135135135136 0.23809523809523808
12 0.17094594594594592 0.6785714285714286 0.10135135135135136 0.23809523809523808
11 0.5898648648648649 0.5595238095238095 0.10135135135135136 0.23809523809523808
9 0.8027027027027027 0.7083333333333333 0.02702702702702703 0.17857142857142858
3 0.8574324324324325 0.6785714285714286 0.02702702702702703 0.17857142857142858
4 0.7493243243243244 0.6785714285714286 0.02702702702702703 0.17857142857142858
5 0.6945945945945946 0.2321428571428572 0.02702702702702703 0.17857142857142858
5 0.8027027027027027 0.2321428571428572 0.02702702702702703 0.17857142857142858
