15 0.4577981651376147 0.3134020618556702 0.11009174311926606 0.20627062706270627
12 0.8743119266055046 0.1484536082474227 0.13761467889908258 0.16501650165016502
14 0.8238532110091743 0.5195876288659793 0.11009174311926606 0.12376237623762376
11 0.2871559633027523 0.23092783505154646 0.13761467889908258 0.16501650165016502
9 0.8238532110091743 0.8082474226804124 0.05504587155963303 0.08250825082508251
10 0.5944954128440366 0.33402061855670107 0.03669724770642202 0.12376237623762376
4 0.66697247706422 0.3134020618556702 0.03669724770642202 0.12376237623762376
0 0.6495412844036696 0.13195876288659802 0.01834862385321101 0.08250825082508251
0 0.9064220183486238 0.6597938144329897 0.01834862385321101 0.08250825082508251
0 0.9614678899082568 0.30927835051546393 0.01834862385321101 0.08250825082508251
0 0.7963302752293577 0.30927835051546393 0.01834862385321101 0.08250825082508251
