11 0.19224422442244224 0.3219512195121951 0.12376237623762376 0.1951219512195122
13 0.7202970297029703 0.37073170731707317 0.12376237623762376 0.1951219512195122
11 0.3572607260726072 0.2731707317073171 0.12376237623762376 0.1951219512195122
15 0.7417491749174918 0.7121951219512195 0.09900990099009901 0.24390243902439024
6 0.5841584158415841 0.29756097560975603 0.033003300330033 0.14634146341463414
1 0.5189438943894389 0.2731707317073171 0.033003300330033 0.14634146341463414
4 0.8985148514851485 0.5658536585365854 0.033003300330033 0.14634146341463414
0 0.9141914191419142 0.7804878048780488 0.0165016501650165 0.0975609756097561
0 0.9141914191419142 0.35121951219512193 0.0165016501650165 0.0975609756097561
0 0.12211221122112212 0.5121951219512195 0.0165016501650165 0.0975609756097561
0 0.8151815181518152 0.926829268292683 0.0165016501650165 0.0975609756097561
0 0.6831683168316831 0.926829268292683 0.0165016501650165 0.0975609756097561
