15 0.24606741573033705 0.290909090909091 0.1348314606741573 0.15151515151515152
14 0.851685393258427 0.4121212121212121 0.1348314606741573 0.09090909090909091
9 0.5258426966292135 0.45757575757575764 0.0449438202247191 0.09090909090909091
4 0.5044943820224719 0.290909090909091 0.0449438202247191 0.09090909090909091
4 0.547191011235955 0.6242424242424243 0.0449438202247191 0.09090909090909091
4 0.6393258426966292 0.7757575757575758 0.0449438202247191 0.09090909090909091
5 0.4134831460674157 0.7909090909090909 0.0449438202247191 0.09090909090909091
5 0.851685393258427 0.6242424242424243 0.06741573033707865 0.06060606060606061
0 0.9303370786516854 0.7424242424242424 0.02247191011235955 0.06060606060606061
0 0.4134831460674157 0.9545454545454546 0.02247191011235955 0.06060606060606061
0 0.5258426966292135 0.1575757575757577 0.02247191011235955 0.06060606060606061
0 0.952808988764045 0.5151515151515151 0.02247191011235955 0.06060606060606061
0 0.1662921348314607 0.4242424242424242 0.02247191011235955 0.06060606060606061
