14 0.24772727272727274 0.6 0.13636363636363635 0.0967741935483871
17 0.4875 0.6967741935483871 0.1590909090909091 0.22580645161290322
17 0.4875 0.2129032258064517 0.1590909090909091 0.22580645161290322
13 0.26477272727272727 0.8258064516129032 0.17045454545454544 0.12903225806451613
9 0.7022727272727273 0.2129032258064517 0.06818181818181818 0.06451612903225806
2 0.7125454545454545 0.6322580645161291 0.045454545454545456 0.0967741935483871
3 0.828409090909091 0.6322580645161291 0.045454545454545456 0.0967741935483871
0 0.7818181818181817 0.33870967741935487 0.022727272727272728 0.06451612903225806
0 0.16818181818181818 0.7096774193548387 0.022727272727272728 0.06451612903225806
0 0.509090909090909 0.4354838709677419 0.022727272727272728 0.06451612903225806
0 0.16818181818181818 0.9516129032258065 0.022727272727272728 0.06451612903225806
