11 0.17816901408450703 0.31851851851851853 0.1056338028169014 0.14814814814814814
12 0.4457746478873239 0.28148148148148155 0.1056338028169014 0.14814814814814814
17 0.302112676056338 0.31851851851851853 0.09859154929577464 0.25925925925925924
13 0.5866197183098592 0.24444444444444446 0.1056338028169014 0.14814814814814814
6 0.6816901408450704 0.33703703703703713 0.028169014084507043 0.1111111111111111
9 0.752112676056338 0.3740740740740741 0.028169014084507043 0.1111111111111111
1 0.8513802816901409 0.7259259259259259 0.028169014084507043 0.1111111111111111
2 0.7387042253521127 0.7259259259259259 0.028169014084507043 0.1111111111111111
0 0.780281690140845 0.9444444444444444 0.014084507042253521 0.07407407407407407
0 0.6816901408450704 0.537037037037037 0.014084507042253521 0.07407407407407407
