17 0.6776223776223776 0.5176470588235295 0.0979020979020979 0.20588235294117646
12 0.8062937062937062 0.4882352941176471 0.1048951048951049 0.11764705882352941
16 0.30979020979020977 0.5764705882352942 0.16083916083916083 0.29411764705882354
11 0.2888111888111888 0.22352941176470598 0.1048951048951049 0.11764705882352941
11 0.5265734265734265 0.37058823529411766 0.1048951048951049 0.11764705882352941
9 0.565034965034965 0.7970588235294118 0.027972027972027972 0.08823529411764706
9 0.9216783216783218 0.4882352941176471 0.04195804195804196 0.058823529411764705
1 0.4944335664335664 0.8117647058823529 0.027972027972027972 0.08823529411764706
3 0.14615384615384613 0.1352941176470589 0.027972027972027972 0.08823529411764706
0 0.1034965034965035 0.25 0.013986013986013986 0.058823529411764705
0 0.4811188811188811 0.9558823529411765 0.013986013986013986 0.058823529411764705
0 0.9706293706293707 0.6029411764705883 0.013986013986013986 0.058823529411764705
0 0.22937062937062935 0.7794117647058824 0.013986013986013986 0.058823529411764705
0 0.22937062937062935 0.3382352941176471 0.013986013986013986 0.058823529411764705
0 0.4671328671328671 0.4852941176470589 0.013986013986013986 0.058823529411764705
