12 0.6277419354838709 0.20740740740740748 0.0967741935483871 0.14814814814814814
11 0.1503225806451613 0.6518518518518519 0.0967741935483871 0.14814814814814814
11 0.9116129032258066 0.20740740740740748 0.0967741935483871 0.14814814814814814
12 0.7696774193548387 0.1703703703703704 0.0967741935483871 0.14814814814814814
12 0.2793548387096774 0.6148148148148148 0.0967741935483871 0.14814814814814814
6 0.4825806451612903 0.6703703703703703 0.025806451612903226 0.1111111111111111
1 0.4702967741935484 0.4666666666666667 0.025806451612903226 0.1111111111111111
3 0.39161290322580644 0.6888888888888889 0.025806451612903226 0.1111111111111111
5 0.3793548387096774 0.22592592592592597 0.025806451612903226 0.1111111111111111
5 0.5212903225806451 0.26296296296296306 0.025806451612903226 0.1111111111111111
0 0.4309677419354839 0.9074074074074074 0.012903225806451613 0.07407407407407407
0 0.9729032258064517 0.35185185185185186 0.012903225806451613 0.07407407407407407
0 0.8567741935483871 0.35185185185185186 0.012903225806451613 0.07407407407407407
0 0.09548387096774194 0.7962962962962963 0.012903225806451613 0.07407407407407407
0 0.7148387096774194 0.31481481481481477 0.012903225806451613 0.07407407407407407
