15 0.5642420122365738 0.384 0.08158825129181398 0.2
13 0.6961250849762066 0.30400000000000005 0.10198531411476747 0.16
16 0.26784500339904826 0.264 0.15637748164264345 0.4
12 0.4377974167233175 0.384 0.10198531411476747 0.16
14 0.23725356900067981 0.624 0.08158825129181398 0.12
9 0.8014955812372535 0.764 0.027196083763937992 0.12
10 0.8422841604350781 0.3640000000000001 0.027196083763937992 0.12
10 0.06730115567641061 0.404 0.027196083763937992 0.12
2 0.8973215499660097 0.544 0.027196083763937992 0.12
4 0.12236573759347383 0.584 0.027196083763937992 0.12
0 0.1352821210061183 0.76 0.013598041881968996 0.08
0 0.8014955812372535 0.94 0.013598041881968996 0.08
