16 0.3138728323699422 0.30000000000000004 0.1329479768786127 0.3125
12 0.7589595375722544 0.51875 0.08670520231213873 0.125
16 0.8919075144508671 0.58125 0.1329479768786127 0.3125
11 0.4583815028901734 0.26875000000000004 0.08670520231213873 0.125
15 0.17283236994219653 0.23750000000000004 0.06936416184971098 0.15625
11 0.18092485549132947 0.42500000000000004 0.08670520231213873 0.125
9 0.5826589595375722 0.846875 0.023121387283236993 0.09375
2 0.652578034682081 0.6125 0.023121387283236993 0.09375
2 0.652578034682081 0.33125000000000004 0.023121387283236993 0.09375
4 0.5716763005780348 0.33125000000000004 0.023121387283236993 0.09375
0 0.6173410404624278 0.453125 0.011560693641618497 0.0625
0 0.6635838150289017 0.1937500000000001 0.011560693641618497 0.0625
0 0.9757225433526012 0.796875 0.011560693641618497 0.0625
