11 0.15924092409240925 0.28395061728395066 0.12376237623762376 0.1646090534979424
11 0.3242574257425742 0.28395061728395066 0.12376237623762376 0.1646090534979424
14 0.7574257425742574 0.5720164609053497 0.09900990099009901 0.12345679012345678
16 0.382013201320132 0.654320987654321 0.18976897689768976 0.411522633744856
15 0.5932343234323433 0.5308641975308642 0.09900990099009901 0.205761316872428
4 0.8985148514851485 0.16049382716049387 0.033003300330033 0.12345679012345678
5 0.9059405940594059 0.5308641975308642 0.04950495049504951 0.0823045267489712
0 0.9141914191419142 0.34156378600823045 0.0165016501650165 0.0823045267489712
0 0.2871287128712871 0.9382716049382716 0.0165016501650165 0.0823045267489712
0 0.6666666666666666 0.7119341563786008 0.0165016501650165 0.0823045267489712
0 0.5346534653465346 0.7119341563786008 0.0165016501650165 0.0823045267489712
