16 0.3744186046511628 0.63 0.17829457364341086 0.5
12 0.8937984496124031 0.18000000000000005 0.11627906976744186 0.2
11 0.8627906976744186 0.63 0.11627906976744186 0.2
11 0.5527131782945737 0.58 0.11627906976744186 0.2
15 0.1697674418604651 0.63 0.09302325581395349 0.25
3 0.6720930232558139 0.6799999999999999 0.031007751937984496 0.15
5 0.7348837209302326 0.705 0.031007751937984496 0.15
0 0.9364341085271317 0.825 0.015503875968992248 0.1
0 0.9674418604651163 0.375 0.015503875968992248 0.1
0 0.827906976744186 0.375 0.015503875968992248 0.1
0 0.23875968992248062 0.85 0.015503875968992248 0.1
0 0.11472868217054265 0.85 0.015503875968992248 0.1
