13 0.7420454545454546 0.503225806451613 0.17045454545454544 0.12903225806451613
17 0.6920454545454545 0.2129032258064517 0.1590909090909091 0.22580645161290322
14 0.3386363636363636 0.1483870967741936 0.13636363636363635 0.0967741935483871
12 0.4011363636363636 0.7290322580645161 0.17045454545454544 0.12903225806451613
12 0.4011363636363636 0.3096774193548387 0.17045454545454544 0.12903225806451613
4 0.7147727272727272 0.7935483870967742 0.045454545454545456 0.0967741935483871
0 0.6454545454545454 0.9516129032258065 0.022727272727272728 0.06451612903225806
0 0.85 0.6290322580645161 0.022727272727272728 0.06451612903225806
0 0.6454545454545454 0.6290322580645161 0.022727272727272728 0.06451612903225806
0 0.30454545454545456 0.8548387096774194 0.022727272727272728 0.06451612903225806
0 0.30454545454545456 0.4354838709677419 0.022727272727272728 0.06451612903225806
