12 0.16884057971014493 0.6476190476190475 0.10869565217391304 0.19047619047619047
13 0.458695652173913 0.2666666666666667 0.10869565217391304 0.19047619047619047
12 0.6471014492753623 0.4571428571428571 0.10869565217391304 0.19047619047619047
17 0.3108695652173913 0.4095238095238095 0.10144927536231885 0.3333333333333333
15 0.477536231884058 0.6 0.08695652173913043 0.23809523809523808
2 0.7732173913043477 0.6 0.028985507246376812 0.14285714285714285
1 0.8905507246376811 0.6 0.028985507246376812 0.14285714285714285
5 0.8318840579710145 0.5761904761904761 0.028985507246376812 0.14285714285714285
0 0.7594202898550725 0.34285714285714286 0.014492753623188406 0.09523809523809523
0 0.10724637681159421 0.8333333333333334 0.014492753623188406 0.09523809523809523
0 0.5420289855072463 0.8095238095238095 0.014492753623188406 0.09523809523809523
0 0.4260869565217391 0.8095238095238095 0.014492753623188406 0.09523809523809523
