11 0.47958477508650516 0.5066666666666666 0.10382059800664452 0.26666666666666666
14 0.16470588235294117 0.3733333333333333 0.08305647840531562 0.2
14 0.5937716262975778 0.5733333333333333 0.08305647840531562 0.2
12 0.1750865051903114 0.7066666666666667 0.10382059800664452 0.26666666666666666
13 0.32733564013840827 0.5066666666666666 0.10382059800664452 0.26666666666666666
12 0.728719723183391 0.5066666666666666 0.10382059800664452 0.26666666666666666
6 0.9190311418685122 0.2733333333333333 0.02768549280177187 0.2
1 0.8366505190311418 0.6399999999999999 0.02768549280177187 0.2
0 0.8775086505190312 0.9 0.013842746400885935 0.13333333333333333
0 0.2685121107266436 0.7666666666666666 0.013842746400885935 0.13333333333333333
