14 0.8909090909090909 0.46399999999999997 0.09917355371900827 0.12
17 0.7347107438016529 0.4640000000000001 0.11570247933884298 0.28
12 0.1925619834710744 0.264 0.12396694214876033 0.16
15 0.34628099173553717 0.2240000000000001 0.09917355371900827 0.2
9 0.45289256198347105 0.32400000000000007 0.03305785123966942 0.12
2 0.6024462809917356 0.6639999999999999 0.03305785123966942 0.12
1 0.5347438016528925 0.6639999999999999 0.03305785123966942 0.12
3 0.8818181818181817 0.784 0.03305785123966942 0.12
0 0.9322314049586776 0.94 0.01652892561983471 0.08
0 0.6181818181818182 0.84 0.01652892561983471 0.08
0 0.6181818181818182 0.488 0.01652892561983471 0.08
0 0.965289256198347 0.6 0.01652892561983471 0.08
0 0.12231404958677687 0.42000000000000004 0.01652892561983471 0.08
