11 0.4412162162162162 0.5333333333333333 0.10135135135135136 0.2222222222222222
11 0.27905405405405403 0.3666666666666667 0.10135135135135136 0.2222222222222222
17 0.1277027027027027 0.47777777777777775 0.0945945945945946 0.3888888888888889
12 0.30608108108108106 0.7 0.10135135135135136 0.2222222222222222
11 0.5763513513513513 0.5888888888888888 0.10135135135135136 0.2222222222222222
10 0.8297297297297297 0.3944444444444444 0.02702702702702703 0.16666666666666666
1 0.7763243243243243 0.42222222222222217 0.02702702702702703 0.16666666666666666
1 0.897945945945946 0.42222222222222217 0.02702702702702703 0.16666666666666666
3 0.7074324324324324 0.42222222222222217 0.02702702702702703 0.16666666666666666
0 0.7891891891891891 0.75 0.013513513513513514 0.1111111111111111
0 0.24864864864864863 0.9166666666666666 0.013513513513513514 0.1111111111111111
