12 0.2832335329341317 0.5523809523809524 0.08982035928143713 0.19047619047619047
12 0.4029940119760479 0.5047619047619047 0.08982035928143713 0.19047619047619047
11 0.15149700598802393 0.5047619047619047 0.08982035928143713 0.19047619047619047
11 0.9179640718562875 0.4095238095238095 0.08982035928143713 0.19047619047619047
13 0.774251497005988 0.4571428571428571 0.08982035928143713 0.19047619047619047
9 0.6275449101796406 0.3857142857142857 0.023952095808383235 0.14285714285714285
9 0.6634730538922156 0.719047619047619 0.023952095808383235 0.14285714285714285
10 0.6634730538922156 0.3857142857142857 0.023952095808383235 0.14285714285714285
1 0.5083592814371257 0.4095238095238095 0.023952095808383235 0.14285714285714285
4 0.5790419161676646 0.4095238095238095 0.023952095808383235 0.14285714285714285
0 0.6634730538922156 0.9285714285714286 0.011976047904191617 0.09523809523809523
0 0.23233532934131734 0.7380952380952381 0.011976047904191617 0.09523809523809523
0 0.9748502994011977 0.5952380952380952 0.011976047904191617 0.09523809523809523
0 0.8670658682634731 0.5952380952380952 0.011976047904191617 0.09523809523809523
