11 0.9138364779874214 0.13333333333333341 0.09433962264150944 0.14814814814814814
11 0.7628930817610063 0.5037037037037038 0.09433962264150944 0.14814814814814814
11 0.8886792452830189 0.8 0.09433962264150944 0.14814814814814814
16 0.25345911949685535 0.5407407407407407 0.14465408805031446 0.37037037037037035
11 0.41069182389937103 0.5407407407407407 0.09433962264150944 0.14814814814814814
11 0.8886792452830189 0.4666666666666667 0.09433962264150944 0.14814814814814814
1 0.584251572327044 0.5407407407407407 0.025157232704402517 0.1111111111111111
2 0.5327295597484276 0.5407407407407407 0.025157232704402517 0.1111111111111111
5 0.1119496855345912 0.4666666666666667 0.03773584905660377 0.07407407407407407
0 0.6465408805031446 0.6851851851851851 0.012578616352201259 0.07407407407407407
0 0.948427672955975 0.9444444444444444 0.012578616352201259 0.07407407407407407
0 0.948427672955975 0.6111111111111112 0.012578616352201259 0.07407407407407407
0 0.9735849056603775 0.2777777777777778 0.012578616352201259 0.07407407407407407
0 0.8603773584905661 0.2777777777777778 0.012578616352201259 0.07407407407407407
