17 0.14384422110552764 0.1692307692307693 0.08796179944709726 0.1794871794871795
16 0.7807788944723619 0.1692307692307693 0.14450867052023122 0.2564102564102564
14 0.25 0.1692307692307693 0.07539582809751194 0.07692307692307693
17 0.646356783919598 0.2205128205128205 0.08796179944709726 0.1794871794871795
13 0.49811557788944727 0.2205128205128205 0.09424478512188993 0.10256410256410256
11 0.37248743718592964 0.19487179487179496 0.09424478512188993 0.10256410256410256
9 0.8216080402010052 0.9256410256410257 0.025131942699170646 0.07692307692307693
3 0.7456030150753769 0.476923076923077 0.025131942699170646 0.07692307692307693
3 0.9227386934673368 0.476923076923077 0.025131942699170646 0.07692307692307693
3 0.8724874371859297 0.6820512820512821 0.025131942699170646 0.07692307692307693
0 0.884422110552764 0.7948717948717949 0.012565971349585323 0.05128205128205128
0 0.7839195979899498 0.5769230769230769 0.012565971349585323 0.05128205128205128
0 0.8718592964824122 0.34615384615384615 0.012565971349585323 0.05128205128205128
0 0.5954773869346733 0.39743589743589747 0.012565971349585323 0.05128205128205128
0 0.09296482412060303 0.34615384615384615 0.012565971349585323 0.05128205128205128
