13 0.4535623409669211 0.44166666666666665 0.09544413336726902 0.16666666666666666
16 0.294529262086514 0.4 0.14634767116314584 0.4166666666666667
16 0.11641221374045803 0.31666666666666676 0.14634767116314584 0.4166666666666667
16 0.6125954198473282 0.3583333333333334 0.14634767116314584 0.4166666666666667
10 0.8575063613231554 0.6708333333333334 0.025451768897938407 0.125
2 0.7551145038167939 0.6916666666666667 0.025451768897938407 0.125
4 0.9217557251908398 0.6916666666666667 0.025451768897938407 0.125
3 0.8454198473282444 0.44166666666666665 0.025451768897938407 0.125
3 0.755089058524173 0.44166666666666665 0.025451768897938407 0.125
0 0.7938931297709924 0.9375 0.012725884448969204 0.08333333333333333
0 0.7430025445292622 0.2583333333333334 0.012725884448969204 0.08333333333333333
0 0.539440203562341 0.6458333333333333 0.012725884448969204 0.08333333333333333
0 0.04325699745547074 0.6041666666666667 0.012725884448969204 0.08333333333333333
