11 0.3217687074829932 0.3655172413793104 0.10204081632653061 0.13793103448275862
11 0.15850340136054422 0.3310344827586207 0.10204081632653061 0.13793103448275862
17 0.8768707482993198 0.5379310344827587 0.09523809523809523 0.2413793103448276
11 0.4850340136054422 0.3655172413793104 0.10204081632653061 0.13793103448275862
11 0.9068027210884354 0.12413793103448278 0.10204081632653061 0.13793103448275862
1 0.7394829931972788 0.7793103448275862 0.027210884353741496 0.10344827586206896
2 0.6034285714285714 0.43448275862068975 0.027210884353741496 0.10344827586206896
2 0.713578231292517 0.43448275862068975 0.027210884353741496 0.10344827586206896
5 0.6585034013605442 0.4172413793103449 0.027210884353741496 0.10344827586206896
0 0.7265306122448979 0.9482758620689655 0.013605442176870748 0.06896551724137931
0 0.5904761904761905 0.6206896551724138 0.013605442176870748 0.06896551724137931
0 0.5904761904761905 0.24827586206896557 0.013605442176870748 0.06896551724137931
0 0.2639455782312925 0.5 0.013605442176870748 0.06896551724137931
0 0.10068027210884355 0.4655172413793104 0.013605442176870748 0.06896551724137931
0 0.94421768707483 0.7758620689655172 0.013605442176870748 0.06896551724137931
0 0.8897959183673471 0.7758620689655172 0.013605442176870748 0.06896551724137931
0 0.4272108843537415 0.5 0.013605442176870748 0.06896551724137931
0 0.9714285714285715 0.2586206896551724 0.013605442176870748 0.06896551724137931
0 0.8489795918367347 0.2586206896551724 0.013605442176870748 0.06896551724137931
