15 0.14111675126903553 0.757201646090535 0.12185215272136475 0.205761316872428
16 0.40913705583756343 0.42798353909465026 0.23354995938261575 0.411522633744856
17 0.15126903553299492 0.22222222222222232 0.1421608448415922 0.2880658436213992
11 0.6832487309644669 0.4691358024691358 0.15231519090170592 0.1646090534979424
6 0.8203045685279188 0.40740740740740744 0.04061738424045491 0.12345679012345678
9 0.8812182741116751 0.40740740740740744 0.04061738424045491 0.12345679012345678
0 0.8812182741116751 0.588477366255144 0.020308692120227456 0.0823045267489712
0 0.23147208121827412 0.9382716049382716 0.020308692120227456 0.0823045267489712
0 0.06903553299492386 0.9382716049382716 0.020308692120227456 0.0823045267489712
0 0.06903553299492386 0.5061728395061729 0.020308692120227456 0.0823045267489712
0 0.5969543147208122 0.6296296296296297 0.020308692120227456 0.0823045267489712
