12 0.15743243243243243 0.5888888888888888 0.10135135135135136 0.2222222222222222
11 0.5493243243243243 0.5333333333333333 0.10135135135135136 0.2222222222222222
12 0.7655405405405405 0.42222222222222217 0.10135135135135136 0.2222222222222222
11 0.30608108108108106 0.5333333333333333 0.10135135135135136 0.2222222222222222
14 0.4175675675675675 0.5888888888888888 0.08108108108108109 0.16666666666666666
10 0.6405405405405405 0.6722222222222223 0.02702702702702703 0.16666666666666666
1 0.8966486486486487 0.42222222222222217 0.02702702702702703 0.16666666666666666
3 0.6533783783783783 0.3666666666666667 0.02702702702702703 0.16666666666666666
0 0.8837837837837839 0.6666666666666667 0.013513513513513514 0.1111111111111111
0 0.6405405405405405 0.9166666666666666 0.013513513513513514 0.1111111111111111
0 0.1 0.8055555555555556 0.013513513513513514 0.1111111111111111
