12 0.2871559633027523 0.3615295480880649 0.13761467889908258 0.0927213722763097
12 0.8376146788990826 0.5005793742757823 0.13761467889908258 0.0927213722763097
12 0.8743119266055046 0.08342989571263038 0.13761467889908258 0.0927213722763097
13 0.8376146788990826 0.29200463499420626 0.13761467889908258 0.0927213722763097
16 0.5532110091743119 0.31517960602549255 0.21100917431192662 0.23180343069077422
9 0.7963302752293577 0.697566628041715 0.03669724770642202 0.06954102920723226
10 0.8513761467889908 0.7207415990730011 0.03669724770642202 0.06954102920723226
3 0.8155963302752294 0.9409038238702202 0.03669724770642202 0.06954102920723226
0 0.7963302752293577 0.8227114716106605 0.01834862385321101 0.04636068613815485
0 0.9247706422018348 0.5909617612977984 0.01834862385321101 0.04636068613815485
0 0.9247706422018348 0.38238702201622254 0.01834862385321101 0.04636068613815485
0 0.9614678899082568 0.17381228273464655 0.01834862385321101 0.04636068613815485
0 0.7963302752293577 0.17381228273464655 0.01834862385321101 0.04636068613815485
