16 0.22288135593220337 0.34285714285714286 0.19491525423728814 0.35714285714285715
11 0.46864406779661016 0.7357142857142858 0.1271186440677966 0.14285714285714285
16 0.4601694915254237 0.41428571428571437 0.19491525423728814 0.35714285714285715
6 0.6338983050847458 0.18214285714285716 0.03389830508474576 0.10714285714285714
9 0.888135593220339 0.36071428571428577 0.03389830508474576 0.10714285714285714
4 0.702542372881356 0.37857142857142867 0.03389830508474576 0.10714285714285714
4 0.8720338983050848 0.5571428571428572 0.03389830508474576 0.10714285714285714
3 0.8720338983050848 0.7357142857142858 0.03389830508474576 0.10714285714285714
5 0.7694915254237288 0.18214285714285716 0.03389830508474576 0.10714285714285714
0 0.8203389830508474 0.875 0.01694915254237288 0.07142857142857142
0 0.12542372881355932 0.5892857142857143 0.01694915254237288 0.07142857142857142
0 0.3966101694915254 0.875 0.01694915254237288 0.07142857142857142
