12 0.8829059829059829 0.7428571428571429 0.1282051282051282 0.19047619047619047
14 0.28888888888888886 0.5523809523809524 0.10256410256410256 0.14285714285714285
15 0.46068376068376066 0.5047619047619047 0.10256410256410256 0.23809523809523808
13 0.8829059829059829 0.3142857142857144 0.1282051282051282 0.19047619047619047
6 0.588034188034188 0.3380952380952381 0.03418803418803419 0.14285714285714285
6 0.7418803418803419 0.6238095238095238 0.03418803418803419 0.14285714285714285
2 0.7256068376068376 0.36190476190476184 0.03418803418803419 0.14285714285714285
3 0.6555555555555554 0.36190476190476184 0.03418803418803419 0.14285714285714285
5 0.15213675213675215 0.5047619047619047 0.05128205128205128 0.09523809523809523
0 0.7418803418803419 0.8333333333333334 0.017094017094017096 0.09523809523809523
0 0.9641025641025641 0.9285714285714286 0.017094017094017096 0.09523809523809523
0 0.9641025641025641 0.5 0.017094017094017096 0.09523809523809523
0 0.39999999999999997 0.7142857142857143 0.017094017094017096 0.09523809523809523
