17 0.43769230769230766 0.5470588235294118 0.1076923076923077 0.20588235294117646
14 0.13692307692307693 0.4 0.09230769230769231 0.08823529411764706
15 0.27615384615384614 0.37058823529411766 0.09230769230769231 0.14705882352941177
10 0.7292307692307692 0.7676470588235293 0.03076923076923077 0.08823529411764706
1 0.8515692307692307 0.2529411764705882 0.03076923076923077 0.08823529411764706
2 0.8222769230769231 0.4882352941176471 0.03076923076923077 0.08823529411764706
1 0.8515692307692307 0.7529411764705882 0.03076923076923077 0.08823529411764706
4 0.5746153846153845 0.2529411764705882 0.03076923076923077 0.08823529411764706
5 0.6676923076923077 0.7382352941176471 0.03076923076923077 0.08823529411764706
0 0.6676923076923077 0.9264705882352942 0.015384615384615385 0.058823529411764705
0 0.5599999999999999 0.123529411764706 0.015384615384615385 0.058823529411764705
0 0.6215384615384615 0.36764705882352944 0.015384615384615385 0.058823529411764705
0 0.8984615384615384 0.6029411764705883 0.015384615384615385 0.058823529411764705
0 0.7753846153846153 0.36764705882352944 0.015384615384615385 0.058823529411764705
