11 0.8886178861788617 0.6636363636363636 0.12195121951219512 0.18181818181818182
13 0.8886178861788617 0.25454545454545463 0.12195121951219512 0.18181818181818182
11 0.5471544715447154 0.6636363636363636 0.12195121951219512 0.18181818181818182
13 0.7260162601626016 0.6181818181818182 0.12195121951219512 0.18181818181818182
6 0.26666666666666666 0.6409090909090909 0.032520325203252036 0.13636363636363635
2 0.18614634146341463 0.5272727272727273 0.032520325203252036 0.13636363636363635
3 0.36341463414634145 0.8454545454545455 0.032520325203252036 0.13636363636363635
3 0.28211382113821143 0.3909090909090909 0.032520325203252036 0.13636363636363635
0 0.26666666666666666 0.19090909090909103 0.016260162601626018 0.09090909090909091
0 0.9658536585365853 0.8409090909090909 0.016260162601626018 0.09090909090909091
0 0.9658536585365853 0.43181818181818177 0.016260162601626018 0.09090909090909091
0 0.656910569105691 0.7954545454545454 0.016260162601626018 0.09090909090909091
0 0.47804878048780486 0.8409090909090909 0.016260162601626018 0.09090909090909091
