11 0.21865671641791043 0.5080459770114942 0.11194029850746269 0.09195402298850575
16 0.3902985074626866 0.8298850574712644 0.17164179104477612 0.22988505747126436
16 0.3902985074626866 0.5540229885057472 0.17164179104477612 0.22988505747126436
6 0.7373134328358208 0.7264367816091954 0.029850746268656716 0.06896551724137931
6 0.6626865671641791 0.4045977011494253 0.029850746268656716 0.06896551724137931
6 0.617910447761194 0.3816091954022989 0.029850746268656716 0.06896551724137931
2 0.7231044776119403 0.5310344827586206 0.029850746268656716 0.06896551724137931
2 0.7231044776119403 0.2781609195402299 0.029850746268656716 0.06896551724137931
4 0.5574626865671641 0.16321839080459777 0.029850746268656716 0.06896551724137931
3 0.8425373134328359 0.7149425287356321 0.029850746268656716 0.06896551724137931
0 0.8567164179104477 0.8160919540229885 0.014925373134328358 0.04597701149425287
0 0.5432835820895522 0.06206896551724139 0.014925373134328358 0.04597701149425287
0 0.7970149253731343 0.6206896551724138 0.014925373134328358 0.04597701149425287
0 0.15522388059701492 0.5977011494252873 0.014925373134328358 0.04597701149425287
