11 0.3619565217391304 0.5052631578947369 0.16304347826086957 0.21052631578947367
14 0.3456521739130434 0.2421052631578947 0.13043478260869565 0.15789473684210525
14 0.15 0.5052631578947369 0.13043478260869565 0.15789473684210525
9 0.6391304347826087 0.6368421052631579 0.043478260869565216 0.15789473684210525
2 0.5511304347826086 0.2421052631578947 0.043478260869565216 0.15789473684210525
3 0.7249999999999999 0.6105263157894736 0.043478260869565216 0.15789473684210525
4 0.5510869565217391 0.6105263157894736 0.043478260869565216 0.15789473684210525
4 0.8358695652173914 0.6105263157894736 0.043478260869565216 0.15789473684210525
0 0.6391304347826087 0.9210526315789473 0.021739130434782608 0.10526315789473684
0 0.07391304347826087 0.6842105263157895 0.021739130434782608 0.10526315789473684
