14 0.898224852071006 0.8 0.07100591715976332 0.12244897959183673
17 0.2420118343195266 0.3918367346938776 0.08284023668639054 0.2857142857142857
15 0.6502958579881657 0.47346938775510206 0.07100591715976332 0.20408163265306123
15 0.12958579881656804 0.3510204081632654 0.07100591715976332 0.20408163265306123
16 0.4041420118343195 0.3102040816326531 0.13609467455621302 0.40816326530612246
12 0.8005917159763314 0.47346938775510206 0.08875739644970414 0.16326530612244897
11 0.9307692307692308 0.43265306122448977 0.08875739644970414 0.16326530612244897
1 0.549680473372781 0.3918367346938776 0.023668639053254437 0.12244897959183673
0 0.9514792899408284 0.9387755102040817 0.011834319526627219 0.08163265306122448
0 0.08757396449704143 0.5306122448979591 0.011834319526627219 0.08163265306122448
0 0.7029585798816568 0.653061224489796 0.011834319526627219 0.08163265306122448
0 0.608284023668639 0.653061224489796 0.011834319526627219 0.08163265306122448
0 0.336094674556213 0.5918367346938775 0.011834319526627219 0.08163265306122448
0 0.7502958579881657 0.6326530612244898 0.011834319526627219 0.08163265306122448
0 0.8804733727810652 0.5918367346938775 0.011834319526627219 0.08163265306122448
