13 0.5788321167883211 0.36923076923076925 0.10948905109489052 0.15384615384615385
11 0.5788321167883211 0.6 0.10948905109489052 0.15384615384615385
12 0.9000000000000001 0.2153846153846154 0.10948905109489052 0.15384615384615385
11 0.22846715328467151 0.17692307692307696 0.10948905109489052 0.15384615384615385
11 0.7248175182481752 0.6 0.10948905109489052 0.15384615384615385
17 0.25474452554744526 0.523076923076923 0.10218978102189781 0.2692307692307692
11 0.8708029197080291 0.5615384615384615 0.10948905109489052 0.15384615384615385
11 0.5788321167883211 0.8307692307692307 0.10948905109489052 0.15384615384615385
11 0.41824817518248175 0.4076923076923078 0.10948905109489052 0.15384615384615385
0 0.9401459854014599 0.7115384615384616 0.014598540145985401 0.07692307692307693
0 0.9693430656934308 0.3653846153846154 0.014598540145985401 0.07692307692307693
0 0.837956204379562 0.3653846153846154 0.014598540145985401 0.07692307692307693
0 0.35620437956204376 0.5576923076923077 0.014598540145985401 0.07692307692307693
0 0.19562043795620437 0.7884615384615384 0.014598540145985401 0.07692307692307693
