11 0.775177304964539 0.37857142857142867 0.10638297872340426 0.14285714285714285
14 0.8921985815602838 0.6642857142857143 0.0851063829787234 0.10714285714285714
12 0.16524822695035463 0.8071428571428572 0.10638297872340426 0.14285714285714285
12 0.9028368794326241 0.34285714285714286 0.10638297872340426 0.14285714285714285
11 0.6049645390070921 0.41428571428571437 0.10638297872340426 0.14285714285714285
6 0.38865248226950355 0.7892857142857143 0.028368794326241134 0.10714285714285714
2 0.29004255319148936 0.8071428571428572 0.028368794326241134 0.10714285714285714
2 0.40215602836879427 0.41428571428571437 0.028368794326241134 0.10714285714285714
3 0.474468085106383 0.23571428571428577 0.028368794326241134 0.10714285714285714
0 0.33191489361702126 0.5535714285714286 0.014184397163120567 0.07142857142857142
0 0.9560283687943263 0.7857142857142857 0.014184397163120567 0.07142857142857142
0 0.9702127659574469 0.4821428571428571 0.014184397163120567 0.07142857142857142
0 0.7148936170212766 0.5178571428571428 0.014184397163120567 0.07142857142857142
0 0.1049645390070922 0.9464285714285714 0.014184397163120567 0.07142857142857142
