14 0.8556319407720784 0.4571428571428571 0.06346519991537973 0.14285714285714285
13 0.34531993654151244 0.6476190476190475 0.07933149989422467 0.19047619047619047
15 0.6657852987837124 0.4095238095238095 0.06346519991537973 0.23809523809523808
11 0.5674246430460074 0.36190476190476184 0.07933149989422467 0.19047619047619047
17 0.7662612374405077 0.4571428571428571 0.07404273323460969 0.3333333333333333
11 0.10206240084611318 0.6 0.07933149989422467 0.19047619047619047
11 0.32416710735060816 0.36190476190476184 0.07933149989422467 0.19047619047619047
11 0.21840296139608673 0.5523809523809524 0.07933149989422467 0.19047619047619047
11 0.4510840824960338 0.4095238095238095 0.07933149989422467 0.19047619047619047
9 0.9349550502379694 0.4809523809523809 0.02115506663845991 0.14285714285714285
0 0.3003701745108408 0.8333333333333334 0.010577533319229955 0.09523809523809523
0 0.5224748810153358 0.5476190476190477 0.010577533319229955 0.09523809523809523
0 0.17345319936541512 0.7380952380952381 0.010577533319229955 0.09523809523809523
