11 0.524712643678161 0.6823529411764706 0.08620689655172414 0.23529411764705882
11 0.6396551724137931 0.6823529411764706 0.08620689655172414 0.23529411764705882
11 0.7545977011494254 0.6235294117647059 0.08620689655172414 0.23529411764705882
11 0.1454022988505747 0.3294117647058823 0.08620689655172414 0.23529411764705882
15 0.2752873563218391 0.5058823529411764 0.06896551724137931 0.29411764705882354
12 0.3982758620689655 0.6235294117647059 0.08620689655172414 0.23529411764705882
12 0.16839080459770114 0.6823529411764706 0.08620689655172414 0.23529411764705882
2 0.8546206896551725 0.5058823529411764 0.022988505747126436 0.17647058823529413
4 0.9120689655172415 0.5058823529411764 0.022988505747126436 0.17647058823529413
0 0.8436781609195403 0.24705882352941178 0.011494252873563218 0.11764705882352941
0 0.47586206896551725 0.9117647058823529 0.011494252873563218 0.11764705882352941
0 0.11954022988505747 0.9117647058823529 0.011494252873563218 0.11764705882352941
0 0.34942528735632183 0.8529411764705882 0.011494252873563218 0.11764705882352941
