11 0.25652173913043474 0.5176470588235295 0.09316770186335403 0.11764705882352941
11 0.7782608695652175 0.4882352941176471 0.09316770186335403 0.11764705882352941
15 0.5211180124223603 0.4882352941176471 0.07453416149068323 0.14705882352941177
12 0.9149068322981367 0.10588235294117654 0.09316770186335403 0.11764705882352941
11 0.6540372670807453 0.45882352941176474 0.09316770186335403 0.11764705882352941
11 0.39316770186335404 0.4882352941176471 0.09316770186335403 0.11764705882352941
11 0.9149068322981367 0.37058823529411766 0.09316770186335403 0.11764705882352941
15 0.11118012422360248 0.5176470588235295 0.07453416149068323 0.14705882352941177
6 0.8869565217391305 0.6205882352941177 0.024844720496894408 0.08823529411764706
1 0.8999751552795032 0.8117647058823529 0.024844720496894408 0.08823529411764706
0 0.9118012422360249 0.9411764705882353 0.012422360248447204 0.058823529411764705
0 0.9739130434782609 0.4852941176470589 0.012422360248447204 0.058823529411764705
0 0.9739130434782609 0.22058823529411764 0.012422360248447204 0.058823529411764705
0 0.20372670807453414 0.6323529411764706 0.012422360248447204 0.058823529411764705
0 0.47701863354037266 0.6176470588235294 0.012422360248447204 0.058823529411764705
