17 0.1708955223880597 0.40645161290322585 0.1044776119402985 0.22580645161290322
12 0.3082089552238806 0.37419354838709684 0.11194029850746269 0.12903225806451613
14 0.1328358208955224 0.1483870967741936 0.08955223880597014 0.0967741935483871
13 0.45746268656716416 0.40645161290322585 0.11194029850746269 0.12903225806451613
10 0.7820895522388059 0.7774193548387096 0.029850746268656716 0.0967741935483871
2 0.6634029850746269 0.7612903225806451 0.029850746268656716 0.0967741935483871
1 0.5724179104477611 0.7612903225806451 0.029850746268656716 0.0967741935483871
4 0.723134328358209 0.40645161290322585 0.029850746268656716 0.0967741935483871
4 0.8425373134328359 0.567741935483871 0.029850746268656716 0.0967741935483871
0 0.617910447761194 0.9516129032258065 0.014925373134328358 0.06451612903225806
0 0.11044776119402985 0.6290322580645161 0.014925373134328358 0.06451612903225806
