11 0.9189349112426036 0.388235294117647 0.08875739644970414 0.23529411764705882
11 0.2088757396449704 0.44705882352941173 0.08875739644970414 0.23529411764705882
11 0.7887573964497042 0.3294117647058823 0.08875739644970414 0.23529411764705882
11 0.670414201183432 0.388235294117647 0.08875739644970414 0.23529411764705882
11 0.42189349112426033 0.44705882352941173 0.08875739644970414 0.23529411764705882
11 0.5402366863905326 0.44705882352941173 0.08875739644970414 0.23529411764705882
2 0.31299408284023666 0.44705882352941173 0.023668639053254437 0.17647058823529413
2 0.09997633136094675 0.6235294117647059 0.023668639053254437 0.17647058823529413
0 0.3242603550295858 0.7058823529411764 0.011834319526627219 0.11764705882352941
0 0.11124260355029586 0.8823529411764706 0.011834319526627219 0.11764705882352941
0 0.3715976331360947 0.6764705882352942 0.011834319526627219 0.11764705882352941
0 0.9751479289940829 0.6176470588235294 0.011834319526627219 0.11764705882352941
0 0.8686390532544379 0.6176470588235294 0.011834319526627219 0.11764705882352941
0 0.6201183431952663 0.6176470588235294 0.011834319526627219 0.11764705882352941
