17 0.19572649572649573 0.76 0.11965811965811966 0.2
13 0.8829059829059829 0.4742857142857143 0.1282051282051282 0.11428571428571428
11 0.19914529914529916 0.41714285714285715 0.1282051282051282 0.11428571428571428
11 0.8829059829059829 0.2171428571428572 0.1282051282051282 0.11428571428571428
12 0.19059829059829062 0.13142857142857145 0.1282051282051282 0.11428571428571428
17 0.36666666666666664 0.27428571428571435 0.11965811965811966 0.2
9 0.48547008547008547 0.37428571428571433 0.03418803418803419 0.08571428571428572
2 0.623042735042735 0.1885714285714286 0.03418803418803419 0.08571428571428572
3 0.7085470085470086 0.38857142857142857 0.03418803418803419 0.08571428571428572
5 0.5367521367521367 0.20285714285714285 0.03418803418803419 0.08571428571428572
0 0.48547008547008547 0.5 0.017094017094017096 0.05714285714285714
0 0.9641025641025641 0.5857142857142856 0.017094017094017096 0.05714285714285714
0 0.9641025641025641 0.3285714285714286 0.017094017094017096 0.05714285714285714
0 0.1264957264957265 0.9571428571428572 0.017094017094017096 0.05714285714285714
0 0.1264957264957265 0.5285714285714286 0.017094017094017096 0.05714285714285714
0 0.11794871794871796 0.24285714285714288 0.017094017094017096 0.05714285714285714
