12 0.8886178861788617 0.6631578947368422 0.12195121951219512 0.21052631578947367
15 0.47073170731707314 0.5052631578947369 0.0975609756097561 0.2631578947368421
15 0.308130081300813 0.5052631578947369 0.0975609756097561 0.2631578947368421
11 0.8886178861788617 0.18947368421052635 0.12195121951219512 0.21052631578947367
17 0.15365853658536585 0.5578947368421052 0.11382113821138211 0.3684210526315789
1 0.7389918699186991 0.4 0.032520325203252036 0.15789473684210525
4 0.6739837398373985 0.4 0.032520325203252036 0.15789473684210525
3 0.6073170731707316 0.4 0.032520325203252036 0.15789473684210525
0 0.6894308943089431 0.6842105263157895 0.016260162601626018 0.10526315789473684
0 0.9658536585365853 0.868421052631579 0.016260162601626018 0.10526315789473684
0 0.9658536585365853 0.39473684210526316 0.016260162601626018 0.10526315789473684
0 0.16910569105691056 0.9210526315789473 0.016260162601626018 0.10526315789473684
