12 0.7156040268456375 0.6639999999999999 0.12583892617449666 0.16
15 0.18372483221476507 0.6639999999999999 0.10067114093959731 0.2
11 0.38003355704697983 0.6639999999999999 0.12583892617449666 0.16
11 0.5478187919463087 0.704 0.12583892617449666 0.16
13 0.8833892617449663 0.14400000000000002 0.12583892617449666 0.16
2 0.88 0.504 0.03355704697986577 0.12
3 0.8968120805369127 0.744 0.03355704697986577 0.12
0 0.8456375838926175 0.94 0.016778523489932886 0.08
0 0.9630872483221476 0.30000000000000004 0.016778523489932886 0.08
0 0.12416107382550336 0.84 0.016778523489932886 0.08
0 0.30872483221476504 0.8200000000000001 0.016778523489932886 0.08
