11 0.3380597014925373 0.33125000000000004 0.11194029850746269 0.125
15 0.17835820895522386 0.58125 0.08955223880597014 0.15625
11 0.5022388059701492 0.42500000000000004 0.11194029850746269 0.125
13 0.3380597014925373 0.51875 0.11194029850746269 0.125
12 0.5320895522388059 0.14375000000000004 0.11194029850746269 0.125
10 0.7522388059701492 0.19062500000000004 0.029850746268656716 0.09375
10 0.7522388059701492 0.753125 0.029850746268656716 0.09375
2 0.8126567164179105 0.36250000000000004 0.029850746268656716 0.09375
1 0.6768955223880596 0.7375 0.029850746268656716 0.09375
3 0.887313432835821 0.7375 0.029850746268656716 0.09375
0 0.6626865671641791 0.921875 0.014925373134328358 0.0625
0 0.9014925373134328 0.6 0.014925373134328358 0.0625
0 0.826865671641791 0.5 0.014925373134328358 0.0625
0 0.4686567164179104 0.265625 0.014925373134328358 0.0625
