13 0.5026315789473684 0.503225806451613 0.13157894736842105 0.12903225806451613
16 0.5289473684210526 0.7935483870967742 0.20175438596491227 0.3225806451612903
16 0.2833333333333333 0.2774193548387097 0.20175438596491227 0.3225806451612903
13 0.22192982456140348 0.6645161290322581 0.13157894736842105 0.12903225806451613
6 0.8842105263157894 0.5838709677419355 0.03508771929824561 0.0967741935483871
6 0.7964912280701754 0.39032258064516134 0.03508771929824561 0.0967741935483871
6 0.7964912280701754 0.1967741935483871 0.03508771929824561 0.0967741935483871
10 0.7087719298245614 0.5838709677419355 0.03508771929824561 0.0967741935483871
2 0.7797894736842106 0.567741935483871 0.03508771929824561 0.0967741935483871
0 0.831578947368421 0.7903225806451613 0.017543859649122806 0.06451612903225806
0 0.1824561403508772 0.5 0.017543859649122806 0.06451612903225806
