13 0.16495726495726495 0.32000000000000006 0.1282051282051282 0.13333333333333333
11 0.47264957264957264 0.4866666666666667 0.1282051282051282 0.13333333333333333
16 0.8401709401709402 0.22000000000000008 0.19658119658119658 0.3333333333333333
11 0.6606837606837607 0.52 0.1282051282051282 0.13333333333333333
6 0.28034188034188035 0.37 0.03418803418803419 0.1
2 0.8452649572649573 0.7533333333333333 0.03418803418803419 0.1
5 0.7760683760683761 0.77 0.03418803418803419 0.1
5 0.3316239316239316 0.40333333333333343 0.03418803418803419 0.1
0 0.7760683760683761 0.95 0.017094017094017096 0.06666666666666667
0 0.8615384615384615 0.6066666666666667 0.017094017094017096 0.06666666666666667
0 0.9641025641025641 0.44999999999999996 0.017094017094017096 0.06666666666666667
0 0.588034188034188 0.65 0.017094017094017096 0.06666666666666667
