11 0.3916030534351145 0.30000000000000004 0.11450381679389313 0.18181818181818182
13 0.8954198473282442 0.5727272727272728 0.11450381679389313 0.18181818181818182
13 0.7427480916030534 0.6181818181818182 0.11450381679389313 0.18181818181818182
11 0.23893129770992363 0.25454545454545463 0.11450381679389313 0.18181818181818182
6 0.6320610687022901 0.27727272727272734 0.030534351145038167 0.13636363636363635
1 0.5259236641221374 0.30000000000000004 0.030534351145038167 0.13636363636363635
5 0.5404580152671755 0.7318181818181818 0.030534351145038167 0.13636363636363635
0 0.5404580152671755 0.9318181818181819 0.015267175572519083 0.09090909090909091
0 0.5862595419847328 0.4772727272727273 0.015267175572519083 0.09090909090909091
0 0.9679389312977099 0.75 0.015267175572519083 0.09090909090909091
