11 0.5171641791044775 0.6476190476190475 0.11194029850746269 0.19047619047619047
12 0.3529850746268656 0.6476190476190475 0.11194029850746269 0.19047619047619047
12 0.1888059701492537 0.7428571428571429 0.11194029850746269 0.19047619047619047
6 0.7522388059701492 0.5761904761904761 0.029850746268656716 0.14285714285714285
9 0.6626865671641791 0.24285714285714288 0.029850746268656716 0.14285714285714285
10 0.617910447761194 0.5761904761904761 0.029850746268656716 0.14285714285714285
1 0.7664477611940298 0.2666666666666666 0.029850746268656716 0.14285714285714285
3 0.8425373134328359 0.2666666666666666 0.029850746268656716 0.14285714285714285
5 0.7074626865671642 0.24285714285714288 0.029850746268656716 0.14285714285714285
0 0.28955223880597014 0.8333333333333334 0.014925373134328358 0.09523809523809523
