16 0.2369369369369369 0.45000000000000007 0.2072072072072072 0.35714285714285715
14 0.16036036036036036 0.16428571428571437 0.10810810810810811 0.10714285714285714
11 0.8765765765765765 0.6285714285714286 0.13513513513513514 0.14285714285714285
14 0.6648648648648648 0.6642857142857143 0.10810810810810811 0.10714285714285714
6 0.5477477477477477 0.39642857142857146 0.036036036036036036 0.10714285714285714
9 0.5477477477477477 0.575 0.036036036036036036 0.10714285714285714
10 0.4216216216216216 0.39642857142857146 0.036036036036036036 0.10714285714285714
4 0.5306306306306307 0.7714285714285714 0.036036036036036036 0.10714285714285714
0 0.47567567567567565 0.9464285714285714 0.018018018018018018 0.07142857142857142
0 0.13333333333333333 0.6964285714285714 0.018018018018018018 0.07142857142857142
0 0.9621621621621621 0.7678571428571428 0.018018018018018018 0.07142857142857142
0 0.7999999999999999 0.7678571428571428 0.018018018018018018 0.07142857142857142
