13 0.6716535433070866 0.3090909090909091 0.11811023622047244 0.09090909090909091
16 0.852755905511811 0.8090909090909091 0.18110236220472442 0.22727272727272727
11 0.8291338582677165 0.3090909090909091 0.11811023622047244 0.09090909090909091
15 0.17244094488188974 0.5136363636363637 0.09448818897637795 0.11363636363636363
17 0.6370078740157481 0.5818181818181818 0.11023622047244094 0.1590909090909091
11 0.6716535433070866 0.0818181818181819 0.11811023622047244 0.09090909090909091
17 0.4795275590551181 0.5818181818181818 0.11023622047244094 0.1590909090909091
6 0.3133858267716535 0.46818181818181825 0.047244094488188976 0.045454545454545456
0 0.9669291338582677 0.9659090909090909 0.015748031496062992 0.045454545454545456
0 0.9039370078740158 0.3977272727272727 0.015748031496062992 0.045454545454545456
0 0.6047244094488189 0.3977272727272727 0.015748031496062992 0.045454545454545456
0 0.11653543307086615 0.6136363636363636 0.015748031496062992 0.045454545454545456
0 0.6519685039370079 0.7386363636363636 0.015748031496062992 0.045454545454545456
0 0.6047244094488189 0.17045454545454541 0.015748031496062992 0.045454545454545456
