11 0.8695238095238095 0.3930013458950202 0.14285714285714285 0.10770059235325795
12 0.24095238095238092 0.15074024226110372 0.14285714285714285 0.10770059235325795
14 0.26476190476190475 0.47375504710632577 0.11428571428571428 0.08077544426494346
9 0.579047619047619 0.32570659488559894 0.0380952380952381 0.08077544426494346
10 0.579047619047619 0.648721399730821 0.0380952380952381 0.08077544426494346
2 0.463847619047619 0.5006729475100943 0.0380952380952381 0.08077544426494346
3 0.6561904761904762 0.9313593539703903 0.0380952380952381 0.08077544426494346
3 0.560952380952381 0.7967698519515478 0.0380952380952381 0.08077544426494346
5 0.38857142857142857 0.1911170928667565 0.0380952380952381 0.08077544426494346
0 0.96 0.4979811574697174 0.01904761904761905 0.053850296176628974
0 0.1980952380952381 0.5652759084791387 0.01904761904761905 0.053850296176628974
