11 0.5807017543859649 0.3655172413793104 0.08771929824561403 0.13793103448275862
14 0.7941520467836258 0.46896551724137936 0.07017543859649122 0.10344827586206896
11 0.452046783625731 0.3655172413793104 0.08771929824561403 0.13793103448275862
11 0.9198830409356726 0.12413793103448278 0.08771929824561403 0.13793103448275862
11 0.17134502923976608 0.4 0.08771929824561403 0.13793103448275862
16 0.30584795321637426 0.3310344827586207 0.13450292397660818 0.3448275862068966
15 0.6894736842105263 0.43448275862068975 0.07017543859649122 0.1724137931034483
6 0.9111111111111112 0.4 0.03508771929824561 0.06896551724137931
10 0.8935672514619883 0.693103448275862 0.023391812865497075 0.10344827586206896
5 0.8935672514619883 0.9 0.023391812865497075 0.10344827586206896
0 0.952046783625731 0.5344827586206897 0.011695906432748537 0.06896551724137931
0 0.9754385964912281 0.2586206896551724 0.011695906432748537 0.06896551724137931
0 0.1216374269005848 0.5344827586206897 0.011695906432748537 0.06896551724137931
