11 0.9055172413793104 0.7 0.10344827586206896 0.2222222222222222
12 0.9055172413793104 0.20000000000000007 0.10344827586206896 0.2222222222222222
11 0.35379310344827586 0.6444444444444444 0.10344827586206896 0.2222222222222222
11 0.7675862068965517 0.25555555555555554 0.10344827586206896 0.2222222222222222
14 0.09517241379310344 0.5888888888888888 0.08275862068965517 0.16666666666666666
14 0.20551724137931032 0.5888888888888888 0.08275862068965517 0.16666666666666666
11 0.4917241379310345 0.7 0.10344827586206896 0.2222222222222222
3 0.6131034482758622 0.3111111111111111 0.027586206896551724 0.16666666666666666
4 0.6393103448275861 0.5888888888888888 0.027586206896551724 0.16666666666666666
0 0.9710344827586208 0.9166666666666666 0.013793103448275862 0.1111111111111111
0 0.9710344827586208 0.41666666666666663 0.013793103448275862 0.1111111111111111
0 0.04689655172413793 0.7777777777777778 0.013793103448275862 0.1111111111111111
