13 0.7080357142857142 0.4656716417910448 0.13392857142857142 0.11940298507462686
13 0.27946428571428567 0.16716417910447767 0.13392857142857142 0.11940298507462686
11 0.27946428571428567 0.34626865671641793 0.13392857142857142 0.11940298507462686
11 0.5116071428571428 0.4955223880597015 0.13392857142857142 0.11940298507462686
15 0.3026785714285714 0.8238805970149253 0.10714285714285714 0.14925373134328357
11 0.3151785714285714 0.5253731343283583 0.13392857142857142 0.11940298507462686
10 0.8553571428571428 0.4656716417910448 0.05357142857142857 0.05970149253731343
0 0.6321428571428571 0.582089552238806 0.017857142857142856 0.05970149253731343
0 0.2392857142857143 0.9552238805970149 0.017857142857142856 0.05970149253731343
0 0.2392857142857143 0.6417910447761195 0.017857142857142856 0.05970149253731343
