14 0.35855855855855856 0.24905660377358496 0.10810810810810811 0.11320754716981132
14 0.8810810810810811 0.5132075471698113 0.10810810810810811 0.11320754716981132
16 0.16486486486486487 0.24905660377358496 0.2072072072072072 0.37735849056603776
9 0.5297297297297298 0.3056603773584906 0.036036036036036036 0.11320754716981132
9 0.47567567567567565 0.7207547169811321 0.036036036036036036 0.11320754716981132
10 0.5837837837837837 0.5320754716981132 0.036036036036036036 0.11320754716981132
4 0.7468468468468469 0.3245283018867925 0.036036036036036036 0.11320754716981132
4 0.6567567567567568 0.8905660377358491 0.036036036036036036 0.11320754716981132
5 0.6738738738738739 0.3056603773584906 0.036036036036036036 0.11320754716981132
0 0.7639639639639639 0.15849056603773592 0.018018018018018018 0.07547169811320754
0 0.9621621621621621 0.6415094339622642 0.018018018018018018 0.07547169811320754
0 0.06126126126126126 0.5094339622641509 0.018018018018018018 0.07547169811320754
