12 0.909271523178808 0.28216704288939054 0.09933774834437085 0.18066847335140018
17 0.4165562913907285 0.5079006772009029 0.09271523178807947 0.31616982836495033
11 0.5781456953642384 0.5079006772009029 0.09933774834437085 0.18066847335140018
11 0.3 0.7336343115124153 0.09933774834437085 0.18066847335140018
15 0.14503311258278145 0.7336343115124153 0.07947019867549669 0.22583559168925021
4 0.8006622516556292 0.41760722347629786 0.026490066225165563 0.13550135501355012
4 0.7331125827814569 0.41760722347629786 0.026490066225165563 0.13550135501355012
5 0.680794701986755 0.16930022573363435 0.026490066225165563 0.13550135501355012
0 0.9721854304635762 0.45823927765237016 0.013245033112582781 0.09033423667570009
0 0.5218543046357615 0.6839729119638827 0.013245033112582781 0.09033423667570009
0 0.20397350993377483 0.9322799097065463 0.013245033112582781 0.09033423667570009
0 0.09801324503311258 0.9322799097065463 0.013245033112582781 0.09033423667570009
