11 0.5298136645962733 0.5369458128078818 0.09316770186335403 0.19704433497536947
13 0.1571428571428571 0.43842364532019706 0.09316770186335403 0.19704433497536947
15 0.7944099378881988 0.6847290640394088 0.07453416149068323 0.24630541871921183
12 0.9149068322981367 0.7339901477832512 0.09316770186335403 0.19704433497536947
12 0.2813664596273292 0.48768472906403937 0.09316770186335403 0.19704433497536947
11 0.4055900621118012 0.5369458128078818 0.09316770186335403 0.19704433497536947
3 0.6254658385093167 0.6354679802955665 0.024844720496894408 0.1477832512315271
4 0.7012422360248447 0.19211822660098532 0.024844720496894408 0.1477832512315271
0 0.6633540372670808 0.3842364532019704 0.012422360248447204 0.09852216748768473
0 0.9739130434782609 0.9261083743842364 0.012422360248447204 0.09852216748768473
