15 0.2723449001051525 0.5375375375375375 0.12620950778291964 0.1502403846153846
6 0.8706624605678234 0.8228228228228228 0.04206983592763988 0.09014423076923077
10 0.5341745531019979 0.7927927927927928 0.04206983592763988 0.09014423076923077
1 0.680378548895899 0.5075075075075075 0.04206983592763988 0.09014423076923077
2 0.5141535226077814 0.26726726726726724 0.04206983592763988 0.09014423076923077
4 0.7875920084121978 0.11711711711711703 0.04206983592763988 0.09014423076923077
0 0.8706624605678234 0.954954954954955 0.02103491796381994 0.06009615384615385
0 0.5972660357518401 0.3843843843843844 0.02103491796381994 0.06009615384615385
0 0.6603575184016824 0.6396396396396395 0.02103491796381994 0.06009615384615385
0 0.19768664563617247 0.6696696696696696 0.02103491796381994 0.06009615384615385
