11 0.31616161616161614 0.4257425742574258 0.15151515151515152 0.132013201320132
11 0.8616161616161616 0.8217821782178217 0.15151515151515152 0.132013201320132
12 0.8616161616161616 0.5247524752475248 0.15151515151515152 0.132013201320132
13 0.8616161616161616 0.22772277227722781 0.15151515151515152 0.132013201320132
6 0.4525252525252525 0.1452145214521453 0.04040404040404041 0.09900990099009901
2 0.5141010101010101 0.4917491749174918 0.04040404040404041 0.09900990099009901
3 0.5545454545454546 0.12871287128712883 0.04040404040404041 0.09900990099009901
3 0.6737373737373736 0.4917491749174918 0.04040404040404041 0.09900990099009901
5 0.5939393939393939 0.47524752475247534 0.04040404040404041 0.09900990099009901
0 0.4525252525252525 0.6864686468646864 0.020202020202020204 0.066006600660066
0 0.4525252525252525 0.32343234323432346 0.020202020202020204 0.066006600660066
0 0.9575757575757575 0.9504950495049505 0.020202020202020204 0.066006600660066
0 0.9575757575757575 0.6534653465346535 0.020202020202020204 0.066006600660066
0 0.9575757575757575 0.3564356435643564 0.020202020202020204 0.066006600660066
