14 0.2793388429752066 0.6823529411764706 0.09917355371900827 0.17647058823529413
15 0.7099173553719009 0.5647058823529412 0.09917355371900827 0.29411764705882354
12 0.2917355371900826 0.3294117647058823 0.12396694214876033 0.23529411764705882
11 0.8867768595041322 0.5647058823529412 0.12396694214876033 0.23529411764705882
17 0.1231404958677686 0.388235294117647 0.11570247933884298 0.4117647058823529
6 0.41983471074380163 0.7117647058823529 0.03305785123966942 0.17647058823529413
1 0.5016859504132231 0.7411764705882353 0.03305785123966942 0.17647058823529413
4 0.5694214876033058 0.7411764705882353 0.03305785123966942 0.17647058823529413
4 0.5694214876033058 0.3294117647058823 0.03305785123966942 0.17647058823529413
0 0.965289256198347 0.7941176470588236 0.01652892561983471 0.11764705882352941
0 0.05619834710743801 0.7941176470588236 0.01652892561983471 0.11764705882352941
