11 0.5830357142857142 0.6357267950963222 0.13392857142857142 0.1401541695865452
15 0.37410714285714286 0.6357267950963222 0.10714285714285714 0.1751927119831815
11 0.2080357142857143 0.6007005253940456 0.13392857142857142 0.1401541695865452
10 0.7303571428571428 0.21541155866900186 0.05357142857142857 0.0700770847932726
2 0.7205714285714285 0.7057793345008756 0.03571428571428571 0.1051156271899089
5 0.7035714285714285 0.5131348511383538 0.03571428571428571 0.1051156271899089
5 0.8285714285714285 0.6882661996497372 0.03571428571428571 0.1051156271899089
5 0.8821428571428571 0.6882661996497372 0.03571428571428571 0.1051156271899089
0 0.775 0.9124343257443083 0.017857142857142856 0.0700770847932726
0 0.7928571428571428 0.35201401050788095 0.017857142857142856 0.0700770847932726
0 0.13214285714285715 0.7373029772329247 0.017857142857142856 0.0700770847932726
