11 0.19450934579439252 0.5197132616487454 0.08761682242990654 0.14336917562724014
13 0.3230140186915888 0.4838709677419355 0.08761682242990654 0.14336917562724014
11 0.6968457943925234 0.5197132616487454 0.08761682242990654 0.14336917562724014
11 0.45151869158878505 0.5197132616487454 0.08761682242990654 0.14336917562724014
11 0.5683411214953271 0.5555555555555556 0.08761682242990654 0.14336917562724014
6 0.08644859813084113 0.6451612903225806 0.02336448598130841 0.10752688172043011
2 0.833551401869159 0.7706093189964157 0.02336448598130841 0.10752688172043011
2 0.9281308411214955 0.16129032258064513 0.02336448598130841 0.10752688172043011
2 0.8113084112149535 0.5913978494623655 0.02336448598130841 0.10752688172043011
5 0.08644859813084113 0.4301075268817205 0.02336448598130841 0.10752688172043011
0 0.8224299065420562 0.946236559139785 0.011682242990654205 0.07168458781362007
0 0.8925233644859815 0.30107526881720426 0.011682242990654205 0.07168458781362007
0 0.9392523364485983 0.3548387096774194 0.011682242990654205 0.07168458781362007
0 0.08644859813084113 0.8028673835125448 0.011682242990654205 0.07168458781362007
0 0.14485981308411217 0.6594982078853047 0.011682242990654205 0.07168458781362007
0 0.2733644859813084 0.6236559139784946 0.011682242990654205 0.07168458781362007
0 0.40186915887850466 0.6594982078853047 0.011682242990654205 0.07168458781362007
