11 0.27129629629629626 0.7757575757575758 0.1388888888888889 0.12121212121212122
6 0.6 0.7 0.037037037037037035 0.09090909090909091
9 0.6 0.5181818181818183 0.037037037037037035 0.09090909090909091
1 0.8045925925925926 0.2606060606060606 0.037037037037037035 0.09090909090909091
3 0.41388888888888886 0.7151515151515151 0.037037037037037035 0.09090909090909091
3 0.48796296296296293 0.2606060606060606 0.037037037037037035 0.09090909090909091
4 0.675 0.896969696969697 0.037037037037037035 0.09090909090909091
5 0.8777777777777778 0.27575757575757576 0.037037037037037035 0.09090909090909091
0 0.4703703703703703 0.12727272727272732 0.018518518518518517 0.06060606060606061
0 0.5444444444444444 0.3787878787878788 0.018518518518518517 0.06060606060606061
0 0.7481481481481481 0.3787878787878788 0.018518518518518517 0.06060606060606061
0 0.1925925925925926 0.8939393939393939 0.018518518518518517 0.06060606060606061
