11 0.7163265306122448 0.3655172413793104 0.10204081632653061 0.13793103448275862
12 0.15850340136054422 0.3655172413793104 0.10204081632653061 0.13793103448275862
17 0.9040816326530613 0.22758620689655173 0.09523809523809523 0.2413793103448276
12 0.5530612244897959 0.3655172413793104 0.10204081632653061 0.13793103448275862
11 0.6891156462585034 0.6758620689655173 0.10204081632653061 0.13793103448275862
12 0.3081632653061224 0.4 0.10204081632653061 0.13793103448275862
15 0.42108843537414964 0.3655172413793104 0.08163265306122448 0.1724137931034483
6 0.8489795918367347 0.6241379310344828 0.027210884353741496 0.10344827586206896
10 0.8693877551020409 0.8137931034482758 0.04081632653061224 0.06896551724137931
4 0.9040816326530613 0.6413793103448275 0.027210884353741496 0.10344827586206896
0 0.9170068027210885 0.9482758620689655 0.013605442176870748 0.06896551724137931
0 0.6585034013605442 0.5 0.013605442176870748 0.06896551724137931
0 0.10068027210884355 0.5 0.013605442176870748 0.06896551724137931
0 0.9714285714285715 0.4655172413793104 0.013605442176870748 0.06896551724137931
0 0.8489795918367347 0.4655172413793104 0.013605442176870748 0.06896551724137931
0 0.25034013605442174 0.5344827586206897 0.013605442176870748 0.06896551724137931
