12 0.33306451612903226 0.3440000000000001 0.12096774193548387 0.16
11 0.6556451612903226 0.30400000000000005 0.12096774193548387 0.16
15 0.48306451612903223 0.384 0.0967741935483871 0.2
11 0.15564516129032258 0.384 0.12096774193548387 0.16
6 0.8935483870967742 0.764 0.03225806451612903 0.12
1 0.8781935483870967 0.384 0.03225806451612903 0.12
3 0.7814516129032258 0.18400000000000005 0.03225806451612903 0.12
0 0.8935483870967742 0.94 0.016129032258064516 0.08
0 0.8290322580645161 0.54 0.016129032258064516 0.08
0 0.264516129032258 0.5 0.016129032258064516 0.08
