15 0.6963594113090629 0.1696969696969698 0.09296560272699102 0.15151515151515152
11 0.7072037180480248 0.4424242424242425 0.11620700340873877 0.12121212121212122
15 0.3400464756003098 0.38181818181818183 0.09296560272699102 0.15151515151515152
17 0.890007745933385 0.5333333333333334 0.10845986984815618 0.21212121212121213
11 0.5213013168086754 0.4121212121212121 0.11620700340873877 0.12121212121212122
12 0.8931061192873742 0.1393939393939394 0.11620700340873877 0.12121212121212122
12 0.18048024786986833 0.3212121212121213 0.11620700340873877 0.12121212121212122
6 0.8582494190549962 0.8818181818181818 0.030988534242330338 0.09090909090909091
5 0.9047250193648335 0.9121212121212121 0.030988534242330338 0.09090909090909091
0 0.9666924864446166 0.7424242424242424 0.015494267121165169 0.06060606060606061
0 0.9666924864446166 0.25757575757575757 0.015494267121165169 0.06060606060606061
0 0.2850503485670023 0.5151515151515151 0.015494267121165169 0.06060606060606061
0 0.7652982184353214 0.303030303030303 0.015494267121165169 0.06060606060606061
0 0.6413632842757553 0.303030303030303 0.015494267121165169 0.06060606060606061
0 0.6413632842757553 0.5606060606060606 0.015494267121165169 0.06060606060606061
0 0.45546088303640586 0.5303030303030303 0.015494267121165169 0.06060606060606061
0 0.11463981409759877 0.43939393939393945 0.015494267121165169 0.06060606060606061
