17 0.41547619047619044 0.7290322580645161 0.16666666666666666 0.22580645161290322
13 0.4202380952380952 0.34193548387096784 0.17857142857142858 0.12903225806451613
11 0.37261904761904757 0.11612903225806459 0.17857142857142858 0.12903225806451613
6 0.6761904761904761 0.39032258064516134 0.047619047619047616 0.0967741935483871
6 0.7476190476190476 0.5838709677419355 0.047619047619047616 0.0967741935483871
10 0.7476190476190476 0.35806451612903234 0.047619047619047616 0.0967741935483871
5 0.819047619047619 0.5838709677419355 0.047619047619047616 0.0967741935483871
0 0.7476190476190476 0.7580645161290323 0.023809523809523808 0.06451612903225806
0 0.3190476190476191 0.9516129032258065 0.023809523809523808 0.06451612903225806
0 0.3190476190476191 0.467741935483871 0.023809523809523808 0.06451612903225806
