15 0.48409090909090907 0.38857142857142857 0.09090909090909091 0.14285714285714285
11 0.19166666666666665 0.38857142857142857 0.11363636363636363 0.11428571428571428
15 0.3325757575757576 0.38857142857142857 0.09090909090909091 0.14285714285714285
6 0.5969696969696969 0.37428571428571433 0.030303030303030304 0.08571428571428572
6 0.6424242424242425 0.17428571428571438 0.030303030303030304 0.08571428571428572
9 0.5969696969696969 0.6885714285714286 0.030303030303030304 0.08571428571428572
10 0.7787878787878788 0.20285714285714285 0.030303030303030304 0.08571428571428572
10 0.7787878787878788 0.8314285714285714 0.030303030303030304 0.08571428571428572
1 0.8401212121212122 0.6742857142857143 0.030303030303030304 0.08571428571428572
3 0.718939393939394 0.5314285714285715 0.030303030303030304 0.08571428571428572
0 0.7787878787878788 0.9571428571428572 0.015151515151515152 0.05714285714285714
