11 0.4304878048780487 0.704 0.18292682926829268 0.16
13 0.4304878048780487 0.14400000000000002 0.18292682926829268 0.16
13 0.7475609756097561 0.18400000000000005 0.18292682926829268 0.16
2 0.7914146341463415 0.704 0.04878048780487805 0.12
1 0.6694634146341464 0.704 0.04878048780487805 0.12
0 0.6926829268292682 0.9 0.024390243902439025 0.08
0 0.8146341463414634 0.528 0.024390243902439025 0.08
0 0.32682926829268294 0.86 0.024390243902439025 0.08
0 0.6439024390243903 0.33999999999999997 0.024390243902439025 0.08
0 0.32682926829268294 0.30000000000000004 0.024390243902439025 0.08
