12 0.3365591397849462 0.16428571428571437 0.16129032258064516 0.14285714285714285
13 0.8526881720430107 0.8071428571428572 0.16129032258064516 0.14285714285714285
14 0.14838709677419354 0.16428571428571437 0.12903225806451613 0.10714285714285714
14 0.8365591397849462 0.5214285714285714 0.12903225806451613 0.10714285714285714
11 0.8526881720430107 0.20000000000000007 0.16129032258064516 0.14285714285714285
9 0.5462365591397849 0.21785714285714286 0.043010752688172046 0.10714285714285714
9 0.653763440860215 0.39642857142857146 0.043010752688172046 0.10714285714285714
2 0.5257634408602151 0.37857142857142867 0.043010752688172046 0.10714285714285714
0 0.589247311827957 0.625 0.021505376344086023 0.07142857142857142
0 0.9548387096774194 0.9464285714285714 0.021505376344086023 0.07142857142857142
0 0.9333333333333333 0.6428571428571428 0.021505376344086023 0.07142857142857142
0 0.9548387096774194 0.3392857142857143 0.021505376344086023 0.07142857142857142
0 0.07311827956989247 0.2857142857142857 0.021505376344086023 0.07142857142857142
