15 0.34454545454545454 0.7597402597402597 0.10909090909090909 0.16233766233766234
14 0.16181818181818183 0.7272727272727273 0.10909090909090909 0.09740259740259741
1 0.5345454545454545 0.4366233766233767 0.05454545454545454 0.06493506493506493
2 0.5454545454545454 0.6932467532467532 0.05454545454545454 0.06493506493506493
4 0.7172727272727273 0.4675324675324676 0.03636363636363636 0.09740259740259741
3 0.7518181818181817 0.30519480519480524 0.03636363636363636 0.09740259740259741
5 0.88 0.48376623376623384 0.03636363636363636 0.09740259740259741
5 0.8254545454545454 0.12662337662337664 0.03636363636363636 0.09740259740259741
0 0.6072727272727273 0.788961038961039 0.01818181818181818 0.06493506493506493
0 0.6072727272727273 0.5616883116883117 0.01818181818181818 0.06493506493506493
0 0.4254545454545454 0.9025974025974026 0.01818181818181818 0.06493506493506493
0 0.28 0.9025974025974026 0.01818181818181818 0.06493506493506493
