12 0.5664285714285714 0.27142857142857146 0.10714285714285714 0.14285714285714285
14 0.12714285714285714 0.16428571428571437 0.08571428571428572 0.10714285714285714
12 0.2807142857142857 0.20000000000000007 0.10714285714285714 0.14285714285714285
12 0.42357142857142854 0.23571428571428577 0.10714285714285714 0.14285714285714285
9 0.82 0.7535714285714286 0.02857142857142857 0.10714285714285714
1 0.7349714285714286 0.34285714285714286 0.02857142857142857 0.10714285714285714
1 0.6764571428571428 0.7714285714285714 0.02857142857142857 0.10714285714285714
2 0.7349714285714286 0.7714285714285714 0.02857142857142857 0.10714285714285714
0 0.6628571428571428 0.9285714285714286 0.014285714285714285 0.07142857142857142
0 0.6628571428571428 0.6142857142857143 0.014285714285714285 0.07142857142857142
0 0.7771428571428571 0.4821428571428571 0.014285714285714285 0.07142857142857142
0 0.22 0.3392857142857143 0.014285714285714285 0.07142857142857142
