11 0.160126582278481 0.6131687242798354 0.0949367088607595 0.1646090534979424
11 0.6031645569620253 0.5720164609053497 0.0949367088607595 0.1646090534979424
14 0.15063291139240506 0.40740740740740744 0.0759493670886076 0.12345679012345678
16 0.4449367088607595 0.5720164609053497 0.14556962025316456 0.411522633744856
11 0.28670886075949364 0.4897119341563786 0.0949367088607595 0.1646090534979424
2 0.7778227848101266 0.16049382716049387 0.02531645569620253 0.12345679012345678
4 0.9044303797468355 0.4897119341563786 0.02531645569620253 0.12345679012345678
3 0.700632911392405 0.4897119341563786 0.02531645569620253 0.12345679012345678
5 0.789873417721519 0.5102880658436214 0.02531645569620253 0.12345679012345678
0 0.7392405063291139 0.7325102880658436 0.012658227848101266 0.0823045267489712
0 0.8405063291139241 0.32098765432098764 0.012658227848101266 0.0823045267489712
0 0.3721518987341772 0.8559670781893004 0.012658227848101266 0.0823045267489712
