11 0.14746835443037976 0.42999999999999994 0.0949367088607595 0.2
11 0.6791139240506329 0.53 0.0949367088607595 0.2
11 0.4259493670886076 0.73 0.0949367088607595 0.2
12 0.27405063291139237 0.48 0.0949367088607595 0.2
11 0.40063291139240503 0.42999999999999994 0.0949367088607595 0.2
11 0.5525316455696202 0.58 0.0949367088607595 0.2
6 0.7772151898734178 0.30499999999999994 0.02531645569620253 0.15
9 0.7772151898734178 0.655 0.02531645569620253 0.15
1 0.8537721518987342 0.63 0.02531645569620253 0.15
2 0.9044050632911393 0.32999999999999996 0.02531645569620253 0.15
0 0.8151898734177216 0.925 0.012658227848101266 0.1
0 0.09367088607594937 0.625 0.012658227848101266 0.1
0 0.3721518987341772 0.925 0.012658227848101266 0.1
