12 0.2987179487179487 0.85 0.19230769230769232 0.1111111111111111
17 0.29358974358974355 0.5444444444444445 0.1794871794871795 0.19444444444444445
6 0.4974358974358974 0.6694444444444445 0.05128205128205128 0.08333333333333333
6 0.7025641025641025 0.2250000000000001 0.05128205128205128 0.08333333333333333
9 0.4974358974358974 0.5305555555555557 0.05128205128205128 0.08333333333333333
3 0.8064102564102564 0.37777777777777777 0.05128205128205128 0.08333333333333333
4 0.6012820512820513 0.23888888888888893 0.05128205128205128 0.08333333333333333
0 0.6256410256410256 0.1166666666666667 0.02564102564102564 0.05555555555555555
0 0.18974358974358976 0.9583333333333334 0.02564102564102564 0.05555555555555555
0 0.18974358974358976 0.7361111111111112 0.02564102564102564 0.05555555555555555
