15 0.3009433962264151 0.28666666666666674 0.11320754716981132 0.16666666666666666
11 0.5216981132075471 0.3533333333333334 0.14150943396226415 0.13333333333333333
12 0.7292452830188679 0.12 0.14150943396226415 0.13333333333333333
16 0.7575471698113208 0.42000000000000004 0.2169811320754717 0.3333333333333333
14 0.13018867924528302 0.2533333333333334 0.11320754716981132 0.1
2 0.7820377358490566 0.82 0.03773584905660377 0.1
0 0.6867924528301886 0.95 0.018867924528301886 0.06666666666666667
0 0.8943396226415095 0.65 0.018867924528301886 0.06666666666666667
0 0.4415094339622641 0.4833333333333333 0.018867924528301886 0.06666666666666667
0 0.06415094339622641 0.3666666666666667 0.018867924528301886 0.06666666666666667
