11 0.5764044943820225 0.6848484848484848 0.16853932584269662 0.12121212121212122
17 0.16741573033707866 0.7151515151515151 0.15730337078651685 0.21212121212121213
11 0.8460674157303371 0.290909090909091 0.16853932584269662 0.12121212121212122
14 0.7842696629213483 0.5636363636363636 0.1348314606741573 0.09090909090909091
11 0.801123595505618 0.10909090909090913 0.16853932584269662 0.12121212121212122
1 0.7965842696629214 0.806060606060606 0.0449438202247191 0.09090909090909091
5 0.37977528089887636 0.7151515151515151 0.06741573033707865 0.06060606060606061
0 0.8179775280898877 0.9393939393939394 0.02247191011235955 0.06060606060606061
0 0.8853932584269663 0.6666666666666667 0.02247191011235955 0.06060606060606061
0 0.07640449438202247 0.9242424242424242 0.02247191011235955 0.06060606060606061
0 0.952808988764045 0.40909090909090906 0.02247191011235955 0.06060606060606061
0 0.750561797752809 0.40909090909090906 0.02247191011235955 0.06060606060606061
