12 0.39026402640264024 0.20579710144927543 0.12376237623762376 0.11594202898550725
14 0.6914191419141914 0.08985507246376812 0.09900990099009901 0.08695652173913043
12 0.20874587458745872 0.1768115942028986 0.12376237623762376 0.11594202898550725
11 0.5552805280528053 0.23478260869565226 0.12376237623762376 0.11594202898550725
1 0.7318811881188119 0.43768115942028984 0.033003300330033 0.08695652173913043
1 0.815973597359736 0.43768115942028984 0.033003300330033 0.08695652173913043
2 0.8984818481848185 0.7855072463768116 0.033003300330033 0.08695652173913043
5 0.6666666666666666 0.4231884057971015 0.033003300330033 0.08695652173913043
5 0.8316831683168316 0.8 0.033003300330033 0.08695652173913043
0 0.8316831683168316 0.9565217391304348 0.0165016501650165 0.057971014492753624
0 0.9141914191419142 0.6579710144927535 0.0165016501650165 0.057971014492753624
0 0.8316831683168316 0.310144927536232 0.0165016501650165 0.057971014492753624
0 0.7161716171617162 0.5652173913043479 0.0165016501650165 0.057971014492753624
0 0.7656765676567656 0.18840579710144922 0.0165016501650165 0.057971014492753624
0 0.3201320132013201 0.3188405797101449 0.0165016501650165 0.057971014492753624
