15 0.7853773584905661 0.58 0.09433962264150944 0.25
13 0.6391509433962264 0.63 0.1179245283018868 0.2
14 0.17138364779874213 0.2300000000000001 0.09433962264150944 0.15
13 0.18317610062893083 0.63 0.1179245283018868 0.2
1 0.400125786163522 0.42999999999999994 0.031446540880503145 0.15
1 0.9174842767295597 0.63 0.031446540880503145 0.15
4 0.31996855345911945 0.42999999999999994 0.031446540880503145 0.15
3 0.5102201257861636 0.42999999999999994 0.031446540880503145 0.15
0 0.4622641509433962 0.725 0.015723270440251572 0.1
0 0.4150943396226415 0.20999999999999996 0.015723270440251572 0.1
0 0.9025157232704402 0.85 0.015723270440251572 0.1
0 0.9025157232704402 0.4099999999999999 0.015723270440251572 0.1
0 0.11635220125786164 0.825 0.015723270440251572 0.1
0 0.11635220125786164 0.4 0.015723270440251572 0.1
