15 0.18403361344537814 0.388235294117647 0.10084033613445378 0.29411764705882354
11 0.3638655462184874 0.3294117647058823 0.12605042016806722 0.23529411764705882
11 0.8848739495798319 0.388235294117647 0.12605042016806722 0.23529411764705882
9 0.47731092436974787 0.7705882352941176 0.03361344537815126 0.17647058823529413
2 0.5605378151260504 0.8 0.03361344537815126 0.17647058823529413
2 0.6445714285714285 0.388235294117647 0.03361344537815126 0.17647058823529413
4 0.7302521008403362 0.8 0.03361344537815126 0.17647058823529413
5 0.5445378151260504 0.41764705882352937 0.03361344537815126 0.17647058823529413
0 0.9647058823529412 0.6176470588235294 0.01680672268907563 0.11764705882352941
0 0.12436974789915967 0.6470588235294117 0.01680672268907563 0.11764705882352941
