11 0.5892561983471074 0.20571428571428574 0.12396694214876033 0.22857142857142856
14 0.24628099173553716 0.72 0.09917355371900827 0.17142857142857143
11 0.4074380165289256 0.6057142857142856 0.12396694214876033 0.22857142857142856
13 0.8867768595041322 0.4342857142857143 0.12396694214876033 0.22857142857142856
12 0.4074380165289256 0.2628571428571428 0.12396694214876033 0.22857142857142856
11 0.5892561983471074 0.5485714285714285 0.12396694214876033 0.22857142857142856
14 0.1140495867768595 0.72 0.09917355371900827 0.17142857142857143
1 0.7346776859504133 0.3771428571428571 0.03305785123966942 0.17142857142857143
0 0.965289256198347 0.6571428571428571 0.01652892561983471 0.11428571428571428
0 0.05619834710743801 0.9142857142857143 0.01652892561983471 0.11428571428571428
