11 0.6895348837209302 0.10000000000000009 0.1744186046511628 0.1111111111111111
11 0.363953488372093 0.85 0.1744186046511628 0.1111111111111111
15 0.39418604651162786 0.5444444444444445 0.13953488372093023 0.1388888888888889
12 0.7360465116279069 0.2666666666666667 0.1744186046511628 0.1111111111111111
9 0.6720930232558139 0.85 0.06976744186046512 0.05555555555555555
1 0.6604651162790698 0.49022222222222234 0.06976744186046512 0.05555555555555555
2 0.6744186046511628 0.6264444444444444 0.06976744186046512 0.05555555555555555
0 0.7534883720930232 0.9583333333333334 0.023255813953488372 0.05555555555555555
0 0.6604651162790698 0.7361111111111112 0.023255813953488372 0.05555555555555555
0 0.3116279069767442 0.6666666666666667 0.023255813953488372 0.05555555555555555
0 0.8465116279069768 0.375 0.023255813953488372 0.05555555555555555
0 0.6372093023255814 0.375 0.023255813953488372 0.05555555555555555
