12 0.8076131687242798 0.14336283185840715 0.15432098765432098 0.07079646017699115
17 0.7623456790123456 0.6920353982300885 0.1440329218106996 0.12389380530973451
14 0.7510288065843621 0.05486725663716818 0.12345679012345678 0.05309734513274336
11 0.7664609053497942 0.46194690265486726 0.15432098765432098 0.07079646017699115
11 0.7664609053497942 0.30265486725663715 0.15432098765432098 0.07079646017699115
14 0.46296296296296297 0.3911504424778761 0.12345679012345678 0.05309734513274336
12 0.7664609053497942 0.904424778761062 0.15432098765432098 0.07079646017699115
10 0.18518518518518517 0.3469026548672567 0.0411522633744856 0.05309734513274336
1 0.10189300411522634 0.3557522123893806 0.0411522633744856 0.05309734513274336
5 0.24691358024691357 0.3469026548672567 0.0411522633744856 0.05309734513274336
0 0.0823045267489712 0.4336283185840708 0.0205761316872428 0.035398230088495575
0 0.0823045267489712 0.2778761061946903 0.0205761316872428 0.035398230088495575
0 0.8641975308641975 0.9734513274336283 0.0205761316872428 0.035398230088495575
0 0.8641975308641975 0.8141592920353982 0.0205761316872428 0.035398230088495575
0 0.8641975308641975 0.5309734513274336 0.0205761316872428 0.035398230088495575
0 0.8641975308641975 0.37168141592920356 0.0205761316872428 0.035398230088495575
0 0.7201646090534979 0.21238938053097345 0.0205761316872428 0.035398230088495575
