12 0.2779527559055118 0.2526799387442573 0.11811023622047244 0.12254901960784313
11 0.4354330708661417 0.222052067381317 0.11811023622047244 0.12254901960784313
14 0.10866141732283464 0.222052067381317 0.09448818897637795 0.09191176470588236
11 0.8921259842519684 0.6508422664624809 0.11811023622047244 0.12254901960784313
6 0.5732283464566928 0.11485451761102605 0.031496062992125984 0.09191176470588236
6 0.5732283464566928 0.2679938744257274 0.031496062992125984 0.09191176470588236
1 0.5582362204724409 0.7733537519142419 0.031496062992125984 0.09191176470588236
1 0.6369763779527559 0.4670750382848392 0.031496062992125984 0.09191176470588236
5 0.7464566929133858 0.7580398162327718 0.031496062992125984 0.09191176470588236
0 0.7464566929133858 0.9234303215926493 0.015748031496062992 0.061274509803921566
0 0.6992125984251968 0.5865237366003062 0.015748031496062992 0.061274509803921566
0 0.2110236220472441 0.3721286370597243 0.015748031496062992 0.061274509803921566
0 0.05354330708661417 0.3261868300153139 0.015748031496062992 0.061274509803921566
0 0.9669291338582677 0.7702909647779479 0.015748031496062992 0.061274509803921566
0 0.8251968503937007 0.7702909647779479 0.015748031496062992 0.061274509803921566
