12 0.691304347826087 0.388235294117647 0.09316770186335403 0.23529411764705882
12 0.815527950310559 0.3294117647058823 0.09316770186335403 0.23529411764705882
12 0.1571428571428571 0.7411764705882353 0.09316770186335403 0.23529411764705882
11 0.5795031055900621 0.44705882352941173 0.09316770186335403 0.23529411764705882
14 0.9180124223602485 0.388235294117647 0.07453416149068323 0.17647058823529413
6 0.25341614906832294 0.5941176470588235 0.024844720496894408 0.17647058823529413
10 0.4024844720496894 0.29999999999999993 0.024844720496894408 0.17647058823529413
1 0.3149316770186335 0.3294117647058823 0.024844720496894408 0.17647058823529413
3 0.45279503105590063 0.6235294117647059 0.024844720496894408 0.17647058823529413
5 0.3652173913043478 0.6529411764705881 0.024844720496894408 0.17647058823529413
0 0.9739130434782609 0.5882352941176471 0.012422360248447204 0.11764705882352941
0 0.5267080745341615 0.6764705882352942 0.012422360248447204 0.11764705882352941
