15 0.125 0.64375 0.0684931506849315 0.15625
11 0.2528538812785388 0.36250000000000004 0.08561643835616438 0.125
11 0.5439497716894978 0.48750000000000004 0.08561643835616438 0.125
16 0.7893835616438357 0.39375000000000004 0.1312785388127854 0.3125
17 0.6558219178082193 0.33125000000000004 0.07990867579908675 0.21875
16 0.3898401826484018 0.51875 0.1312785388127854 0.3125
12 0.5382420091324202 0.20625000000000004 0.08561643835616438 0.125
6 0.2100456621004566 0.815625 0.0228310502283105 0.09375
10 0.2100456621004566 0.628125 0.0228310502283105 0.09375
1 0.929771689497717 0.45625000000000004 0.0228310502283105 0.09375
0 0.2100456621004566 0.953125 0.01141552511415525 0.0625
0 0.08447488584474887 0.78125 0.01141552511415525 0.0625
0 0.204337899543379 0.484375 0.01141552511415525 0.0625
0 0.4954337899543379 0.609375 0.01141552511415525 0.0625
0 0.4897260273972603 0.328125 0.01141552511415525 0.0625
