17 0.7396946564885497 0.384 0.10687022900763359 0.28
11 0.8954198473282442 0.3440000000000001 0.11450381679389313 0.16
16 0.13969465648854962 0.624 0.17557251908396945 0.4
6 0.41832061068702286 0.28400000000000003 0.030534351145038167 0.12
10 0.5404580152671755 0.28400000000000003 0.030534351145038167 0.12
1 0.4786564885496183 0.744 0.030534351145038167 0.12
2 0.3565190839694656 0.264 0.030534351145038167 0.12
3 0.6007633587786259 0.744 0.030534351145038167 0.12
5 0.2961832061068702 0.724 0.030534351145038167 0.12
0 0.2961832061068702 0.94 0.015267175572519083 0.08
0 0.5404580152671755 0.5 0.015267175572519083 0.08
0 0.9679389312977099 0.5 0.015267175572519083 0.08
0 0.7541984732824427 0.6599999999999999 0.015267175572519083 0.08
0 0.051908396946564885 0.9 0.015267175572519083 0.08
