14 0.41648351648351645 0.4 0.06593406593406594 0.15789473684210525
16 0.8807692307692309 0.6631578947368422 0.12637362637362637 0.5263157894736842
12 0.32582417582417583 0.34736842105263155 0.08241758241758242 0.21052631578947367
12 0.21593406593406592 0.4 0.08241758241758242 0.21052631578947367
12 0.5236263736263737 0.34736842105263155 0.08241758241758242 0.21052631578947367
16 0.65 0.4526315789473684 0.12637362637362637 0.5263157894736842
2 0.11375824175824176 0.34736842105263155 0.02197802197802198 0.15789473684210525
3 0.7620879120879122 0.5578947368421052 0.02197802197802198 0.15789473684210525
0 0.7516483516483518 0.7894736842105263 0.01098901098901099 0.10526315789473684
0 0.08131868131868132 0.5526315789473684 0.01098901098901099 0.10526315789473684
