13 0.7396341463414635 0.1586206896551725 0.09146341463414634 0.13793103448275862
16 0.5871951219512195 0.46896551724137936 0.1402439024390244 0.3448275862068966
17 0.43231707317073176 0.5379310344827587 0.08536585365853659 0.2413793103448276
13 0.3128048780487805 0.7103448275862069 0.09146341463414634 0.13793103448275862
16 0.16036585365853656 0.7103448275862069 0.1402439024390244 0.3448275862068966
17 0.7371951219512195 0.46896551724137936 0.08536585365853659 0.2413793103448276
4 0.9067073170731709 0.21034482758620698 0.024390243902439025 0.10344827586206896
5 0.8585365853658538 0.22758620689655173 0.024390243902439025 0.10344827586206896
0 0.0902439024390244 0.9482758620689655 0.012195121951219513 0.06896551724137931
0 0.5170731707317073 0.7068965517241379 0.012195121951219513 0.06896551724137931
