15 0.2697044334975369 0.25454545454545463 0.1477832512315271 0.22727272727272727
14 0.5394088669950738 0.6181818181818182 0.1477832512315271 0.13636363636363635
11 0.5578817733990147 0.34545454545454557 0.18472906403940886 0.18181818181818182
11 0.5578817733990147 0.8909090909090909 0.18472906403940886 0.18181818181818182
6 0.7487684729064039 0.6409090909090909 0.04926108374384237 0.13636363636363635
10 0.2684729064039409 0.6181818181818182 0.07389162561576355 0.09090909090909091
4 0.8485221674876847 0.6636363636363636 0.04926108374384237 0.13636363636363635
0 0.18226600985221675 0.7954545454545454 0.024630541871921183 0.09090909090909091
0 0.8719211822660098 0.8636363636363636 0.024630541871921183 0.09090909090909091
0 0.3793103448275862 0.4545454545454546 0.024630541871921183 0.09090909090909091
0 0.18226600985221675 0.4545454545454546 0.024630541871921183 0.09090909090909091
