11 0.8235772357723578 0.8071428571428572 0.12195121951219512 0.14285714285714285
16 0.8479674796747967 0.37857142857142867 0.18699186991869918 0.35714285714285715
15 0.2268292682926829 0.20000000000000007 0.0975609756097561 0.17857142857142858
15 0.6658536585365854 0.48571428571428577 0.0975609756097561 0.17857142857142858
15 0.1943089430894309 0.5571428571428572 0.0975609756097561 0.17857142857142858
9 0.46178861788617886 0.46785714285714286 0.032520325203252036 0.10714285714285714
1 0.5423089430894309 0.48571428571428565 0.032520325203252036 0.10714285714285714
3 0.36341463414634145 0.16428571428571437 0.032520325203252036 0.10714285714285714
5 0.34796747967479674 0.5035714285714286 0.032520325203252036 0.10714285714285714
0 0.46178861788617886 0.6964285714285714 0.016260162601626018 0.07142857142857142
0 0.4130081300813008 0.3035714285714286 0.016260162601626018 0.07142857142857142
0 0.9008130081300812 0.9464285714285714 0.016260162601626018 0.07142857142857142
0 0.9658536585365853 0.625 0.016260162601626018 0.07142857142857142
0 0.26666666666666666 0.7142857142857143 0.016260162601626018 0.07142857142857142
0 0.16910569105691056 0.3571428571428571 0.016260162601626018 0.07142857142857142
