12 0.8313953488372094 0.45000000000000007 0.07928118393234672 0.14285714285714285
17 0.7235729386892178 0.48571428571428577 0.07399577167019028 0.25
11 0.2182875264270613 0.48571428571428577 0.07928118393234672 0.14285714285714285
15 0.09460887949260043 0.5571428571428572 0.06342494714587738 0.17857142857142858
17 0.32188160676532773 0.6642857142857143 0.07399577167019028 0.25
13 0.4297040169133193 0.7 0.07928118393234672 0.14285714285714285
1 0.9349682875264272 0.44999999999999996 0.021141649048625793 0.10714285714285714
1 0.627399577167019 0.30714285714285716 0.021141649048625793 0.10714285714285714
3 0.5544397463002115 0.30714285714285716 0.021141649048625793 0.10714285714285714
4 0.5745243128964059 0.6285714285714286 0.021141649048625793 0.10714285714285714
0 0.5644820295983087 0.15000000000000013 0.010570824524312896 0.07142857142857142
0 0.5221987315010571 0.4464285714285714 0.010570824524312896 0.07142857142857142
0 0.1733615221987315 0.625 0.010570824524312896 0.07142857142857142
