12 0.1606896551724138 0.17151607963246562 0.10344827586206896 0.12254901960784313
17 0.3372413793103448 0.5390505359877489 0.09655172413793103 0.21446078431372548
11 0.33999999999999997 0.17151607963246562 0.10344827586206896 0.12254901960784313
11 0.643448275862069 0.3552833078101073 0.10344827586206896 0.12254901960784313
14 0.9089655172413794 0.6921898928024501 0.08275862068965517 0.09191176470588236
11 0.4779310344827586 0.3552833078101073 0.10344827586206896 0.12254901960784313
9 0.8882758620689656 0.9218989280245022 0.027586206896551724 0.09191176470588236
1 0.7641379310344827 0.38738131699846856 0.041379310344827586 0.061274509803921566
2 0.7724137931034483 0.6294640122511486 0.041379310344827586 0.061274509803921566
0 0.8193103448275861 0.7197549770290964 0.013793103448275862 0.061274509803921566
0 0.8193103448275861 0.5053598774885146 0.013793103448275862 0.061274509803921566
0 0.9710344827586208 0.7963246554364471 0.013793103448275862 0.061274509803921566
0 0.10206896551724139 0.29096477794793263 0.013793103448275862 0.061274509803921566
0 0.28137931034482755 0.7503828483920367 0.013793103448275862 0.061274509803921566
0 0.28137931034482755 0.29096477794793263 0.013793103448275862 0.061274509803921566
0 0.5848275862068966 0.4747320061255743 0.013793103448275862 0.061274509803921566
