11 0.35698113207547166 0.762962962962963 0.11322463768115942 0.14814814814814814
12 0.19094339622641507 0.762962962962963 0.11322463768115942 0.14814814814814814
11 0.5230188679245282 0.7259259259259259 0.11322463768115942 0.14814814814814814
11 0.6588679245283019 0.6888888888888889 0.11322463768115942 0.14814814814814814
12 0.84 0.13333333333333341 0.11322463768115942 0.14814814814814814
9 0.7758490566037736 0.48518518518518516 0.030193236714975844 0.1111111111111111
2 0.8973283018867925 0.762962962962963 0.030193236714975844 0.1111111111111111
4 0.8369811320754718 0.762962962962963 0.030193236714975844 0.1111111111111111
5 0.9116981132075471 0.4481481481481482 0.030193236714975844 0.1111111111111111
0 0.8513207547169811 0.9444444444444444 0.015096618357487922 0.07407407407407407
0 0.9116981132075471 0.2777777777777778 0.015096618357487922 0.07407407407407407
0 0.7758490566037736 0.2777777777777778 0.015096618357487922 0.07407407407407407
0 0.4588679245283019 0.8703703703703703 0.015096618357487922 0.07407407407407407
