16 0.8401709401709402 0.4747292418772563 0.19658119658119658 0.36101083032490977
15 0.6316239316239317 0.3664259927797835 0.10256410256410256 0.18050541516245489
11 0.45555555555555555 0.2942238267148015 0.1282051282051282 0.1444043321299639
12 0.2675213675213675 0.2581227436823106 0.1282051282051282 0.1444043321299639
10 0.11794871794871796 0.22202166064981954 0.05128205128205128 0.07220216606498195
4 0.7598290598290599 0.907942238267148 0.03418803418803419 0.10830324909747292
0 0.05811965811965812 0.36281588447653434 0.017094017094017096 0.07220216606498195
0 0.9641025641025641 0.723826714801444 0.017094017094017096 0.07220216606498195
0 0.7418803418803419 0.723826714801444 0.017094017094017096 0.07220216606498195
0 0.5709401709401709 0.5252707581227436 0.017094017094017096 0.07220216606498195
0 0.3829059829059829 0.4350180505415163 0.017094017094017096 0.07220216606498195
