11 0.6884297520661157 0.53 0.12396694214876033 0.2
11 0.8867768595041322 0.53 0.12396694214876033 0.2
13 0.12644628099173552 0.32999999999999996 0.12396694214876033 0.2
17 0.503305785123967 0.48 0.11570247933884298 0.35
6 0.3371900826446281 0.655 0.03305785123966942 0.15
9 0.3867768595041322 0.355 0.03305785123966942 0.15
1 0.2718677685950413 0.32999999999999996 0.03305785123966942 0.15
5 0.3867768595041322 0.655 0.03305785123966942 0.15
0 0.3371900826446281 0.925 0.01652892561983471 0.1
0 0.965289256198347 0.725 0.01652892561983471 0.1
0 0.8165289256198347 0.725 0.01652892561983471 0.1
0 0.05619834710743801 0.525 0.01652892561983471 0.1
