11 0.36953125 0.19411764705882362 0.1171875 0.11764705882352941
11 0.55703125 0.19411764705882362 0.1171875 0.11764705882352941
15 0.18671875 0.2529411764705882 0.09375 0.14705882352941177
9 0.725 0.6794117647058824 0.03125 0.08823529411764706
10 0.725 0.2382352941176471 0.03125 0.08823529411764706
1 0.882 0.22352941176470598 0.03125 0.08823529411764706
1 0.803875 0.8117647058823529 0.03125 0.08823529411764706
1 0.739875 0.4 0.03125 0.08823529411764706
0 0.81875 0.9411764705882353 0.015625 0.058823529411764705
0 0.678125 0.5147058823529411 0.015625 0.058823529411764705
0 0.25625 0.38235294117647056 0.015625 0.058823529411764705
0 0.490625 0.3088235294117647 0.015625 0.058823529411764705
