11 0.5456692913385827 0.6273798730734361 0.11811023622047244 0.07254261878853827
17 0.8574803149606299 0.11967361740707161 0.11023622047244094 0.12694958287994196
14 0.5653543307086614 0.4823209428830463 0.09448818897637795 0.0544069640914037
12 0.2779527559055118 0.6273798730734361 0.11811023622047244 0.07254261878853827
16 0.3015748031496063 0.39165911151405264 0.18110236220472442 0.18135654697134568
16 0.852755905511811 0.6636446056210337 0.18110236220472442 0.18135654697134568
11 0.5456692913385827 0.37352674524025387 0.11811023622047244 0.07254261878853827
17 0.8574803149606299 0.39165911151405264 0.11023622047244094 0.12694958287994196
3 0.810236220472441 0.9537624660018132 0.031496062992125984 0.0544069640914037
0 0.8251968503937007 0.8739800543970988 0.015748031496062992 0.03627130939426913
0 0.9669291338582677 0.7887579329102448 0.015748031496062992 0.03627130939426913
0 0.9354330708661417 0.5167724388032638 0.015748031496062992 0.03627130939426913
0 0.7937007874015748 0.5167724388032638 0.015748031496062992 0.03627130939426913
0 0.9354330708661417 0.24478694469628293 0.015748031496062992 0.03627130939426913
0 0.7937007874015748 0.24478694469628293 0.015748031496062992 0.03627130939426913
0 0.5102362204724409 0.543970988213962 0.015748031496062992 0.03627130939426913
0 0.2110236220472441 0.6980961015412511 0.015748031496062992 0.03627130939426913
0 0.2110236220472441 0.5167724388032638 0.015748031496062992 0.03627130939426913
