11 0.6323076923076923 0.4 0.07692307692307693 0.16666666666666666
14 0.9323076923076924 0.3583333333333334 0.06153846153846154 0.125
16 0.14512820512820512 0.775 0.11794871794871795 0.4166666666666667
17 0.2712820512820513 0.5666666666666667 0.07179487179487179 0.2916666666666667
16 0.504102564102564 0.44166666666666676 0.11794871794871795 0.4166666666666667
16 0.8220512820512821 0.31666666666666676 0.11794871794871795 0.4166666666666667
11 0.3861538461538461 0.5249999999999999 0.07692307692307693 0.16666666666666666
5 0.716923076923077 0.4 0.03076923076923077 0.08333333333333333
0 0.9784615384615385 0.5 0.010256410256410256 0.08333333333333333
0 0.3425641025641025 0.6875 0.010256410256410256 0.08333333333333333
