14 0.8127906976744187 0.34545454545454546 0.06976744186046512 0.13636363636363635
17 0.21453488372093021 0.6181818181818182 0.08139534883720931 0.3181818181818182
11 0.6005813953488371 0.3909090909090909 0.0872093023255814 0.18181818181818182
12 0.47267441860465115 0.4363636363636364 0.0872093023255814 0.18181818181818182
12 0.7168604651162791 0.34545454545454557 0.0872093023255814 0.18181818181818182
11 0.3563953488372093 0.6636363636363636 0.0872093023255814 0.18181818181818182
11 0.3563953488372093 0.25454545454545463 0.0872093023255814 0.18181818181818182
6 0.10348837209302326 0.6181818181818182 0.03488372093023256 0.09090909090909091
2 0.912186046511628 0.29999999999999993 0.023255813953488372 0.13636363636363635
0 0.5511627906976744 0.5681818181818181 0.011627906976744186 0.09090909090909091
0 0.3069767441860465 0.8409090909090909 0.011627906976744186 0.09090909090909091
0 0.3069767441860465 0.43181818181818177 0.011627906976744186 0.09090909090909091
