16 0.3357142857142857 0.45000000000000007 0.18253968253968253 0.35714285714285715
15 0.523015873015873 0.45000000000000007 0.09523809523809523 0.17857142857142858
11 0.15317460317460319 0.37857142857142867 0.11904761904761904 0.14285714285714285
6 0.8317460317460317 0.7535714285714286 0.031746031746031744 0.10714285714285714
2 0.6579047619047619 0.5214285714285714 0.031746031746031744 0.10714285714285714
2 0.8166349206349206 0.30714285714285716 0.031746031746031744 0.10714285714285714
3 0.7198412698412697 0.7357142857142858 0.031746031746031744 0.10714285714285714
4 0.6579365079365079 0.30714285714285716 0.031746031746031744 0.10714285714285714
5 0.8952380952380952 0.7178571428571429 0.031746031746031744 0.10714285714285714
0 0.7682539682539682 0.9464285714285714 0.015873015873015872 0.07142857142857142
0 0.673015873015873 0.15000000000000013 0.015873015873015872 0.07142857142857142
