11 0.5861111111111111 0.3533333333333334 0.1388888888888889 0.13333333333333333
16 0.3731481481481481 0.3866666666666667 0.21296296296296297 0.3333333333333333
14 0.16481481481481483 0.32000000000000006 0.1111111111111111 0.1
11 0.8083333333333333 0.12 0.1388888888888889 0.13333333333333333
6 0.7296296296296296 0.40333333333333343 0.037037037037037035 0.1
3 0.8046296296296297 0.6866666666666666 0.037037037037037035 0.1
5 0.7296296296296296 0.87 0.037037037037037035 0.1
0 0.8222222222222222 0.54 0.018518518518518517 0.06666666666666667
0 0.8962962962962963 0.25 0.018518518518518517 0.06666666666666667
0 0.7296296296296296 0.25 0.018518518518518517 0.06666666666666667
