11 0.37438016528925616 0.2171428571428572 0.12396694214876033 0.11428571428571428
11 0.20909090909090908 0.1885714285714286 0.12396694214876033 0.11428571428571428
14 0.8413223140495868 0.76 0.09917355371900827 0.08571428571428572
17 0.8834710743801654 0.41714285714285715 0.11570247933884298 0.2
6 0.5355371900826446 0.2885714285714286 0.03305785123966942 0.08571428571428572
9 0.4859504132231405 0.26 0.03305785123966942 0.08571428571428572
1 0.6850909090909091 0.8171428571428572 0.03305785123966942 0.08571428571428572
4 0.6008264462809917 0.4742857142857143 0.03305785123966942 0.08571428571428572
3 0.6851239669421488 0.6171428571428572 0.03305785123966942 0.08571428571428572
0 0.7008264462809917 0.9428571428571428 0.01652892561983471 0.05714285714285714
0 0.915702479338843 0.8571428571428572 0.01652892561983471 0.05714285714285714
0 0.965289256198347 0.6142857142857143 0.01652892561983471 0.05714285714285714
0 0.8165289256198347 0.6142857142857143 0.01652892561983471 0.05714285714285714
