17 0.5225165562913908 0.6335282651072125 0.09271523178807947 0.27301092043681746
11 0.3 0.6335282651072125 0.09933774834437085 0.15600624024961
11 0.1543046357615894 0.672514619883041 0.09933774834437085 0.15600624024961
15 0.6350993377483444 0.6335282651072125 0.07947019867549669 0.19500780031201248
11 0.8165562913907286 0.6335282651072125 0.09933774834437085 0.15600624024961
6 0.4026490066225165 0.34113060428849906 0.026490066225165563 0.11700468018720749
6 0.4026490066225165 0.14619883040935677 0.026490066225165563 0.11700468018720749
10 0.9258278145695364 0.6335282651072125 0.039735099337748346 0.078003120124805
5 0.4026490066225165 0.5750487329434697 0.026490066225165563 0.11700468018720749
0 0.9721854304635762 0.7855750487329435 0.013245033112582781 0.078003120124805
0 0.6940397350993377 0.8050682261208577 0.013245033112582781 0.078003120124805
0 0.09801324503311258 0.8245614035087719 0.013245033112582781 0.078003120124805
0 0.24370860927152316 0.7855750487329435 0.013245033112582781 0.078003120124805
0 0.7602649006622516 0.7855750487329435 0.013245033112582781 0.078003120124805
