12 0.7535714285714286 0.5037037037037038 0.17857142857142858 0.14814814814814814
11 0.7535714285714286 0.1703703703703704 0.17857142857142858 0.14814814814814814
12 0.22976190476190478 0.837037037037037 0.17857142857142858 0.14814814814814814
9 0.6880952380952381 0.8 0.07142857142857142 0.07407407407407407
2 0.4868571428571429 0.6148148148148148 0.047619047619047616 0.1111111111111111
0 0.41428571428571426 0.7592592592592593 0.023809523809523808 0.07407407407407407
0 0.7714285714285714 0.9444444444444444 0.023809523809523808 0.07407407407407407
0 0.8666666666666666 0.6481481481481481 0.023809523809523808 0.07407407407407407
0 0.6523809523809524 0.6481481481481481 0.023809523809523808 0.07407407407407407
0 0.6523809523809524 0.31481481481481477 0.023809523809523808 0.07407407407407407
