17 0.37094594594594593 0.3500000000000001 0.0945945945945946 0.19444444444444445
16 0.3939189189189189 0.7666666666666666 0.1554054054054054 0.2777777777777778
11 0.21148648648648646 0.21111111111111114 0.10135135135135136 0.1111111111111111
6 0.5324324324324324 0.6694444444444445 0.02702702702702703 0.08333333333333333
2 0.5858378378378378 0.40555555555555556 0.02702702702702703 0.08333333333333333
1 0.7898378378378379 0.40555555555555556 0.02702702702702703 0.08333333333333333
3 0.6682432432432432 0.15555555555555556 0.02702702702702703 0.08333333333333333
3 0.7209459459459459 0.40555555555555556 0.02702702702702703 0.08333333333333333
3 0.856081081081081 0.6555555555555556 0.02702702702702703 0.08333333333333333
0 0.5324324324324324 0.7916666666666666 0.013513513513513514 0.05555555555555555
0 0.6270270270270271 0.26388888888888884 0.013513513513513514 0.05555555555555555
0 0.8027027027027027 0.5277777777777778 0.013513513513513514 0.05555555555555555
0 0.3162162162162162 0.5416666666666667 0.013513513513513514 0.05555555555555555
0 0.3162162162162162 0.9583333333333334 0.013513513513513514 0.05555555555555555
