12 0.32555555555555554 0.44864864864864873 0.16666666666666666 0.10810810810810811
16 0.3144444444444444 0.20540540540540542 0.25555555555555554 0.2702702702702703
13 0.57 0.31351351351351353 0.16666666666666666 0.10810810810810811
9 0.8088888888888889 0.3810810810810811 0.044444444444444446 0.08108108108108109
10 0.8088888888888889 0.8135135135135135 0.044444444444444446 0.08108108108108109
10 0.72 0.3810810810810811 0.044444444444444446 0.08108108108108109
2 0.8300444444444444 0.6648648648648648 0.044444444444444446 0.08108108108108109
0 0.8088888888888889 0.9324324324324325 0.022222222222222223 0.05405405405405406
0 0.72 0.5 0.022222222222222223 0.05405405405405406
0 0.23111111111111113 0.5540540540540541 0.022222222222222223 0.05405405405405406
