11 0.23710482529118135 0.4125 0.12479201331114809 0.25
11 0.8860232945091514 0.475 0.12479201331114809 0.25
11 0.7196339434276207 0.5375 0.12479201331114809 0.25
6 0.4492512479201331 0.38125 0.033277870216306155 0.1875
2 0.3668552412645591 0.4125 0.033277870216306155 0.1875
1 0.08239600665557405 0.6 0.033277870216306155 0.1875
4 0.5332778702163061 0.4125 0.033277870216306155 0.1875
0 0.06655574043261231 0.90625 0.016638935108153077 0.125
0 0.3826955074875208 0.6875 0.016638935108153077 0.125
0 0.9650582362728786 0.71875 0.016638935108153077 0.125
0 0.64891846921797 0.78125 0.016638935108153077 0.125
