12 0.2238938053097345 0.3533333333333334 0.13274336283185842 0.13333333333333333
16 0.2504424778761062 0.6533333333333333 0.20353982300884957 0.3333333333333333
13 0.8787610619469026 0.62 0.13274336283185842 0.13333333333333333
6 0.6265486725663717 0.5033333333333334 0.035398230088495575 0.1
6 0.7327433628318584 0.5033333333333334 0.035398230088495575 0.1
10 0.679646017699115 0.17000000000000004 0.035398230088495575 0.1
10 0.7327433628318584 0.7366666666666666 0.035398230088495575 0.1
1 0.519504424778761 0.15333333333333343 0.035398230088495575 0.1
3 0.48584070796460177 0.4866666666666667 0.035398230088495575 0.1
5 0.4141592920353982 0.7033333333333334 0.035398230088495575 0.1
0 0.4141592920353982 0.9166666666666666 0.017699115044247787 0.06666666666666667
0 0.5734513274336283 0.2833333333333333 0.017699115044247787 0.06666666666666667
0 0.9628318584070796 0.75 0.017699115044247787 0.06666666666666667
