13 0.9127388535031847 0.4774774774774775 0.09554140127388536 0.1201923076923077
17 0.24777070063694268 0.6576576576576576 0.08917197452229299 0.21033653846153846
12 0.12292993630573248 0.6576576576576576 0.09554140127388536 0.1201923076923077
11 0.7853503184713376 0.5075075075075075 0.09554140127388536 0.1201923076923077
12 0.6579617834394904 0.5375375375375375 0.09554140127388536 0.1201923076923077
10 0.5146496815286624 0.7027027027027026 0.025477707006369428 0.09014423076923077
2 0.5025222929936306 0.3873873873873874 0.025477707006369428 0.09014423076923077
2 0.36117197452229294 0.7177177177177176 0.025477707006369428 0.09014423076923077
1 0.45034394904458597 0.11711711711711703 0.025477707006369428 0.09014423076923077
0 0.3490445859872611 0.8498498498498499 0.012738853503184714 0.06009615384615385
0 0.39999999999999997 0.23423423423423417 0.012738853503184714 0.06009615384615385
0 0.5528662420382165 0.5045045045045045 0.012738853503184714 0.06009615384615385
0 0.9732484076433122 0.5945945945945945 0.012738853503184714 0.06009615384615385
