11 0.7762162162162164 0.2974358974358975 0.16219723183391002 0.10256410256410256
11 0.7762162162162164 0.5282051282051282 0.16219723183391002 0.10256410256410256
11 0.3005405405405405 0.6564102564102564 0.16219723183391002 0.10256410256410256
11 0.5599999999999999 0.8615384615384616 0.16219723183391002 0.10256410256410256
12 0.7762162162162164 0.11794871794871797 0.16219723183391002 0.10256410256410256
11 0.5599999999999999 0.6564102564102564 0.16219723183391002 0.10256410256410256
6 0.7275675675675676 0.7461538461538462 0.04325259515570934 0.07692307692307693
9 0.10054054054054055 0.5923076923076924 0.04325259515570934 0.07692307692307693
0 0.8789189189189189 0.6282051282051282 0.02162629757785467 0.05128205128205128
0 0.8789189189189189 0.39743589743589747 0.02162629757785467 0.05128205128205128
0 0.4681081081081081 0.9615384615384616 0.02162629757785467 0.05128205128205128
0 0.4681081081081081 0.7564102564102564 0.02162629757785467 0.05128205128205128
