14 0.5955223880597015 0.5615384615384615 0.08955223880597014 0.11538461538461539
13 0.1738805970149254 0.6 0.11194029850746269 0.15384615384615385
12 0.4723880597014925 0.5615384615384615 0.11194029850746269 0.15384615384615385
17 0.30522388059701494 0.6 0.1044776119402985 0.2692307692307692
12 0.7559701492537313 0.523076923076923 0.11194029850746269 0.15384615384615385
6 0.9014925373134328 0.42692307692307696 0.029850746268656716 0.11538461538461539
9 0.8567164179104477 0.4653846153846154 0.029850746268656716 0.11538461538461539
10 0.9014925373134328 0.19615384615384623 0.029850746268656716 0.11538461538461539
0 0.11044776119402985 0.75 0.014925373134328358 0.07692307692307693
0 0.31940298507462683 0.8653846153846154 0.014925373134328358 0.07692307692307693
0 0.6925373134328358 0.6730769230769231 0.014925373134328358 0.07692307692307693
