11 0.6282828282828282 0.34285714285714286 0.10102370689655173 0.14285714285714285
13 0.10303030303030303 0.48571428571428577 0.10102370689655173 0.14285714285714285
12 0.507070707070707 0.37857142857142867 0.10102370689655173 0.14285714285714285
14 0.21414141414141413 0.48571428571428565 0.08081896551724138 0.10714285714285714
11 0.762962962962963 0.12857142857142867 0.10102370689655173 0.14285714285714285
12 0.34545454545454546 0.30714285714285716 0.10102370689655173 0.14285714285714285
12 0.3723905723905724 0.5214285714285714 0.10102370689655173 0.14285714285714285
1 0.7589494949494949 0.8071428571428572 0.02693965517241379 0.10714285714285714
3 0.868013468013468 0.48571428571428565 0.02693965517241379 0.10714285714285714
5 0.9212121212121213 0.46785714285714286 0.02693965517241379 0.10714285714285714
0 0.7999999999999999 0.9464285714285714 0.013469827586206896 0.07142857142857142
0 0.8808080808080809 0.3285714285714286 0.013469827586206896 0.07142857142857142
0 0.826936026936027 0.625 0.013469827586206896 0.07142857142857142
0 0.04579124579124579 0.625 0.013469827586206896 0.07142857142857142
0 0.3151515151515151 0.6607142857142857 0.013469827586206896 0.07142857142857142
