12 0.2572413793103448 0.7057793345008756 0.10344827586206896 0.1401541695865452
15 0.6751724137931034 0.5306479859894921 0.08275862068965517 0.1751927119831815
11 0.42275862068965514 0.42556917688266205 0.10344827586206896 0.1401541695865452
12 0.8089655172413793 0.4956217162872155 0.10344827586206896 0.1401541695865452
11 0.5606896551724138 0.5656742556917689 0.10344827586206896 0.1401541695865452
12 0.42275862068965514 0.7408056042031523 0.10344827586206896 0.1401541695865452
14 0.12275862068965518 0.7408056042031523 0.08275862068965517 0.1051156271899089
9 0.9227586206896552 0.21541155866900186 0.041379310344827586 0.0700770847932726
5 0.9227586206896552 0.4956217162872154 0.041379310344827586 0.0700770847932726
0 0.9710344827586208 0.6322241681260945 0.013793103448275862 0.0700770847932726
0 0.9710344827586208 0.35201401050788095 0.013793103448275862 0.0700770847932726
0 0.3641379310344827 0.8774080560420315 0.013793103448275862 0.0700770847932726
0 0.3641379310344827 0.5621716287215412 0.013793103448275862 0.0700770847932726
