11 0.2849056603773585 0.8307692307692307 0.09433962264150944 0.15384615384615385
13 0.1591194968553459 0.8692307692307693 0.09433962264150944 0.15384615384615385
15 0.7163522012578617 0.44615384615384623 0.07547169811320754 0.19230769230769232
16 0.5553459119496855 0.36923076923076925 0.14465408805031446 0.38461538461538464
16 0.8823899371069183 0.44615384615384623 0.14465408805031446 0.38461538461538464
10 0.3823899371069182 0.5423076923076923 0.025157232704402517 0.11538461538461539
1 0.3943647798742138 0.17692307692307696 0.025157232704402517 0.11538461538461539
4 0.3943396226415094 0.7538461538461538 0.025157232704402517 0.11538461538461539
0 0.4452830188679245 0.32692307692307687 0.012578616352201259 0.07692307692307693
0 0.9735849056603775 0.7115384615384616 0.012578616352201259 0.07692307692307693
0 0.7723270440251572 0.6153846153846154 0.012578616352201259 0.07692307692307693
0 0.6716981132075471 0.6153846153846154 0.012578616352201259 0.07692307692307693
