11 0.6663043478260869 0.12 0.16304347826086957 0.13333333333333333
16 0.6989130434782609 0.42000000000000004 0.25 0.3333333333333333
12 0.383695652173913 0.62 0.16304347826086957 0.13333333333333333
11 0.383695652173913 0.12 0.16304347826086957 0.13333333333333333
6 0.6173913043478261 0.8033333333333333 0.043478260869565216 0.1
5 0.6826086956521739 0.8033333333333333 0.043478260869565216 0.1
0 0.6173913043478261 0.95 0.021739130434782608 0.06666666666666667
0 0.8565217391304347 0.65 0.021739130434782608 0.06666666666666667
0 0.29130434782608694 0.75 0.021739130434782608 0.06666666666666667
0 0.29130434782608694 0.25 0.021739130434782608 0.06666666666666667
