11 0.8392592592592593 0.7389830508474576 0.1111111111111111 0.06779661016949153
16 0.8614814814814815 0.264406779661017 0.17037037037037037 0.1694915254237288
11 0.1725925925925926 0.8576271186440678 0.1111111111111111 0.06779661016949153
16 0.38740740740740737 0.8915254237288135 0.17037037037037037 0.1694915254237288
17 0.5844444444444444 0.8067796610169491 0.1037037037037037 0.11864406779661017
16 0.8614814814814815 0.535593220338983 0.17037037037037037 0.1694915254237288
13 0.8392592592592593 0.06101694915254241 0.1111111111111111 0.06779661016949153
9 0.8059259259259259 0.9 0.02962962962962963 0.05084745762711865
5 0.8503703703703703 0.8830508474576271 0.02962962962962963 0.05084745762711865
0 0.9096296296296296 0.8050847457627118 0.014814814814814815 0.03389830508474576
0 0.968888888888889 0.652542372881356 0.014814814814814815 0.03389830508474576
0 0.968888888888889 0.3813559322033898 0.014814814814814815 0.03389830508474576
0 0.9096296296296296 0.1271186440677966 0.014814814814814815 0.03389830508474576
