11 0.8543624161073826 0.6888888888888889 0.10067114093959731 0.14814814814814814
16 0.874496644295302 0.24444444444444446 0.15436241610738255 0.37037037037037035
16 0.32416107382550335 0.6888888888888889 0.15436241610738255 0.37037037037037035
16 0.6865771812080537 0.31851851851851853 0.15436241610738255 0.37037037037037035
12 0.16979865771812078 0.6518518518518519 0.10067114093959731 0.14814814814814814
11 0.16979865771812078 0.874074074074074 0.10067114093959731 0.14814814814814814
2 0.4879463087248322 0.6518518518518519 0.026845637583892617 0.1111111111111111
2 0.4623892617449665 0.28148148148148155 0.026845637583892617 0.1111111111111111
3 0.5429530201342282 0.4666666666666667 0.026845637583892617 0.1111111111111111
0 0.9181208053691275 0.8333333333333334 0.013422818791946308 0.07407407407407407
0 0.9718120805369128 0.5 0.013422818791946308 0.07407407407407407
