15 0.26826923076923076 0.53 0.11538461538461539 0.25
14 0.22884615384615387 0.2300000000000001 0.11538461538461539 0.15
13 0.5028846153846154 0.63 0.14423076923076922 0.2
11 0.4740384615384615 0.32999999999999996 0.14423076923076922 0.2
6 0.7192307692307692 0.405 0.038461538461538464 0.15
10 0.6615384615384615 0.355 0.038461538461538464 0.15
10 0.8153846153846154 0.855 0.038461538461538464 0.15
1 0.7970769230769231 0.38 0.038461538461538464 0.15
0 0.8730769230769231 0.575 0.019230769230769232 0.1
0 0.2 0.75 0.019230769230769232 0.1
0 0.4211538461538461 0.825 0.019230769230769232 0.1
