16 0.6136842105263157 0.7393075356415478 0.24210526315789474 0.40749796251018744
13 0.371578947368421 0.6578411405295316 0.15789473684210525 0.16299918500407498
12 0.8557894736842105 0.20977596741344207 0.15789473684210525 0.16299918500407498
9 0.8084210526315789 0.80040733197556 0.042105263157894736 0.12224938875305623
9 0.6084210526315789 0.2505091649694502 0.06315789473684211 0.08149959250203749
5 0.14526315789473684 0.6171079429735233 0.06315789473684211 0.08149959250203749
0 0.07157894736842105 0.7759674134419552 0.021052631578947368 0.08149959250203749
0 0.5347368421052632 0.40936863543788193 0.021052631578947368 0.08149959250203749
0 0.9557894736842105 0.3686354378818737 0.021052631578947368 0.08149959250203749
0 0.28210526315789475 0.8167006109979633 0.021052631578947368 0.08149959250203749
