11 0.8848739495798319 0.7151515151515151 0.12605042016806722 0.12121212121212122
11 0.380672268907563 0.4424242424242425 0.12605042016806722 0.12121212121212122
13 0.1957983193277311 0.4121212121212121 0.12605042016806722 0.12121212121212122
9 0.4941176470588235 0.2151515151515152 0.03361344537815126 0.09090909090909091
10 0.6957983193277311 0.2151515151515152 0.03361344537815126 0.09090909090909091
2 0.7117983193277311 0.38181818181818183 0.03361344537815126 0.09090909090909091
2 0.5101176470588235 0.38181818181818183 0.03361344537815126 0.09090909090909091
4 0.6294117647058824 0.806060606060606 0.03361344537815126 0.09090909090909091
5 0.6957983193277311 0.8212121212121212 0.03361344537815126 0.09090909090909091
5 0.4941176470588235 0.6393939393939394 0.03361344537815126 0.09090909090909091
0 0.6957983193277311 0.9545454545454546 0.01680672268907563 0.06060606060606061
0 0.561344537815126 0.5 0.01680672268907563 0.06060606060606061
0 0.9647058823529412 0.8333333333333334 0.01680672268907563 0.06060606060606061
0 0.12436974789915967 0.5303030303030303 0.01680672268907563 0.06060606060606061
