15 0.18106060606060606 0.7259259259259259 0.09090909090909091 0.18518518518518517
13 0.8431818181818181 0.5037037037037038 0.11363636363636363 0.14814814814814814
17 0.6886363636363637 0.24444444444444446 0.10606060606060606 0.25925925925925924
15 0.8325757575757576 0.28148148148148155 0.09090909090909091 0.18518518518518517
6 0.3545454545454545 0.30000000000000004 0.030303030303030304 0.1111111111111111
10 0.3090909090909091 0.5962962962962963 0.030303030303030304 0.1111111111111111
2 0.36896969696969695 0.5777777777777777 0.030303030303030304 0.1111111111111111
3 0.521969696969697 0.5777777777777777 0.030303030303030304 0.1111111111111111
4 0.43106060606060603 0.31851851851851853 0.030303030303030304 0.1111111111111111
0 0.4757575757575757 0.7962962962962963 0.015151515151515152 0.07407407407407407
0 0.44545454545454544 0.15555555555555567 0.015151515151515152 0.07407407407407407
0 0.24848484848484848 0.8888888888888888 0.015151515151515152 0.07407407407407407
0 0.9151515151515152 0.6481481481481481 0.015151515151515152 0.07407407407407407
0 0.6272727272727272 0.5 0.015151515151515152 0.07407407407407407
