11 0.12047244094488188 0.7357142857142858 0.11811023622047244 0.14285714285714285
11 0.7346456692913386 0.27142857142857146 0.11811023622047244 0.14285714285714285
11 0.8921259842519684 0.5571428571428572 0.11811023622047244 0.14285714285714285
12 0.8921259842519684 0.23571428571428577 0.11811023622047244 0.14285714285714285
11 0.2779527559055118 0.7714285714285714 0.11811023622047244 0.14285714285714285
6 0.39999999999999997 0.575 0.031496062992125984 0.10714285714285714
10 0.5889763779527559 0.18214285714285716 0.031496062992125984 0.10714285714285714
2 0.5739842519685039 0.41428571428571437 0.031496062992125984 0.10714285714285714
2 0.463748031496063 0.7714285714285714 0.031496062992125984 0.10714285714285714
0 0.5102362204724409 0.9107142857142857 0.015748031496062992 0.07142857142857142
0 0.9669291338582677 0.6964285714285714 0.015748031496062992 0.07142857142857142
0 0.9669291338582677 0.375 0.015748031496062992 0.07142857142857142
0 0.05354330708661417 0.875 0.015748031496062992 0.07142857142857142
