17 0.6119718309859156 0.6533333333333333 0.09859154929577464 0.23333333333333334
12 0.47394366197183097 0.6533333333333333 0.1056338028169014 0.13333333333333333
14 0.1676056338028169 0.52 0.08450704225352113 0.1
14 0.1676056338028169 0.6866666666666666 0.08450704225352113 0.1
12 0.3471830985915493 0.6866666666666666 0.1056338028169014 0.13333333333333333
13 0.20633802816901406 0.82 0.1056338028169014 0.13333333333333333
6 0.7098591549295774 0.13666666666666671 0.028169014084507043 0.1
6 0.7098591549295774 0.6033333333333333 0.028169014084507043 0.1
1 0.8500281690140845 0.5866666666666667 0.028169014084507043 0.1
3 0.7950704225352113 0.5866666666666667 0.028169014084507043 0.1
0 0.7098591549295774 0.2833333333333333 0.014084507042253521 0.06666666666666667
0 0.752112676056338 0.7166666666666667 0.014084507042253521 0.06666666666666667
0 0.8084507042253521 0.43999999999999995 0.014084507042253521 0.06666666666666667
0 0.14647887323943662 0.95 0.014084507042253521 0.06666666666666667
