13 0.41824817518248175 0.46399999999999997 0.10948905109489052 0.16
11 0.754014598540146 0.42400000000000004 0.10948905109489052 0.16
11 0.9000000000000001 0.784 0.10948905109489052 0.16
12 0.38905109489051093 0.2240000000000001 0.10948905109489052 0.16
16 0.2065693430656934 0.3440000000000001 0.1678832116788321 0.4
15 0.8897810218978103 0.42400000000000004 0.08759124087591241 0.2
1 0.5306861313868613 0.504 0.029197080291970802 0.12
3 0.6197080291970803 0.30400000000000005 0.029197080291970802 0.12
0 0.5751824817518248 0.6599999999999999 0.014598540145985401 0.08
0 0.9693430656934308 0.94 0.014598540145985401 0.08
0 0.9547445255474454 0.6 0.014598540145985401 0.08
0 0.35620437956204376 0.62 0.014598540145985401 0.08
