11 0.7955223880597014 0.58125 0.22388059701492538 0.125
11 0.7955223880597014 0.30000000000000004 0.22388059701492538 0.125
11 0.735820895522388 0.11250000000000004 0.22388059701492538 0.125
11 0.4074626865671641 0.83125 0.22388059701492538 0.125
5 0.7134328358208955 0.83125 0.08955223880597014 0.0625
0 0.817910447761194 0.953125 0.029850746268656716 0.0625
0 0.6686567164179104 0.703125 0.029850746268656716 0.0625
0 0.9373134328358208 0.421875 0.029850746268656716 0.0625
0 0.6686567164179104 0.421875 0.029850746268656716 0.0625
0 0.28059701492537314 0.953125 0.029850746268656716 0.0625
