11 0.8743119266055046 0.544 0.13761467889908258 0.16
17 0.6871559633027523 0.584 0.12844036697247707 0.28
12 0.23211009174311925 0.504 0.13761467889908258 0.16
6 0.4660550458715596 0.484 0.03669724770642202 0.12
9 0.4660550458715596 0.2440000000000001 0.03669724770642202 0.12
4 0.39357798165137614 0.504 0.03669724770642202 0.12
5 0.5211009174311927 0.2440000000000001 0.03669724770642202 0.12
0 0.4110091743119266 0.72 0.01834862385321101 0.08
0 0.9614678899082568 0.7 0.01834862385321101 0.08
0 0.7045871559633027 0.86 0.01834862385321101 0.08
