14 0.314540059347181 0.22000000000000008 0.1187178472497032 0.1
15 0.49357072205736896 0.18666666666666676 0.1187178472497032 0.16666666666666666
12 0.1513353115727003 0.22000000000000008 0.148397309062129 0.13333333333333333
15 0.49357072205736896 0.6866666666666666 0.1187178472497032 0.16666666666666666
9 0.7596439169139466 0.8033333333333333 0.03957261574990107 0.1
10 0.8189910979228486 0.27 0.03957261574990107 0.1
1 0.659782393669634 0.4866666666666667 0.03957261574990107 0.1
1 0.659782393669634 0.28666666666666674 0.03957261574990107 0.1
3 0.7408506429277943 0.28666666666666674 0.03957261574990107 0.1
5 0.8783382789317508 0.30333333333333334 0.03957261574990107 0.1
0 0.7596439169139466 0.95 0.019786307874950535 0.06666666666666667
0 0.6409495548961425 0.6333333333333333 0.019786307874950535 0.06666666666666667
0 0.06726013847675569 0.35 0.019786307874950535 0.06666666666666667
