11 0.8436395759717314 0.34468085106382984 0.13250883392226148 0.1702127659574468
11 0.269434628975265 0.7702127659574468 0.13250883392226148 0.1702127659574468
14 0.8038869257950529 0.13191489361702136 0.10600706713780919 0.1276595744680851
11 0.6404593639575972 0.7702127659574468 0.13250883392226148 0.1702127659574468
12 0.446113074204947 0.8127659574468085 0.13250883392226148 0.1702127659574468
6 0.7773851590106007 0.7063829787234042 0.0353356890459364 0.1276595744680851
4 0.08745583038869258 0.8127659574468085 0.0353356890459364 0.1276595744680851
0 0.0706713780918728 0.6255319148936169 0.0176678445229682 0.0851063829787234
0 0.5653710247349824 0.9361702127659575 0.0176678445229682 0.0851063829787234
0 0.19434628975265017 0.9361702127659575 0.0176678445229682 0.0851063829787234
0 0.7685512367491166 0.5106382978723405 0.0176678445229682 0.0851063829787234
