17 0.743609022556391 0.3310344827586207 0.10526315789473684 0.2413793103448276
11 0.8969924812030075 0.29655172413793107 0.11278195488721804 0.13793103448275862
13 0.14511278195488722 0.46896551724137936 0.11278195488721804 0.13793103448275862
11 0.29548872180451125 0.5034482758620691 0.11278195488721804 0.13793103448275862
9 0.5624060150375939 0.2448275862068966 0.03007518796992481 0.10344827586206896
10 0.5624060150375939 0.4517241379310345 0.03007518796992481 0.10344827586206896
10 0.3969924812030075 0.7620689655172413 0.03007518796992481 0.10344827586206896
2 0.6232781954887218 0.7448275862068965 0.03007518796992481 0.10344827586206896
3 0.456390977443609 0.26206896551724146 0.03007518796992481 0.10344827586206896
5 0.5172932330827067 0.4517241379310345 0.03007518796992481 0.10344827586206896
0 0.3969924812030075 0.9482758620689655 0.015037593984962405 0.06896551724137931
0 0.637593984962406 0.593103448275862 0.015037593984962405 0.06896551724137931
0 0.9684210526315791 0.43103448275862066 0.015037593984962405 0.06896551724137931
