15 0.3486772486772487 0.6823529411764706 0.06349206349206349 0.29411764705882354
15 0.2534391534391534 0.5647058823529412 0.06349206349206349 0.29411764705882354
11 0.5677248677248677 0.44705882352941173 0.07936507936507936 0.23529411764705882
11 0.4619047619047619 0.3294117647058823 0.07936507936507936 0.23529411764705882
17 0.9253968253968254 0.44705882352941173 0.07407407407407407 0.4117647058823529
11 0.4619047619047619 0.6823529411764706 0.07936507936507936 0.23529411764705882
11 0.6735449735449736 0.5058823529411764 0.07936507936507936 0.23529411764705882
11 0.155026455026455 0.5058823529411764 0.07936507936507936 0.23529411764705882
2 0.808973544973545 0.6235294117647059 0.021164021164021163 0.17647058823529413
5 0.7661375661375662 0.5941176470588235 0.021164021164021163 0.17647058823529413
0 0.8190476190476191 0.3058823529411764 0.010582010582010581 0.11764705882352941
0 0.9777777777777779 0.8529411764705882 0.010582010582010581 0.11764705882352941
0 0.8825396825396826 0.8529411764705882 0.010582010582010581 0.11764705882352941
0 0.11005291005291006 0.7352941176470589 0.010582010582010581 0.11764705882352941
