11 0.5146341463414634 0.388235294117647 0.12195121951219512 0.23529411764705882
15 0.6658536585365854 0.5058823529411764 0.0975609756097561 0.29411764705882354
12 0.18943089430894308 0.5058823529411764 0.12195121951219512 0.23529411764705882
12 0.3520325203252032 0.44705882352941173 0.12195121951219512 0.23529411764705882
12 0.9048780487804878 0.21176470588235297 0.12195121951219512 0.23529411764705882
6 0.8357723577235772 0.7705882352941176 0.032520325203252036 0.17647058823529413
9 0.8845528455284553 0.7117647058823529 0.032520325203252036 0.17647058823529413
0 0.7382113821138211 0.7647058823529411 0.016260162601626018 0.11764705882352941
0 0.8357723577235772 0.4411764705882353 0.016260162601626018 0.11764705882352941
0 0.12032520325203253 0.7352941176470589 0.016260162601626018 0.11764705882352941
