16 0.8793548387096775 0.6384615384615384 0.14838709677419354 0.38461538461538464
11 0.7180645161290322 0.5615384615384615 0.0967741935483871 0.15384615384615385
12 0.18903225806451612 0.5615384615384615 0.0967741935483871 0.15384615384615385
13 0.18903225806451612 0.2153846153846154 0.0967741935483871 0.15384615384615385
12 0.31806451612903225 0.36923076923076925 0.0967741935483871 0.15384615384615385
9 0.6116129032258064 0.6961538461538461 0.025806451612903226 0.11538461538461539
10 0.5341935483870968 0.4653846153846154 0.025806451612903226 0.11538461538461539
1 0.5993290322580646 0.4461538461538461 0.025806451612903226 0.11538461538461539
2 0.4819612903225806 0.7153846153846154 0.025806451612903226 0.11538461538461539
5 0.40516129032258064 0.42692307692307696 0.025806451612903226 0.11538461538461539
0 0.44387096774193546 0.9423076923076923 0.012903225806451613 0.07692307692307693
0 0.9729032258064517 0.9038461538461539 0.012903225806451613 0.07692307692307693
0 0.8051612903225807 0.9038461538461539 0.012903225806451613 0.07692307692307693
0 0.13419354838709677 0.7115384615384616 0.012903225806451613 0.07692307692307693
0 0.13419354838709677 0.3653846153846154 0.012903225806451613 0.07692307692307693
