11 0.4163461538461538 0.7237851662404091 0.14423076923076922 0.2047082906857728
14 0.17115384615384616 0.16112531969309474 0.11538461538461539 0.1535312180143296
11 0.8394230769230769 0.5703324808184143 0.14423076923076922 0.2047082906857728
13 0.6278846153846154 0.6726342710997442 0.14423076923076922 0.2047082906857728
11 0.5894230769230769 0.36572890025575444 0.14423076923076922 0.2047082906857728
11 0.18557692307692308 0.4168797953964194 0.14423076923076922 0.2047082906857728
5 0.36346153846153845 0.3145780051150895 0.057692307692307696 0.1023541453428864
0 0.3346153846153846 0.9232736572890026 0.019230769230769232 0.1023541453428864
0 0.7576923076923077 0.7698209718670077 0.019230769230769232 0.1023541453428864
0 0.5461538461538461 0.8721227621483376 0.019230769230769232 0.1023541453428864
