12 0.9138364779874214 0.3111111111111111 0.09433962264150944 0.2222222222222222
11 0.7880503144654089 0.25555555555555554 0.09433962264150944 0.2222222222222222
13 0.4861635220125786 0.5333333333333333 0.09433962264150944 0.2222222222222222
11 0.360377358490566 0.47777777777777775 0.09433962264150944 0.2222222222222222
17 0.21949685534591193 0.47777777777777775 0.0880503144654088 0.3888888888888889
17 0.09371069182389938 0.47777777777777775 0.0880503144654088 0.3888888888888889
6 0.5836477987421383 0.44999999999999996 0.025157232704402517 0.16666666666666666
6 0.6213836477987421 0.44999999999999996 0.025157232704402517 0.16666666666666666
1 0.6723018867924528 0.42222222222222217 0.025157232704402517 0.16666666666666666
0 0.6842767295597484 0.7222222222222222 0.012578616352201259 0.1111111111111111
0 0.9735849056603775 0.5277777777777778 0.012578616352201259 0.1111111111111111
0 0.042767295597484274 0.8611111111111112 0.012578616352201259 0.1111111111111111
