13 0.8848739495798319 0.5913043478260869 0.12605042016806722 0.17391304347826086
13 0.515126050420168 0.5913043478260869 0.12605042016806722 0.17391304347826086
11 0.7 0.5478260869565217 0.12605042016806722 0.17391304347826086
9 0.2588235294117647 0.6130434782608696 0.03361344537815126 0.13043478260869565
10 0.17478991596638657 0.17826086956521747 0.03361344537815126 0.13043478260869565
1 0.3420504201680672 0.6347826086956522 0.03361344537815126 0.13043478260869565
1 0.24282352941176472 0.4173913043478261 0.03361344537815126 0.13043478260869565
0 0.25882352941176473 0.8478260869565217 0.01680672268907563 0.08695652173913043
0 0.4436974789915966 0.7608695652173914 0.01680672268907563 0.08695652173913043
0 0.9647058823529412 0.7608695652173914 0.01680672268907563 0.08695652173913043
0 0.8134453781512605 0.7608695652173914 0.01680672268907563 0.08695652173913043
0 0.6285714285714286 0.7173913043478262 0.01680672268907563 0.08695652173913043
