11 0.5493877551020407 0.4368421052631579 0.12246897452645329 0.10526315789473684
11 0.3861224489795918 0.4631578947368421 0.12246897452645329 0.10526315789473684
12 0.15755102040816327 0.20000000000000007 0.12246897452645329 0.10526315789473684
14 0.6840816326530612 0.4631578947368421 0.09797517962116264 0.07894736842105263
17 0.35020408163265304 0.22631578947368425 0.11430437622468975 0.18421052631578946
11 0.19020408163265307 0.35789473684210527 0.12246897452645329 0.10526315789473684
1 0.8383999999999999 0.5157894736842106 0.032658393207054215 0.07894736842105263
2 0.8562938775510204 0.8052631578947368 0.032658393207054215 0.07894736842105263
5 0.9044897959183673 0.5026315789473685 0.032658393207054215 0.07894736842105263
0 0.806530612244898 0.9605263157894737 0.016329196603527107 0.05263157894736842
0 0.790204081632653 0.6710526315789473 0.016329196603527107 0.05263157894736842
0 0.316734693877551 0.5657894736842105 0.016329196603527107 0.05263157894736842
0 0.12081632653061225 0.4605263157894737 0.016329196603527107 0.05263157894736842
