13 0.25620347394540943 0.5052631578947369 0.09307520476545049 0.21052631578947367
12 0.119727047146402 0.5578947368421052 0.09307520476545049 0.21052631578947367
14 0.7679900744416874 0.6105263157894736 0.07446016381236038 0.15789473684210525
12 0.380272952853598 0.4526315789473684 0.09307520476545049 0.21052631578947367
12 0.6284119106699753 0.34736842105263155 0.09307520476545049 0.21052631578947367
13 0.5043424317617866 0.4 0.09307520476545049 0.21052631578947367
12 0.7524813895781639 0.2947368421052632 0.09307520476545049 0.21052631578947367
6 0.8734491315136478 0.6894736842105262 0.02482005460412013 0.15789473684210525
10 0.8734491315136478 0.32105263157894737 0.02482005460412013 0.15789473684210525
3 0.9236972704714641 0.7157894736842105 0.02482005460412013 0.15789473684210525
0 0.20347394540942929 0.7105263157894737 0.012410027302060065 0.10526315789473684
0 0.7245657568238214 0.7894736842105263 0.012410027302060065 0.10526315789473684
