12 0.5959530026109661 0.6782608695652174 0.09793679811961348 0.17391304347826086
16 0.4197127937336815 0.5043478260869566 0.15016975711674066 0.43478260869565216
11 0.2695822454308094 0.4173913043478261 0.09793679811961348 0.17391304347826086
15 0.1429503916449086 0.4608695652173913 0.07834943849569079 0.21739130434782608
12 0.5959530026109661 0.28695652173913044 0.09793679811961348 0.17391304347826086
9 0.8015665796344648 0.7869565217391304 0.026116479498563595 0.13043478260869565
2 0.7487206266318538 0.7652173913043478 0.026116479498563595 0.13043478260869565
1 0.7487206266318538 0.4608695652173913 0.026116479498563595 0.13043478260869565
1 0.8544125326370758 0.7652173913043478 0.026116479498563595 0.13043478260869565
3 0.9197127937336815 0.7652173913043478 0.026116479498563595 0.13043478260869565
0 0.5404699738903395 0.4565217391304348 0.013058239749281797 0.08695652173913043
0 0.5404699738903395 0.8478260869565217 0.013058239749281797 0.08695652173913043
0 0.09660574412532638 0.6521739130434783 0.013058239749281797 0.08695652173913043
