14 0.6423777564717162 0.15121951219512197 0.11507479861910241 0.14634146341463414
12 0.6184084372003835 0.5414634146341464 0.14384349827387802 0.1951219512195122
16 0.39789069990412274 0.5902439024390244 0.22056003068661298 0.4878048780487805
9 0.8820709491850431 0.6146341463414634 0.038358266206367474 0.14634146341463414
10 0.8245445829338447 0.6146341463414634 0.038358266206367474 0.14634146341463414
3 0.09491850431447747 0.5902439024390244 0.038358266206367474 0.14634146341463414
3 0.17353787152444872 0.5902439024390244 0.038358266206367474 0.14634146341463414
3 0.8063279002876318 0.3463414634146341 0.038358266206367474 0.14634146341463414
0 0.8820709491850431 0.8292682926829268 0.019179133103183737 0.0975609756097561
0 0.5752636625119847 0.31707317073170727 0.019179133103183737 0.0975609756097561
0 0.28763183125599234 0.926829268292683 0.019179133103183737 0.0975609756097561
