11 0.5503225806451613 0.62 0.0967741935483871 0.13333333333333333
17 0.12193548387096774 0.3866666666666667 0.09032258064516129 0.23333333333333334
17 0.5219354838709678 0.32000000000000006 0.09032258064516129 0.23333333333333334
11 0.3825806451612903 0.32000000000000006 0.0967741935483871 0.13333333333333333
17 0.9090322580645162 0.72 0.09032258064516129 0.23333333333333334
12 0.2535483870967742 0.3533333333333334 0.0967741935483871 0.13333333333333333
6 0.6890322580645161 0.8366666666666667 0.025806451612903226 0.1
1 0.7412645161290322 0.6866666666666666 0.025806451612903226 0.1
5 0.792258064516129 0.8366666666666667 0.025806451612903226 0.1
5 0.6503225806451612 0.37 0.025806451612903226 0.1
0 0.6503225806451612 0.5166666666666666 0.012903225806451613 0.06666666666666667
0 0.9729032258064517 0.95 0.012903225806451613 0.06666666666666667
0 0.49548387096774194 0.75 0.012903225806451613 0.06666666666666667
