11 0.37545454545454543 0.45625000000000004 0.13636363636363635 0.125
15 0.5809090909090909 0.17500000000000004 0.10909090909090909 0.15625
11 0.7754545454545454 0.23750000000000004 0.13636363636363635 0.125
14 0.5436363636363636 0.45625000000000004 0.10909090909090909 0.09375
16 0.8027272727272727 0.51875 0.20909090909090908 0.3125
9 0.16181818181818183 0.42500000000000004 0.05454545454545454 0.0625
1 0.7536 0.8 0.03636363636363636 0.09375
0 0.7709090909090909 0.9375 0.01818181818181818 0.0625
0 0.29818181818181816 0.578125 0.01818181818181818 0.0625
0 0.5163636363636364 0.3125 0.01818181818181818 0.0625
