11 0.9138364779874214 0.15333333333333343 0.09433962264150944 0.13333333333333333
11 0.4484276729559748 0.5533333333333333 0.09433962264150944 0.13333333333333333
11 0.29748427672955974 0.7533333333333333 0.09433962264150944 0.13333333333333333
17 0.269811320754717 0.3533333333333334 0.0880503144654088 0.23333333333333334
15 0.5779874213836478 0.52 0.07547169811320754 0.16666666666666666
13 0.14654088050314465 0.3533333333333334 0.09433962264150944 0.13333333333333333
13 0.12138364779874214 0.7533333333333333 0.09433962264150944 0.13333333333333333
16 0.7440251572327045 0.3866666666666667 0.14465408805031446 0.3333333333333333
9 0.9232704402515723 0.43666666666666676 0.025157232704402517 0.1
5 0.8855345911949686 0.4700000000000001 0.025157232704402517 0.1
0 0.9735849056603775 0.2833333333333333 0.012578616352201259 0.06666666666666667
0 0.24402515723270438 0.8833333333333333 0.012578616352201259 0.06666666666666667
0 0.39496855345911946 0.6833333333333333 0.012578616352201259 0.06666666666666667
0 0.28176100628930817 0.5833333333333333 0.012578616352201259 0.06666666666666667
0 0.5333333333333333 0.6666666666666667 0.012578616352201259 0.06666666666666667
0 0.09308176100628932 0.4833333333333333 0.012578616352201259 0.06666666666666667
0 0.6716981132075471 0.6166666666666667 0.012578616352201259 0.06666666666666667
