11 0.8017782426778244 0.4173913043478261 0.07845188284518828 0.17391304347826086
11 0.5821129707112971 0.5043478260869565 0.07845188284518828 0.17391304347826086
17 0.47541841004184104 0.5478260869565217 0.07322175732217573 0.30434782608695654
11 0.372907949790795 0.5478260869565217 0.07845188284518828 0.17391304347826086
12 0.12186192468619247 0.4608695652173913 0.07845188284518828 0.17391304347826086
12 0.24215481171548117 0.7652173913043478 0.07845188284518828 0.17391304347826086
16 0.24215481171548117 0.37391304347826093 0.1202928870292887 0.43478260869565216
11 0.6971757322175733 0.4608695652173913 0.07845188284518828 0.17391304347826086
10 0.8933054393305441 0.26521739130434785 0.02092050209205021 0.13043478260869565
3 0.9356694560669457 0.5043478260869565 0.02092050209205021 0.13043478260869565
0 0.9456066945606696 0.6956521739130435 0.010460251046025104 0.08695652173913043
0 0.07740585774058578 0.6304347826086957 0.010460251046025104 0.08695652173913043
0 0.19769874476987448 0.9347826086956522 0.010460251046025104 0.08695652173913043
