11 0.6168918918918919 0.3307692307692308 0.10135135135135136 0.15384615384615385
12 0.30608108108108106 0.4076923076923078 0.10135135135135136 0.15384615384615385
11 0.46824324324324323 0.36923076923076925 0.10135135135135136 0.15384615384615385
11 0.15743243243243243 0.44615384615384623 0.10135135135135136 0.15384615384615385
10 0.8027027027027027 0.773076923076923 0.02702702702702703 0.11538461538461539
1 0.8574054054054054 0.4076923076923078 0.02702702702702703 0.11538461538461539
4 0.7209459459459459 0.7538461538461538 0.02702702702702703 0.11538461538461539
4 0.789864864864865 0.2153846153846154 0.02702702702702703 0.11538461538461539
0 0.8027027027027027 0.9423076923076923 0.013513513513513514 0.07692307692307693
0 0.8702702702702704 0.5769230769230769 0.013513513513513514 0.07692307692307693
0 0.5594594594594594 0.4807692307692307 0.013513513513513514 0.07692307692307693
0 0.24864864864864863 0.5576923076923077 0.013513513513513514 0.07692307692307693
0 0.4108108108108108 0.5192307692307692 0.013513513513513514 0.07692307692307693
0 0.1 0.5961538461538461 0.013513513513513514 0.07692307692307693
