11 0.31938775510204076 0.9 0.15306122448979592 0.11764705882352941
11 0.36020408163265305 0.6352941176470588 0.15306122448979592 0.11764705882352941
12 0.31938775510204076 0.45882352941176474 0.15306122448979592 0.11764705882352941
6 0.5387755102040817 0.6794117647058824 0.04081632653061224 0.08823529411764706
9 0.7020408163265306 0.6794117647058824 0.04081632653061224 0.08823529411764706
10 0.6408163265306123 0.17941176470588238 0.04081632653061224 0.08823529411764706
1 0.7846530612244899 0.4882352941176471 0.04081632653061224 0.08823529411764706
2 0.558204081632653 0.4882352941176471 0.04081632653061224 0.08823529411764706
5 0.5387755102040817 0.3264705882352942 0.04081632653061224 0.08823529411764706
0 0.7020408163265306 0.8088235294117647 0.02040816326530612 0.058823529411764705
0 0.27346938775510204 0.75 0.02040816326530612 0.058823529411764705
