11 0.8557894736842105 0.13333333333333341 0.15789473684210525 0.14814814814814814
11 0.8557894736842105 0.4666666666666667 0.15789473684210525 0.14814814814814814
11 0.6452631578947368 0.4666666666666667 0.15789473684210525 0.14814814814814814
10 0.15578947368421053 0.188888888888889 0.042105263157894736 0.1111111111111111
1 0.17583157894736842 0.8 0.042105263157894736 0.1111111111111111
1 0.34627368421052634 0.20740740740740748 0.042105263157894736 0.1111111111111111
3 0.3463157894736842 0.4296296296296297 0.042105263157894736 0.1111111111111111
3 0.26210526315789473 0.4296296296296297 0.042105263157894736 0.1111111111111111
5 0.4294736842105263 0.7814814814814814 0.042105263157894736 0.1111111111111111
0 0.4294736842105263 0.9444444444444444 0.021052631578947368 0.07407407407407407
0 0.3663157894736842 0.5925925925925926 0.021052631578947368 0.07407407407407407
0 0.9557894736842105 0.6111111111111112 0.021052631578947368 0.07407407407407407
0 0.9557894736842105 0.2777777777777778 0.021052631578947368 0.07407407407407407
