12 0.3774787535410765 0.2333333333333334 0.10626239727968263 0.16666666666666666
15 0.09844192634560908 0.44166666666666665 0.0850099178237461 0.20833333333333334
17 0.2471671388101983 0.275 0.09917823746103713 0.2916666666666667
11 0.5474504249291785 0.19166666666666676 0.10626239727968263 0.16666666666666666
6 0.7847025495750709 0.2958333333333334 0.028336639274582034 0.125
2 0.6848725212464589 0.275 0.028336639274582034 0.125
1 0.6848725212464589 0.7333333333333334 0.028336639274582034 0.125
4 0.8420679886685554 0.7333333333333334 0.028336639274582034 0.125
3 0.9128895184135979 0.7333333333333334 0.028336639274582034 0.125
0 0.8555240793201133 0.9375 0.014168319637291017 0.08333333333333333
0 0.7422096317280453 0.4375 0.014168319637291017 0.08333333333333333
0 0.7847025495750709 0.5208333333333333 0.014168319637291017 0.08333333333333333
0 0.0481586402266289 0.625 0.014168319637291017 0.08333333333333333
0 0.1898016997167139 0.5625 0.014168319637291017 0.08333333333333333
0 0.48725212464589235 0.35416666666666663 0.014168319637291017 0.08333333333333333
