13 0.11948717948717949 0.4 0.07692307692307693 0.10256410256410256
11 0.6117948717948718 0.45128205128205134 0.07692307692307693 0.10256410256410256
17 0.7225641025641026 0.32307692307692315 0.07179487179487179 0.1794871794871795
11 0.816923076923077 0.2974358974358975 0.07692307692307693 0.10256410256410256
16 0.2374358974358974 0.3487179487179487 0.11794871794871795 0.2564102564102564
17 0.9276923076923077 0.1692307692307693 0.07179487179487179 0.1794871794871795
2 0.36356923076923076 0.8358974358974359 0.020512820512820513 0.07692307692307693
4 0.5071794871794872 0.8358974358974359 0.020512820512820513 0.07692307692307693
4 0.40461538461538465 0.4 0.020512820512820513 0.07692307692307693
4 0.4446153846153846 0.5282051282051282 0.020512820512820513 0.07692307692307693
0 0.3733333333333333 0.9615384615384616 0.010256410256410256 0.05128205128205128
0 0.4758974358974359 0.6282051282051282 0.010256410256410256 0.05128205128205128
0 0.5169230769230769 0.7230769230769231 0.010256410256410256 0.05128205128205128
0 0.0758974358974359 0.5 0.010256410256410256 0.05128205128205128
0 0.5682051282051281 0.5512820512820513 0.010256410256410256 0.05128205128205128
0 0.9784615384615385 0.34615384615384615 0.010256410256410256 0.05128205128205128
0 0.8861538461538462 0.34615384615384615 0.010256410256410256 0.05128205128205128
0 0.6810256410256411 0.5 0.010256410256410256 0.05128205128205128
