12 0.20079365079365077 0.4296296296296297 0.11904761904761904 0.14814814814814814
16 0.22460317460317458 0.762962962962963 0.18253968253968253 0.37037037037037035
16 0.47857142857142854 0.28148148148148155 0.18253968253968253 0.37037037037037035
11 0.423015873015873 0.7259259259259259 0.11904761904761904 0.14814814814814814
9 0.7206349206349206 0.26296296296296306 0.031746031746031744 0.1111111111111111
2 0.7848888888888889 0.5407407407407407 0.031746031746031744 0.1111111111111111
2 0.6563809523809523 0.5407407407407407 0.031746031746031744 0.1111111111111111
4 0.8801587301587303 0.5407407407407407 0.031746031746031744 0.1111111111111111
0 0.8317460317460317 0.6851851851851851 0.015873015873015872 0.07407407407407407
0 0.38730158730158726 0.537037037037037 0.015873015873015872 0.07407407407407407
