13 0.4194444444444444 0.1586206896551725 0.1388888888888889 0.13793103448275862
15 0.20277777777777775 0.19310344827586212 0.1111111111111111 0.1724137931034483
11 0.6046296296296296 0.19310344827586212 0.1388888888888889 0.13793103448275862
9 0.7481481481481481 0.5551724137931034 0.037037037037037035 0.10344827586206896
4 0.7657407407407406 0.7793103448275862 0.037037037037037035 0.10344827586206896
4 0.7657407407407406 0.26206896551724146 0.037037037037037035 0.10344827586206896
5 0.8777777777777778 0.796551724137931 0.037037037037037035 0.10344827586206896
0 0.8777777777777778 0.9482758620689655 0.018518518518518517 0.06896551724137931
0 0.8222222222222222 0.39655172413793105 0.018518518518518517 0.06896551724137931
0 0.2851851851851852 0.3448275862068966 0.018518518518518517 0.06896551724137931
0 0.13703703703703704 0.3448275862068966 0.018518518518518517 0.06896551724137931
