11 0.6901785714285714 0.504 0.13392857142857142 0.16
13 0.13660714285714284 0.704 0.13392857142857142 0.16
14 0.3196428571428571 0.46399999999999997 0.10714285714285714 0.12
12 0.33303571428571427 0.6639999999999999 0.13392857142857142 0.16
12 0.5116071428571428 0.544 0.13392857142857142 0.16
10 0.8821428571428571 0.764 0.03571428571428571 0.12
2 0.8651428571428571 0.18400000000000005 0.03571428571428571 0.12
3 0.8651785714285715 0.504 0.03571428571428571 0.12
0 0.8821428571428571 0.94 0.017857142857142856 0.08
0 0.8107142857142857 0.33999999999999997 0.017857142857142856 0.08
0 0.060714285714285714 0.86 0.017857142857142856 0.08
