11 0.6041076487252125 0.2240000000000001 0.10626239727968263 0.16
11 0.6041076487252125 0.784 0.10626239727968263 0.16
15 0.16926345609065155 0.264 0.0850099178237461 0.2
11 0.448300283286119 0.264 0.10626239727968263 0.16
11 0.306657223796034 0.264 0.10626239727968263 0.16
10 0.8130311614730878 0.6839999999999999 0.028336639274582034 0.12
2 0.7273654390934844 0.3440000000000001 0.028336639274582034 0.12
2 0.7273654390934844 0.704 0.028336639274582034 0.12
4 0.9128895184135979 0.3440000000000001 0.028336639274582034 0.12
5 0.8555240793201133 0.6839999999999999 0.028336639274582034 0.12
0 0.7705382436260624 0.94 0.014168319637291017 0.08
0 0.926345609065156 0.52 0.014168319637291017 0.08
