14 0.41164021164021164 0.3925925925925926 0.06349206349206349 0.1111111111111111
17 0.3222222222222222 0.5777777777777777 0.07407407407407407 0.25925925925925924
11 0.737037037037037 0.3925925925925926 0.07936507936507936 0.14814814814814814
11 0.5148148148148148 0.3555555555555556 0.07936507936507936 0.14814814814814814
11 0.9275132275132276 0.3555555555555556 0.07936507936507936 0.14814814814814814
11 0.12328042328042328 0.5777777777777777 0.07936507936507936 0.14814814814814814
15 0.6238095238095238 0.4296296296296297 0.06349206349206349 0.18518518518518517
11 0.319047619047619 0.13333333333333341 0.07936507936507936 0.14814814814814814
5 0.21058201058201056 0.5777777777777777 0.031746031746031744 0.07407407407407407
5 0.8243386243386244 0.3925925925925926 0.031746031746031744 0.07407407407407407
0 0.9777777777777779 0.5 0.010582010582010581 0.07407407407407407
0 0.27936507936507937 0.8333333333333334 0.010582010582010581 0.07407407407407407
0 0.2740740740740741 0.2777777777777778 0.010582010582010581 0.07407407407407407
0 0.07830687830687831 0.7222222222222222 0.010582010582010581 0.07407407407407407
0 0.5862433862433862 0.5925925925925926 0.010582010582010581 0.07407407407407407
