17 0.55 0.5913043478260869 0.11864406779661017 0.30434782608695654
15 0.3720338983050847 0.5913043478260869 0.1016949152542373 0.21739130434782608
11 0.7567796610169492 0.6347826086956522 0.1271186440677966 0.17391304347826086
9 0.2440677966101695 0.22173913043478266 0.03389830508474576 0.13043478260869565
1 0.8889491525423728 0.6347826086956522 0.03389830508474576 0.13043478260869565
2 0.22793220338983053 0.5043478260869565 0.03389830508474576 0.13043478260869565
3 0.22796610169491524 0.7217391304347827 0.03389830508474576 0.13043478260869565
0 0.9050847457627118 0.8260869565217391 0.01694915254237288 0.08695652173913043
0 0.9050847457627118 0.4434782608695652 0.01694915254237288 0.08695652173913043
0 0.17627118644067796 0.8913043478260869 0.01694915254237288 0.08695652173913043
0 0.44745762711864406 0.782608695652174 0.01694915254237288 0.08695652173913043
0 0.6847457627118644 0.8043478260869565 0.01694915254237288 0.08695652173913043
