15 0.1604026845637584 0.30400000000000005 0.08053691275167785 0.2
12 0.9080536912751679 0.624 0.10067114093959731 0.16
12 0.30402684563758386 0.384 0.10067114093959731 0.16
12 0.438255033557047 0.3440000000000001 0.10067114093959731 0.16
12 0.9080536912751679 0.264 0.10067114093959731 0.16
6 0.595973154362416 0.6839999999999999 0.026845637583892617 0.12
10 0.7033557046979866 0.6839999999999999 0.026845637583892617 0.12
2 0.6490201342281878 0.42399999999999993 0.026845637583892617 0.12
3 0.7577181208053692 0.42399999999999993 0.026845637583892617 0.12
5 0.5557046979865772 0.724 0.026845637583892617 0.12
0 0.5557046979865772 0.94 0.013422818791946308 0.08
0 0.9718120805369128 0.78 0.013422818791946308 0.08
0 0.9718120805369128 0.42000000000000004 0.013422818791946308 0.08
