11 0.8954198473282442 0.43529411764705883 0.11450381679389313 0.1568627450980392
14 0.8839694656488549 0.1215686274509804 0.0916030534351145 0.11764705882352941
11 0.2847328244274809 0.5137254901960784 0.11450381679389313 0.1568627450980392
12 0.2847328244274809 0.7490196078431373 0.11450381679389313 0.1568627450980392
14 0.731297709923664 0.39607843137254906 0.0916030534351145 0.11764705882352941
6 0.3877862595419847 0.415686274509804 0.030534351145038167 0.11764705882352941
10 0.5862595419847328 0.7686274509803921 0.030534351145038167 0.11764705882352941
2 0.5717251908396946 0.39607843137254906 0.030534351145038167 0.11764705882352941
3 0.49389312977099226 0.39607843137254906 0.030534351145038167 0.11764705882352941
5 0.433587786259542 0.7294117647058823 0.030534351145038167 0.11764705882352941
0 0.5862595419847328 0.9411764705882353 0.015267175572519083 0.0784313725490196
0 0.9679389312977099 0.5882352941176471 0.015267175572519083 0.0784313725490196
0 0.9526717557251908 0.2549019607843137 0.015267175572519083 0.0784313725490196
