11 0.8719626168224299 0.3142857142857144 0.14018691588785046 0.19047619047619047
14 0.16635514018691588 0.7428571428571429 0.11214953271028037 0.14285714285714285
11 0.7037383177570093 0.3142857142857144 0.14018691588785046 0.19047619047619047
6 0.5495327102803738 0.24285714285714288 0.037383177570093455 0.14285714285714285
6 0.5495327102803738 0.6714285714285715 0.037383177570093455 0.14285714285714285
10 0.4934579439252336 0.6714285714285715 0.037383177570093455 0.14285714285714285
1 0.3243364485981308 0.21904761904761916 0.037383177570093455 0.14285714285714285
2 0.47566355140186917 0.21904761904761916 0.037383177570093455 0.14285714285714285
0 0.5495327102803738 0.8809523809523809 0.018691588785046728 0.09523809523809523
0 0.4186915887850467 0.40476190476190477 0.018691588785046728 0.09523809523809523
0 0.38130841121495324 0.40476190476190477 0.018691588785046728 0.09523809523809523
0 0.3065420560747663 0.47619047619047616 0.018691588785046728 0.09523809523809523
0 0.9607476635514018 0.5 0.018691588785046728 0.09523809523809523
