11 0.6184 0.3315789473684211 0.12 0.10526315789473684
14 0.2064 0.5157894736842106 0.096 0.07894736842105263
12 0.8904 0.4894736842105264 0.12 0.10526315789473684
17 0.8872000000000001 0.17368421052631577 0.112 0.18421052631578946
17 0.4072 0.5157894736842106 0.112 0.18421052631578946
12 0.6184 0.4894736842105264 0.12 0.10526315789473684
9 0.8704 0.7131578947368421 0.032 0.07894736842105263
2 0.18163200000000002 0.35789473684210527 0.032 0.07894736842105263
2 0.885632 0.8578947368421053 0.032 0.07894736842105263
0 0.9344 0.9605263157894737 0.016 0.05263157894736842
0 0.9663999999999999 0.5921052631578947 0.016 0.05263157894736842
0 0.9663999999999999 0.35526315789473684 0.016 0.05263157894736842
0 0.1504 0.6052631578947368 0.016 0.05263157894736842
