11 0.22538461538461535 0.16888888888888887 0.11538461538461539 0.08888888888888889
11 0.3946153846153846 0.14666666666666672 0.11538461538461539 0.08888888888888889
16 0.4176923076923077 0.568888888888889 0.17692307692307693 0.2222222222222222
6 0.7446153846153846 0.6244444444444445 0.03076923076923077 0.06666666666666667
1 0.8376615384615385 0.19111111111111112 0.03076923076923077 0.06666666666666667
2 0.8376615384615385 0.7466666666666666 0.03076923076923077 0.06666666666666667
1 0.7592615384615384 0.41333333333333333 0.03076923076923077 0.06666666666666667
3 0.5899999999999999 0.19111111111111112 0.03076923076923077 0.06666666666666667
3 0.6530769230769231 0.19111111111111112 0.03076923076923077 0.06666666666666667
5 0.7446153846153846 0.9355555555555556 0.03076923076923077 0.06666666666666667
0 0.5753846153846154 0.3111111111111111 0.015384615384615385 0.044444444444444446
0 0.6984615384615385 0.5 0.015384615384615385 0.044444444444444446
0 0.8523076923076923 0.8444444444444444 0.015384615384615385 0.044444444444444446
0 0.16 0.25555555555555554 0.015384615384615385 0.044444444444444446
