16 0.1448051948051948 0.4 0.14935064935064934 0.5263157894736842
11 0.3331168831168831 0.7157894736842105 0.09740259740259741 0.21052631578947367
12 0.7097402597402597 0.4526315789473684 0.09740259740259741 0.21052631578947367
11 0.5798701298701299 0.5052631578947369 0.09740259740259741 0.21052631578947367
14 0.44025974025974024 0.6105263157894736 0.07792207792207792 0.15789473684210525
14 0.2974025974025974 0.4526315789473684 0.07792207792207792 0.15789473684210525
10 0.8363636363636364 0.37368421052631573 0.025974025974025976 0.15789473684210525
10 0.8753246753246754 0.37368421052631573 0.025974025974025976 0.15789473684210525
10 0.7974025974025973 0.37368421052631573 0.025974025974025976 0.15789473684210525
0 0.8363636363636364 0.6052631578947368 0.012987012987012988 0.10526315789473684
0 0.2779220779220779 0.9210526315789473 0.012987012987012988 0.10526315789473684
