11 0.6816793893129771 0.52 0.11450381679389313 0.13333333333333333
11 0.8648854961832061 0.82 0.11450381679389313 0.13333333333333333
11 0.21603053435114503 0.45333333333333337 0.11450381679389313 0.13333333333333333
11 0.8954198473282442 0.22000000000000008 0.11450381679389313 0.13333333333333333
11 0.1931297709923664 0.2533333333333334 0.11450381679389313 0.13333333333333333
14 0.1816793893129771 0.7533333333333333 0.0916030534351145 0.1
11 0.8648854961832061 0.52 0.11450381679389313 0.13333333333333333
2 0.37325190839694655 0.4866666666666667 0.030534351145038167 0.1
3 0.449618320610687 0.18666666666666676 0.030534351145038167 0.1
4 0.5259541984732825 0.4866666666666667 0.030534351145038167 0.1
0 0.5404580152671755 0.3400000000000001 0.015267175572519083 0.06666666666666667
0 0.9374045801526717 0.95 0.015267175572519083 0.06666666666666667
0 0.9374045801526717 0.65 0.015267175572519083 0.06666666666666667
0 0.9679389312977099 0.35 0.015267175572519083 0.06666666666666667
0 0.8305343511450382 0.35 0.015267175572519083 0.06666666666666667
0 0.15114503816793895 0.5833333333333333 0.015267175572519083 0.06666666666666667
