12 0.4302083333333333 0.6242424242424243 0.15625 0.12121212121212122
17 0.42604166666666665 0.2606060606060606 0.14583333333333334 0.21212121212121213
17 0.196875 0.6545454545454545 0.14583333333333334 0.21212121212121213
2 0.6135 0.4121212121212121 0.041666666666666664 0.09090909090909091
2 0.6531666666666666 0.7151515151515151 0.041666666666666664 0.09090909090909091
2 0.7801666666666667 0.8666666666666667 0.041666666666666664 0.09090909090909091
4 0.7802083333333334 0.4121212121212121 0.041666666666666664 0.09090909090909091
3 0.7802083333333334 0.7151515151515151 0.041666666666666664 0.09090909090909091
0 0.7166666666666667 0.5303030303030303 0.020833333333333332 0.06060606060606061
0 0.4458333333333333 0.4696969696969697 0.020833333333333332 0.06060606060606061
