17 0.7847800237812129 0.5777777777777777 0.1665080875356803 0.25925925925925924
16 0.46848989298454224 0.3555555555555556 0.2735490009514748 0.37037037037037035
11 0.8370986920332938 0.13333333333333341 0.17840152235965748 0.14814814814814814
9 0.11771700356718194 0.5962962962962963 0.047573739295908656 0.1111111111111111
10 0.11771700356718194 0.7814814814814814 0.047573739295908656 0.1111111111111111
4 0.21165279429250894 0.4296296296296296 0.047573739295908656 0.1111111111111111
0 0.11771700356718194 0.9444444444444444 0.023786869647954328 0.07407407407407407
0 0.18906064209274676 0.2666666666666667 0.023786869647954328 0.07407407407407407
0 0.9024970273483948 0.8333333333333334 0.023786869647954328 0.07407407407407407
0 0.9500594530321046 0.2777777777777778 0.023786869647954328 0.07407407407407407
0 0.7360285374554103 0.2777777777777778 0.023786869647954328 0.07407407407407407
