14 0.7815420560747665 0.6838709677419355 0.07009345794392523 0.1935483870967742
11 0.7669392523364487 0.2967741935483871 0.08761682242990654 0.25806451612903225
11 0.6501168224299065 0.3612903225806451 0.08761682242990654 0.25806451612903225
11 0.41647196261682246 0.4903225806451613 0.08761682242990654 0.25806451612903225
11 0.28796728971962615 0.5548387096774193 0.08761682242990654 0.25806451612903225
12 0.08936915887850468 0.5548387096774193 0.08761682242990654 0.25806451612903225
11 0.5332943925233645 0.4258064516129032 0.08761682242990654 0.25806451612903225
9 0.869158878504673 0.5870967741935484 0.02336448598130841 0.1935483870967742
10 0.18574766355140188 0.5548387096774193 0.035046728971962614 0.12903225806451613
4 0.9281542056074767 0.5548387096774193 0.02336448598130841 0.1935483870967742
0 0.9392523364485983 0.8387096774193549 0.011682242990654205 0.12903225806451613
0 0.7406542056074766 0.9032258064516129 0.011682242990654205 0.12903225806451613
0 0.039719626168224303 0.8064516129032258 0.011682242990654205 0.12903225806451613
