12 0.4054232804232804 0.3666666666666667 0.09923260121725325 0.2222222222222222
11 0.4318783068783069 0.7 0.09923260121725325 0.2222222222222222
11 0.7228835978835979 0.47777777777777775 0.09923260121725325 0.2222222222222222
11 0.27314814814814814 0.3111111111111111 0.09923260121725325 0.2222222222222222
12 0.5773809523809524 0.5333333333333333 0.09923260121725325 0.2222222222222222
16 0.12103174603174605 0.3666666666666667 0.1521566551997883 0.5555555555555556
1 0.8644444444444446 0.5888888888888888 0.02646202699126753 0.16666666666666666
3 0.9186507936507937 0.5888888888888888 0.02646202699126753 0.16666666666666666
0 0.8253968253968255 0.8055555555555556 0.013231013495633765 0.1111111111111111
0 0.5211640211640212 0.75 0.013231013495633765 0.1111111111111111
0 0.3756613756613757 0.9166666666666666 0.013231013495633765 0.1111111111111111
0 0.04497354497354498 0.75 0.013231013495633765 0.1111111111111111
