11 0.8620000000000001 0.20000000000000007 0.1 0.2222222222222222
11 0.4353333333333333 0.5333333333333333 0.1 0.2222222222222222
12 0.8620000000000001 0.5333333333333333 0.1 0.2222222222222222
13 0.5686666666666667 0.47777777777777775 0.1 0.2222222222222222
15 0.7060000000000001 0.5888888888888888 0.08 0.2777777777777778
6 0.13866666666666666 0.44999999999999996 0.02666666666666667 0.16666666666666666
6 0.25866666666666666 0.44999999999999996 0.02666666666666667 0.16666666666666666
3 0.206 0.42222222222222217 0.02666666666666667 0.16666666666666666
4 0.31266666666666665 0.42222222222222217 0.02666666666666667 0.16666666666666666
0 0.9253333333333335 0.75 0.013333333333333334 0.1111111111111111
0 0.7653333333333333 0.8333333333333334 0.013333333333333334 0.1111111111111111
0 0.6586666666666666 0.8333333333333334 0.013333333333333334 0.1111111111111111
