17 0.18439024390243902 0.5384615384615384 0.1366120218579235 0.38461538461538464
11 0.40292682926829265 0.5934065934065933 0.14637002341920374 0.21978021978021978
14 0.7785365853658537 0.1703296703296704 0.117096018735363 0.16483516483516483
11 0.6175609756097561 0.5384615384615384 0.14637002341920374 0.21978021978021978
1 0.8068682926829268 0.6483516483516483 0.039032006245121 0.16483516483516483
5 0.8858536585365854 0.6208791208791209 0.039032006245121 0.16483516483516483
0 0.7492682926829268 0.9175824175824175 0.0195160031225605 0.10989010989010989
0 0.8663414634146341 0.3571428571428572 0.0195160031225605 0.10989010989010989
0 0.5346341463414633 0.7527472527472527 0.0195160031225605 0.10989010989010989
0 0.31999999999999995 0.8076923076923077 0.0195160031225605 0.10989010989010989
