16 0.4390909090909091 0.23571428571428577 0.20909090909090908 0.35714285714285715
17 0.17181818181818181 0.6642857142857143 0.12727272727272726 0.25
11 0.37545454545454543 0.8071428571428572 0.13636363636363635 0.14285714285714285
6 0.6618181818181817 0.7535714285714286 0.03636363636363636 0.10714285714285714
6 0.7890909090909091 0.32500000000000007 0.03636363636363636 0.10714285714285714
10 0.88 0.7535714285714286 0.03636363636363636 0.10714285714285714
2 0.6445090909090909 0.30714285714285716 0.03636363636363636 0.10714285714285714
2 0.8626909090909091 0.5214285714285714 0.03636363636363636 0.10714285714285714
5 0.7345454545454545 0.5392857142857143 0.03636363636363636 0.10714285714285714
0 0.88 0.9107142857142857 0.01818181818181818 0.07142857142857142
0 0.6618181818181817 0.15000000000000013 0.01818181818181818 0.07142857142857142
0 0.33454545454545453 0.4821428571428571 0.01818181818181818 0.07142857142857142
