11 0.3624 0.4256410256410257 0.12 0.10256410256410256
15 0.7352000000000001 0.37435897435897436 0.096 0.1282051282051282
14 0.8944 0.1692307692307693 0.096 0.07692307692307693
12 0.5864 0.32307692307692315 0.12 0.10256410256410256
16 0.38639999999999997 0.19487179487179496 0.184 0.2564102564102564
13 0.20239999999999997 0.14358974358974363 0.12 0.10256410256410256
6 0.8944 0.3487179487179487 0.048 0.05128205128205128
9 0.8704 0.5666666666666667 0.032 0.07692307692307693
3 0.8872000000000001 0.8358974358974359 0.032 0.07692307692307693
0 0.9024 0.9487179487179487 0.016 0.05128205128205128
0 0.9024 0.7230769230769231 0.016 0.05128205128205128
0 0.9504 0.4487179487179487 0.016 0.05128205128205128
0 0.9663999999999999 0.2564102564102564 0.016 0.05128205128205128
