11 0.17786259541984734 0.704 0.11450381679389313 0.16
16 0.35343511450381676 0.30400000000000005 0.17557251908396945 0.4
16 0.8572519083969465 0.6639999999999999 0.17557251908396945 0.4
11 0.6816793893129771 0.46399999999999997 0.11450381679389313 0.16
12 0.8343511450381679 0.18400000000000005 0.11450381679389313 0.16
11 0.33053435114503815 0.6639999999999999 0.11450381679389313 0.16
2 0.5397251908396946 0.504 0.030534351145038167 0.12
0 0.9679389312977099 0.94 0.015267175572519083 0.08
0 0.9068702290076336 0.33999999999999997 0.015267175572519083 0.08
0 0.11297709923664123 0.86 0.015267175572519083 0.08
