11 0.6491379310344827 0.17692307692307696 0.12931034482758622 0.15384615384615385
11 0.821551724137931 0.2153846153846154 0.12931034482758622 0.15384615384615385
11 0.20086206896551725 0.3307692307692308 0.12931034482758622 0.15384615384615385
11 0.47672413793103446 0.13846153846153852 0.12931034482758622 0.15384615384615385
13 0.821551724137931 0.7923076923076923 0.12931034482758622 0.15384615384615385
11 0.8560344827586207 0.44615384615384623 0.12931034482758622 0.15384615384615385
4 0.3353448275862069 0.25384615384615394 0.034482758620689655 0.11538461538461539
0 0.903448275862069 0.9423076923076923 0.017241379310344827 0.07692307692307693
0 0.7827586206896552 0.5961538461538461 0.017241379310344827 0.07692307692307693
0 0.12758620689655173 0.4807692307692307 0.017241379310344827 0.07692307692307693
