11 0.8872611464968153 0.8258064516129032 0.09554140127388536 0.12903225806451613
11 0.364968152866242 0.24516129032258072 0.09554140127388536 0.12903225806451613
17 0.7573248407643313 0.43870967741935485 0.08917197452229299 0.22580645161290322
17 0.9101910828025478 0.43870967741935485 0.08917197452229299 0.22580645161290322
11 0.4923566878980892 0.2774193548387097 0.09554140127388536 0.12903225806451613
11 0.632484076433121 0.1483870967741936 0.09554140127388536 0.12903225806451613
13 0.22484076433121017 0.2774193548387097 0.09554140127388536 0.12903225806451613
11 0.632484076433121 0.34193548387096784 0.09554140127388536 0.12903225806451613
9 0.08789808917197453 0.24516129032258072 0.03821656050955414 0.06451612903225806
0 0.04331210191082802 0.3709677419354839 0.012738853503184714 0.06451612903225806
0 0.9477707006369428 0.9516129032258065 0.012738853503184714 0.06451612903225806
0 0.310828025477707 0.3709677419354839 0.012738853503184714 0.06451612903225806
0 0.9732484076433122 0.6612903225806452 0.012738853503184714 0.06451612903225806
0 0.8585987261146497 0.6612903225806452 0.012738853503184714 0.06451612903225806
0 0.17070063694267518 0.4032258064516129 0.012738853503184714 0.06451612903225806
