17 0.34424778761061947 0.6068965517241379 0.12389380530973451 0.2413793103448276
11 0.347787610619469 0.29655172413793107 0.13274336283185842 0.13793103448275862
13 0.17079646017699116 0.7793103448275862 0.13274336283185842 0.13793103448275862
12 0.8787610619469026 0.6068965517241379 0.13274336283185842 0.13793103448275862
10 0.5911504424778761 0.34827586206896555 0.035398230088495575 0.10344827586206896
1 0.519504424778761 0.5379310344827586 0.035398230088495575 0.10344827586206896
3 0.715929203539823 0.7103448275862069 0.035398230088495575 0.10344827586206896
5 0.6442477876106194 0.17586206896551726 0.035398230088495575 0.10344827586206896
0 0.7327433628318584 0.8620689655172413 0.017699115044247787 0.06896551724137931
0 0.9628318584070796 0.7413793103448276 0.017699115044247787 0.06896551724137931
