17 0.40381679389312974 0.711111111111111 0.10687022900763359 0.19444444444444445
12 0.8954198473282442 0.10000000000000009 0.11450381679389313 0.1111111111111111
12 0.5595419847328245 0.5444444444444445 0.11450381679389313 0.1111111111111111
11 0.1931297709923664 0.6000000000000001 0.11450381679389313 0.1111111111111111
12 0.21603053435114503 0.85 0.11450381679389313 0.1111111111111111
11 0.4068702290076336 0.40555555555555556 0.11450381679389313 0.1111111111111111
13 0.7122137404580152 0.5722222222222222 0.11450381679389313 0.1111111111111111
10 0.8534351145038168 0.3222222222222223 0.04580152671755725 0.05555555555555555
3 0.8465648854961833 0.5722222222222222 0.030534351145038167 0.08333333333333333
0 0.8610687022900763 0.6944444444444444 0.015267175572519083 0.05555555555555555
0 0.9068702290076336 0.4305555555555556 0.015267175572519083 0.05555555555555555
0 0.3419847328244275 0.9027777777777778 0.015267175572519083 0.05555555555555555
0 0.9679389312977099 0.20833333333333337 0.015267175572519083 0.05555555555555555
0 0.8305343511450382 0.20833333333333337 0.015267175572519083 0.05555555555555555
0 0.3419847328244275 0.5138888888888888 0.015267175572519083 0.05555555555555555
0 0.15114503816793895 0.9583333333333334 0.015267175572519083 0.05555555555555555
