13 0.35624999999999996 0.31500000000000006 0.10416666666666667 0.1
16 0.8493055555555556 0.54 0.1597222222222222 0.25
14 0.6097222222222222 0.3400000000000001 0.08333333333333333 0.075
12 0.16180555555555556 0.4650000000000001 0.10416666666666667 0.1
14 0.6375 0.69 0.08333333333333333 0.075
15 0.4854166666666667 0.31500000000000006 0.08333333333333333 0.125
16 0.18263888888888888 0.16500000000000004 0.1597222222222222 0.25
11 0.6479166666666667 0.4650000000000001 0.10416666666666667 0.1
11 0.8284722222222222 0.24 0.10416666666666667 0.1
1 0.784 0.84 0.027777777777777776 0.075
0 0.7972222222222222 0.95 0.013888888888888888 0.05
0 0.10277777777777779 0.3375 0.013888888888888888 0.05
0 0.7694444444444444 0.7125 0.013888888888888888 0.05
0 0.5888888888888889 0.775 0.013888888888888888 0.05
0 0.10277777777777779 0.5625 0.013888888888888888 0.05
0 0.8944444444444445 0.3375 0.013888888888888888 0.05
0 0.7694444444444444 0.3375 0.013888888888888888 0.05
0 0.5888888888888889 0.5625 0.013888888888888888 0.05
