11 0.18333333333333332 0.2947368421052632 0.10869565217391304 0.21052631578947367
11 0.6326086956521739 0.2947368421052632 0.10869565217391304 0.21052631578947367
12 0.48768115942028983 0.34736842105263155 0.10869565217391304 0.21052631578947367
15 0.3181159420289855 0.4 0.08695652173913043 0.2631578947368421
6 0.7739130434782608 0.6368421052631579 0.028985507246376812 0.15789473684210525
10 0.7304347826086957 0.5842105263157895 0.028985507246376812 0.15789473684210525
2 0.847072463768116 0.2947368421052632 0.028985507246376812 0.15789473684210525
3 0.8471014492753624 0.6105263157894736 0.028985507246376812 0.15789473684210525
0 0.7304347826086957 0.9210526315789473 0.014492753623188406 0.10526315789473684
0 0.38260869565217387 0.631578947368421 0.014492753623188406 0.10526315789473684
