16 0.44545454545454544 0.22758620689655173 0.2987012987012987 0.3448275862068966
11 0.8220779220779221 0.5034482758620691 0.19480519480519481 0.13793103448275862
12 0.7701298701298701 0.8137931034482758 0.19480519480519481 0.13793103448275862
11 0.8220779220779221 0.19310344827586212 0.19480519480519481 0.13793103448275862
2 0.21693506493506495 0.22758620689655173 0.05194805194805195 0.10344827586206896
0 0.8935064935064935 0.9482758620689655 0.025974025974025976 0.06896551724137931
0 0.9454545454545454 0.6379310344827587 0.025974025974025976 0.06896551724137931
0 0.7116883116883117 0.6379310344827587 0.025974025974025976 0.06896551724137931
0 0.9454545454545454 0.3275862068965517 0.025974025974025976 0.06896551724137931
0 0.7116883116883117 0.3275862068965517 0.025974025974025976 0.06896551724137931
