12 0.2284313725490196 0.20000000000000007 0.14705882352941177 0.12121212121212122
12 0.4441176470588235 0.1696969696969698 0.14705882352941177 0.12121212121212122
15 0.6460784313725491 0.3212121212121213 0.11764705882352941 0.15151515151515152
11 0.4833333333333333 0.35151515151515156 0.14705882352941177 0.12121212121212122
6 0.8705882352941177 0.8212121212121212 0.0392156862745098 0.09090909090909091
10 0.8705882352941177 0.6393939393939394 0.0392156862745098 0.09090909090909091
3 0.8519607843137256 0.35151515151515156 0.0392156862745098 0.09090909090909091
0 0.8705882352941177 0.9545454545454546 0.0196078431372549 0.06060606060606061
0 0.792156862745098 0.4696969696969697 0.0196078431372549 0.06060606060606061
0 0.1450980392156863 0.31818181818181823 0.0196078431372549 0.06060606060606061
0 0.39999999999999997 0.4696969696969697 0.0196078431372549 0.06060606060606061
