17 0.3202380952380952 0.51875 0.16666666666666666 0.21875
11 0.7297619047619047 0.51875 0.17857142857142858 0.125
11 0.32499999999999996 0.14375000000000004 0.17857142857142858 0.125
16 0.7178571428571429 0.23750000000000004 0.27380952380952384 0.3125
1 0.6535238095238095 0.8 0.047619047619047616 0.09375
0 0.6761904761904761 0.953125 0.023809523809523808 0.0625
0 0.22380952380952382 0.734375 0.023809523809523808 0.0625
0 0.8428571428571429 0.640625 0.023809523809523808 0.0625
0 0.6285714285714286 0.640625 0.023809523809523808 0.0625
0 0.22380952380952382 0.265625 0.023809523809523808 0.0625
