11 0.5016129032258064 0.5866666666666667 0.08064516129032258 0.13333333333333333
13 0.12526881720430108 0.7866666666666666 0.08064516129032258 0.13333333333333333
17 0.38118279569892477 0.5866666666666667 0.07526881720430108 0.23333333333333334
16 0.2596774193548387 0.72 0.12365591397849462 0.3333333333333333
16 0.7220430107526883 0.4866666666666667 0.12365591397849462 0.3333333333333333
11 0.6091397849462366 0.5533333333333333 0.08064516129032258 0.13333333333333333
6 0.9290322580645162 0.43666666666666676 0.021505376344086023 0.1
6 0.8967741935483872 0.17000000000000004 0.021505376344086023 0.1
6 0.8967741935483872 0.40333333333333343 0.021505376344086023 0.1
3 0.8317204301075269 0.42000000000000004 0.021505376344086023 0.1
0 0.8645161290322582 0.6166666666666667 0.010752688172043012 0.06666666666666667
0 0.07956989247311828 0.9166666666666666 0.010752688172043012 0.06666666666666667
0 0.1978494623655914 0.95 0.010752688172043012 0.06666666666666667
