14 0.139937106918239 0.8454545454545455 0.09433962264150944 0.13636363636363635
17 0.1800314465408805 0.30000000000000004 0.11006289308176101 0.3181818181818182
15 0.48663522012578614 0.6636363636363636 0.09433962264150944 0.22727272727272727
17 0.33726415094339623 0.6181818181818182 0.11006289308176101 0.3181818181818182
9 0.7452830188679245 0.6863636363636363 0.031446540880503145 0.13636363636363635
1 0.8246540880503145 0.709090909090909 0.031446540880503145 0.13636363636363635
1 0.620251572327044 0.5727272727272728 0.031446540880503145 0.13636363636363635
4 0.9033018867924528 0.709090909090909 0.031446540880503145 0.13636363636363635
0 0.6352201257861635 0.7727272727272727 0.015723270440251572 0.09090909090909091
0 0.11635220125786164 0.6136363636363636 0.015723270440251572 0.09090909090909091
