12 0.8070270270270271 0.34736842105263155 0.08108108108108109 0.21052631578947367
15 0.485945945945946 0.6105263157894736 0.06486486486486487 0.2631578947368421
11 0.6124324324324324 0.4526315789473684 0.08108108108108109 0.21052631578947367
11 0.925945945945946 0.2947368421052632 0.08108108108108109 0.21052631578947367
14 0.7016216216216217 0.4526315789473684 0.06486486486486487 0.15789473684210525
17 0.38324324324324327 0.5578947368421052 0.07567567567567568 0.3684210526315789
9 0.14486486486486486 0.4263157894736842 0.021621621621621623 0.15789473684210525
1 0.2416432432432432 0.7157894736842105 0.021621621621621623 0.15789473684210525
1 0.18862702702702702 0.7157894736842105 0.021621621621621623 0.15789473684210525
4 0.2859459459459459 0.7157894736842105 0.021621621621621623 0.15789473684210525
0 0.9772972972972973 0.5 0.010810810810810811 0.10526315789473684
