16 0.4985401459854014 0.8071428571428572 0.1678832116788321 0.35714285714285715
11 0.17007299270072992 0.7357142857142858 0.10948905109489052 0.14285714285714285
11 0.3160583941605839 0.7 0.10948905109489052 0.14285714285714285
11 0.8416058394160584 0.12857142857142867 0.10948905109489052 0.14285714285714285
16 0.8635036496350366 0.5571428571428572 0.1678832116788321 0.35714285714285715
11 0.47664233576642334 0.48571428571428577 0.10948905109489052 0.14285714285714285
6 0.6481751824817518 0.6464285714285714 0.029197080291970802 0.10714285714285714
6 0.691970802919708 0.43214285714285716 0.029197080291970802 0.10714285714285714
9 0.6481751824817518 0.43214285714285716 0.029197080291970802 0.10714285714285714
10 0.7357664233576642 0.6464285714285714 0.029197080291970802 0.10714285714285714
0 0.7357664233576642 0.8035714285714286 0.014598540145985401 0.07142857142857142
0 0.9693430656934308 0.8035714285714286 0.014598540145985401 0.07142857142857142
0 0.910948905109489 0.2678571428571429 0.014598540145985401 0.07142857142857142
0 0.10802919708029197 0.875 0.014598540145985401 0.07142857142857142
