14 0.45324675324675323 0.2923076923076924 0.07792207792207792 0.11538461538461539
11 0.8915584415584417 0.48461538461538456 0.09740259740259741 0.15384615384615385
12 0.7227272727272727 0.523076923076923 0.09740259740259741 0.15384615384615385
11 0.1512987012987013 0.36923076923076925 0.09740259740259741 0.15384615384615385
16 0.3136363636363636 0.2923076923076924 0.14935064935064934 0.38461538461538464
15 0.5577922077922078 0.25384615384615394 0.07792207792207792 0.19230769230769232
12 0.8655844155844157 0.25384615384615394 0.09740259740259741 0.15384615384615385
11 0.5863636363636363 0.48461538461538456 0.09740259740259741 0.15384615384615385
9 0.855844155844156 0.7923076923076923 0.03896103896103896 0.07692307692307693
0 0.9012987012987014 0.9423076923076923 0.012987012987012988 0.07692307692307693
0 0.5311688311688312 0.6346153846153846 0.012987012987012988 0.07692307692307693
0 0.09610389610389611 0.5192307692307692 0.012987012987012988 0.07692307692307693
0 0.8363636363636364 0.6346153846153846 0.012987012987012988 0.07692307692307693
0 0.23896103896103893 0.5576923076923077 0.012987012987012988 0.07692307692307693
