12 0.7793017456359101 0.39375000000000004 0.18703241895261846 0.125
12 0.5548628428927681 0.6125 0.18703241895261846 0.125
14 0.3117206982543641 0.64375 0.14962593516209477 0.09375
12 0.8291770573566084 0.11250000000000004 0.18703241895261846 0.125
9 0.7231920199501246 0.659375 0.04987531172069826 0.09375
10 0.7605985037406483 0.83125 0.07481296758104738 0.0625
1 0.12349127182044888 0.675 0.04987531172069826 0.09375
0 0.0997506234413965 0.828125 0.02493765586034913 0.0625
0 0.0997506234413965 0.5375 0.02493765586034913 0.0625
0 0.8478802992518703 0.953125 0.02493765586034913 0.0625
0 0.8977556109725685 0.515625 0.02493765586034913 0.0625
0 0.9476309226932668 0.234375 0.02493765586034913 0.0625
0 0.7231920199501246 0.234375 0.02493765586034913 0.0625
