11 0.5066115702479339 0.5478260869565217 0.12396694214876033 0.17391304347826086
17 0.15619834710743802 0.7217391304347827 0.11570247933884298 0.30434782608695654
16 0.8454545454545455 0.28695652173913044 0.19008264462809918 0.43478260869565216
10 0.3702479338842975 0.6565217391304348 0.03305785123966942 0.13043478260869565
10 0.7008264462809917 0.4391304347826087 0.03305785123966942 0.13043478260869565
2 0.3033388429752066 0.6782608695652174 0.03305785123966942 0.13043478260869565
4 0.6338842975206611 0.4608695652173913 0.03305785123966942 0.13043478260869565
0 0.3702479338842975 0.8913043478260869 0.01652892561983471 0.08695652173913043
0 0.28760330578512394 0.4869565217391304 0.01652892561983471 0.08695652173913043
0 0.7008264462809917 0.6739130434782609 0.01652892561983471 0.08695652173913043
0 0.6181818181818182 0.26956521739130435 0.01652892561983471 0.08695652173913043
0 0.965289256198347 0.5869565217391304 0.01652892561983471 0.08695652173913043
