17 0.4992063492063492 0.6240208877284595 0.1111111111111111 0.18286311389759666
13 0.5023809523809524 0.15404699738903394 0.11904761904761904 0.1044932079414838
16 0.30396825396825394 0.6240208877284595 0.18253968253968253 0.2612330198537095
17 0.11825396825396825 0.7806788511749347 0.1111111111111111 0.18286311389759666
4 0.7198412698412697 0.5718015665796345 0.031746031746031744 0.07836990595611286
3 0.6896825396825397 0.10182767624020883 0.031746031746031744 0.07836990595611286
4 0.8801587301587303 0.3368146214099217 0.031746031746031744 0.07836990595611286
4 0.6246031746031745 0.10182767624020883 0.031746031746031744 0.07836990595611286
5 0.8158730158730159 0.5587467362924282 0.031746031746031744 0.07836990595611286
0 0.7682539682539682 0.6736292428198434 0.015873015873015872 0.0522466039707419
0 0.8952380952380952 0.45169712793733674 0.015873015873015872 0.0522466039707419
0 0.8952380952380952 0.22193211488250653 0.015873015873015872 0.0522466039707419
0 0.053968253968253964 0.9608355091383812 0.015873015873015872 0.0522466039707419
