12 0.7457507082152975 0.5272727272727273 0.10626239727968263 0.18181818181818182
12 0.6041076487252125 0.4818181818181818 0.10626239727968263 0.18181818181818182
13 0.16501416430594903 0.5272727272727273 0.10626239727968263 0.18181818181818182
12 0.476628895184136 0.4363636363636364 0.10626239727968263 0.18181818181818182
11 0.306657223796034 0.25454545454545463 0.10626239727968263 0.18181818181818182
14 0.29603399433427763 0.5272727272727273 0.0850099178237461 0.13636363636363635
13 0.334985835694051 0.7545454545454545 0.10626239727968263 0.18181818181818182
9 0.8555240793201133 0.4136363636363636 0.028336639274582034 0.13636363636363635
4 0.9128895184135979 0.4363636363636364 0.028336639274582034 0.13636363636363635
5 0.8555240793201133 0.7318181818181818 0.028336639274582034 0.13636363636363635
0 0.8555240793201133 0.9318181818181819 0.014168319637291017 0.09090909090909091
0 0.2747875354107649 0.9318181818181819 0.014168319637291017 0.09090909090909091
0 0.10481586402266291 0.7045454545454546 0.014168319637291017 0.09090909090909091
