14 0.17979797979797982 0.185483870967742 0.12121212121212122 0.12096774193548387
16 0.26565656565656565 0.5080645161290323 0.23232323232323232 0.4032258064516129
13 0.8616161616161616 0.2661290322580646 0.15151515151515152 0.16129032258064516
9 0.6747474747474748 0.36693548387096775 0.04040404040404041 0.12096774193548387
2 0.6555151515151515 0.7096774193548387 0.04040404040404041 0.12096774193548387
3 0.5747474747474748 0.3870967741935485 0.04040404040404041 0.12096774193548387
5 0.4525252525252525 0.8911290322580645 0.04040404040404041 0.12096774193548387
0 0.5131313131313131 0.5443548387096774 0.020202020202020204 0.08064516129032258
0 0.9575757575757575 0.4233870967741935 0.020202020202020204 0.08064516129032258
0 0.14949494949494951 0.7862903225806451 0.020202020202020204 0.08064516129032258
