12 0.8560344827586207 0.8137931034482758 0.12931034482758622 0.13793103448275862
11 0.2525862068965517 0.46896551724137936 0.12931034482758622 0.13793103448275862
11 0.8560344827586207 0.5034482758620691 0.12931034482758622 0.13793103448275862
15 0.4129310344827586 0.3655172413793104 0.10344827586206896 0.1724137931034483
11 0.2525862068965517 0.1586206896551725 0.12931034482758622 0.13793103448275862
12 0.821551724137931 0.29655172413793107 0.12931034482758622 0.13793103448275862
9 0.5413793103448276 0.4517241379310345 0.034482758620689655 0.10344827586206896
3 0.661206896551724 0.46896551724137936 0.034482758620689655 0.10344827586206896
5 0.593103448275862 0.4862068965517242 0.034482758620689655 0.10344827586206896
0 0.5413793103448276 0.6379310344827587 0.017241379310344827 0.06896551724137931
0 0.7827586206896552 0.9482758620689655 0.017241379310344827 0.06896551724137931
0 0.1793103448275862 0.603448275862069 0.017241379310344827 0.06896551724137931
0 0.7827586206896552 0.6379310344827587 0.017241379310344827 0.06896551724137931
0 0.1793103448275862 0.2931034482758621 0.017241379310344827 0.06896551724137931
