12 0.8557894736842105 0.12 0.15789473684210525 0.13333333333333333
12 0.6452631578947368 0.52 0.15789473684210525 0.13333333333333333
11 0.24526315789473685 0.82 0.15789473684210525 0.13333333333333333
11 0.6452631578947368 0.32000000000000006 0.15789473684210525 0.13333333333333333
15 0.44105263157894736 0.3866666666666667 0.12631578947368421 0.16666666666666666
14 0.43999999999999995 0.82 0.12631578947368421 0.1
12 0.8557894736842105 0.42000000000000004 0.15789473684210525 0.13333333333333333
4 0.17578947368421055 0.4866666666666667 0.042105263157894736 0.1
0 0.15578947368421053 0.65 0.021052631578947368 0.06666666666666667
0 0.9557894736842105 0.55 0.021052631578947368 0.06666666666666667
0 0.9557894736842105 0.25 0.021052631578947368 0.06666666666666667
0 0.15578947368421053 0.95 0.021052631578947368 0.06666666666666667
