12 0.7380165289256199 0.33125000000000004 0.12396694214876033 0.125
16 0.184297520661157 0.64375 0.19008264462809918 0.3125
13 0.8867768595041322 0.30000000000000004 0.12396694214876033 0.125
6 0.45289256198347105 0.815625 0.03305785123966942 0.09375
9 0.45289256198347105 0.47187500000000004 0.03305785123966942 0.09375
10 0.5851239669421487 0.28437500000000004 0.03305785123966942 0.09375
2 0.4371570247933884 0.64375 0.03305785123966942 0.09375
1 0.519801652892562 0.26875000000000004 0.03305785123966942 0.09375
4 0.36942148760330573 0.26875000000000004 0.03305785123966942 0.09375
0 0.45289256198347105 0.953125 0.01652892561983471 0.0625
0 0.5355371900826446 0.1312500000000001 0.01652892561983471 0.0625
0 0.965289256198347 0.421875 0.01652892561983471 0.0625
0 0.6677685950413222 0.453125 0.01652892561983471 0.0625
