16 0.3496894409937888 0.5333333333333333 0.14285714285714285 0.5555555555555556
16 0.16335403726708073 0.42222222222222217 0.14285714285714285 0.5555555555555556
15 0.8192546583850931 0.7 0.07453416149068323 0.2777777777777778
11 0.5173913043478261 0.47777777777777775 0.09316770186335403 0.2222222222222222
6 0.9304347826086957 0.6444444444444444 0.037267080745341616 0.1111111111111111
6 0.7006211180124223 0.5055555555555555 0.024844720496894408 0.16666666666666666
1 0.6254906832298136 0.47777777777777775 0.024844720496894408 0.16666666666666666
5 0.7378881987577639 0.5055555555555555 0.024844720496894408 0.16666666666666666
0 0.9739130434782609 0.8611111111111112 0.012422360248447204 0.1111111111111111
0 0.6633540372670808 0.8611111111111112 0.012422360248447204 0.1111111111111111
0 0.09192546583850932 0.8055555555555556 0.012422360248447204 0.1111111111111111
0 0.2782608695652174 0.9166666666666666 0.012422360248447204 0.1111111111111111
0 0.46459627329192543 0.6944444444444444 0.012422360248447204 0.1111111111111111
