11 0.485593220338983 0.40654205607476634 0.1271186440677966 0.09345794392523364
11 0.23135593220338982 0.4299065420560748 0.1271186440677966 0.09345794392523364
6 0.8033898305084746 0.8154205607476636 0.03389830508474576 0.07009345794392523
6 0.6338983050847458 0.4649532710280374 0.03389830508474576 0.07009345794392523
9 0.871186440677966 0.7920560747663551 0.03389830508474576 0.07009345794392523
9 0.6338983050847458 0.3247663551401869 0.03389830508474576 0.07009345794392523
10 0.7186440677966102 0.09112149532710279 0.03389830508474576 0.07009345794392523
1 0.7872542372881356 0.5700934579439252 0.03389830508474576 0.07009345794392523
2 0.7872542372881356 0.6869158878504673 0.03389830508474576 0.07009345794392523
4 0.702542372881356 0.19626168224299045 0.03389830508474576 0.07009345794392523
0 0.8033898305084746 0.9415887850467289 0.01694915254237288 0.04672897196261682
0 0.1593220338983051 0.5210280373831775 0.01694915254237288 0.04672897196261682
