12 0.16105263157894736 0.28 0.15789473684210525 0.2
13 0.8557894736842105 0.38 0.15789473684210525 0.2
11 0.41368421052631577 0.2300000000000001 0.15789473684210525 0.2
12 0.8557894736842105 0.6799999999999999 0.15789473684210525 0.2
6 0.64 0.355 0.042105263157894736 0.15
6 0.5768421052631578 0.655 0.042105263157894736 0.15
6 0.5768421052631578 0.30499999999999994 0.042105263157894736 0.15
6 0.7031578947368421 0.655 0.042105263157894736 0.15
0 0.5768421052631578 0.925 0.021052631578947368 0.1
0 0.9557894736842105 0.875 0.021052631578947368 0.1
0 0.07157894736842105 0.475 0.021052631578947368 0.1
0 0.3242105263157895 0.42500000000000004 0.021052631578947368 0.1
