11 0.7438709677419355 0.5442622950819672 0.0967741935483871 0.13114754098360656
17 0.4445161290322581 0.6098360655737705 0.09032258064516129 0.22950819672131148
11 0.9116129032258066 0.11803278688524599 0.0967741935483871 0.13114754098360656
13 0.6019354838709677 0.5770491803278688 0.0967741935483871 0.13114754098360656
15 0.5670967741935484 0.38032786885245906 0.07741935483870968 0.16393442622950818
13 0.292258064516129 0.7737704918032786 0.0967741935483871 0.13114754098360656
11 0.8858064516129033 0.41311475409836074 0.0967741935483871 0.13114754098360656
15 0.14129032258064514 0.8065573770491803 0.07741935483870968 0.16393442622950818
1 0.8832000000000001 0.740983606557377 0.025806451612903226 0.09836065573770492
0 0.9470967741935484 0.540983606557377 0.012903225806451613 0.06557377049180328
0 0.6890322580645161 0.6721311475409837 0.012903225806451613 0.06557377049180328
0 0.392258064516129 0.8360655737704918 0.012903225806451613 0.06557377049180328
0 0.9729032258064517 0.24590163934426235 0.012903225806451613 0.06557377049180328
0 0.8567741935483871 0.24590163934426235 0.012903225806451613 0.06557377049180328
0 0.23741935483870966 0.9016393442622951 0.012903225806451613 0.06557377049180328
0 0.5470967741935484 0.7049180327868853 0.012903225806451613 0.06557377049180328
0 0.09548387096774194 0.9508196721311475 0.012903225806451613 0.06557377049180328
