16 0.8777777777777779 0.7061224489795919 0.1503267973856209 0.20408163265306123
11 0.6882352941176471 0.6244897959183674 0.09803921568627451 0.08163265306122448
11 0.8843137254901962 0.07346938775510203 0.09803921568627451 0.08163265306122448
11 0.8581699346405229 0.46122448979591835 0.09803921568627451 0.08163265306122448
11 0.1261437908496732 0.6857142857142857 0.09803921568627451 0.08163265306122448
12 0.8581699346405229 0.2571428571428571 0.09803921568627451 0.08163265306122448
11 0.4137254901960784 0.6653061224489796 0.09803921568627451 0.08163265306122448
12 0.2699346405228758 0.6653061224489796 0.09803921568627451 0.08163265306122448
11 0.5444444444444444 0.6448979591836734 0.09803921568627451 0.08163265306122448
10 0.8287581699346406 0.9408163265306122 0.026143790849673203 0.061224489795918366
0 0.9725490196078432 0.846938775510204 0.013071895424836602 0.04081632653061224
0 0.9202614379084968 0.5408163265306123 0.013071895424836602 0.04081632653061224
0 0.9202614379084968 0.33673469387755106 0.013071895424836602 0.04081632653061224
0 0.6326797385620915 0.7040816326530612 0.013071895424836602 0.04081632653061224
0 0.94640522875817 0.15306122448979587 0.013071895424836602 0.04081632653061224
0 0.8287581699346405 0.15306122448979587 0.013071895424836602 0.04081632653061224
0 0.21437908496732025 0.7448979591836735 0.013071895424836602 0.04081632653061224
