11 0.49326923076923074 0.52 0.14423076923076922 0.13333333333333333
12 0.24326923076923074 0.22000000000000008 0.14423076923076922 0.13333333333333333
11 0.49326923076923074 0.22000000000000008 0.14423076923076922 0.13333333333333333
11 0.49326923076923074 0.82 0.14423076923076922 0.13333333333333333
10 0.8153846153846154 0.77 0.038461538461538464 0.1
2 0.700923076923077 0.28666666666666674 0.038461538461538464 0.1
4 0.7971153846153847 0.5866666666666667 0.038461538461538464 0.1
0 0.6423076923076922 0.41666666666666663 0.019230769230769232 0.06666666666666667
0 0.4115384615384615 0.95 0.019230769230769232 0.06666666666666667
0 0.4115384615384615 0.65 0.019230769230769232 0.06666666666666667
0 0.4115384615384615 0.35 0.019230769230769232 0.06666666666666667
