15 0.3138888888888889 0.34193548387096784 0.1111111111111111 0.16129032258064516
11 0.5305555555555556 0.40645161290322585 0.1388888888888889 0.12903225806451613
12 0.32685185185185184 0.535483870967742 0.1388888888888889 0.12903225806451613
17 0.13796296296296295 0.2129032258064517 0.12962962962962962 0.22580645161290322
6 0.7666666666666666 0.7774193548387096 0.037037037037037035 0.0967741935483871
9 0.8222222222222222 0.45483870967741935 0.037037037037037035 0.0967741935483871
9 0.8222222222222222 0.6161290322580645 0.037037037037037035 0.0967741935483871
4 0.6935185185185185 0.3096774193548387 0.037037037037037035 0.0967741935483871
5 0.8777777777777778 0.8096774193548387 0.037037037037037035 0.0967741935483871
0 0.8777777777777778 0.9516129032258065 0.018518518518518517 0.06451612903225806
0 0.06296296296296296 0.4354838709677419 0.018518518518518517 0.06451612903225806
