17 0.5340277777777778 0.2666666666666667 0.09722222222222222 0.19444444444444445
16 0.22430555555555554 0.5444444444444445 0.1597222222222222 0.2777777777777778
12 0.17569444444444443 0.2944444444444445 0.10416666666666667 0.1111111111111111
17 0.38125 0.40555555555555556 0.09722222222222222 0.19444444444444445
6 0.8666666666666667 0.5583333333333333 0.027777777777777776 0.08333333333333333
9 0.8666666666666667 0.8361111111111111 0.027777777777777776 0.08333333333333333
10 0.7138888888888889 0.8361111111111111 0.027777777777777776 0.08333333333333333
1 0.7978888888888889 0.3222222222222223 0.027777777777777776 0.08333333333333333
4 0.8534722222222223 0.6833333333333333 0.027777777777777776 0.08333333333333333
3 0.6590277777777778 0.3222222222222223 0.027777777777777776 0.08333333333333333
0 0.8666666666666667 0.9583333333333334 0.013888888888888888 0.05555555555555555
0 0.6722222222222222 0.20000000000000007 0.013888888888888888 0.05555555555555555
0 0.7555555555555555 0.4305555555555556 0.013888888888888888 0.05555555555555555
0 0.39444444444444443 0.5972222222222222 0.013888888888888888 0.05555555555555555
0 0.14444444444444446 0.7361111111111112 0.013888888888888888 0.05555555555555555
