11 0.5359430604982206 0.5615384615384615 0.10677676537585422 0.15384615384615385
14 0.7814946619217081 0.48461538461538456 0.08542141230068337 0.11538461538461539
13 0.5074733096085409 0.3307692307692308 0.10677676537585422 0.15384615384615385
13 0.16583629893238436 0.36923076923076925 0.10677676537585422 0.15384615384615385
12 0.5074733096085409 0.9076923076923077 0.10677676537585422 0.15384615384615385
16 0.32953736654804267 0.2923076923076924 0.16372437357630978 0.38461538461538464
6 0.8740213523131672 0.5423076923076923 0.02847380410022779 0.11538461538461539
10 0.9167259786476869 0.5038461538461538 0.02847380410022779 0.11538461538461539
2 0.6754163701067616 0.5615384615384615 0.02847380410022779 0.11538461538461539
0 0.8740213523131672 0.75 0.014236902050113895 0.07692307692307693
0 0.47544483985765124 0.7115384615384616 0.014236902050113895 0.07692307692307693
0 0.10533807829181495 0.5192307692307692 0.014236902050113895 0.07692307692307693
