16 0.23164556962025318 0.25384615384615394 0.2911392405063291 0.38461538461538464
11 0.7759493670886075 0.48461538461538456 0.189873417721519 0.15384615384615385
12 0.8265822784810126 0.13846153846153852 0.189873417721519 0.15384615384615385
10 0.7569620253164556 0.7923076923076923 0.0759493670886076 0.07692307692307693
2 0.5429873417721519 0.25384615384615394 0.05063291139240506 0.11538461538461539
4 0.5430379746835443 0.4461538461538461 0.05063291139240506 0.11538461538461539
0 0.46582278481012657 0.5961538461538461 0.02531645569620253 0.07692307692307693
0 0.8455696202531645 0.9423076923076923 0.02531645569620253 0.07692307692307693
0 0.8962025316455696 0.6346153846153846 0.02531645569620253 0.07692307692307693
0 0.08607594936708861 0.5192307692307692 0.02531645569620253 0.07692307692307693
0 0.9468354430379746 0.28846153846153844 0.02531645569620253 0.07692307692307693
0 0.7189873417721518 0.28846153846153844 0.02531645569620253 0.07692307692307693
