12 0.46967213114754097 0.6742857142857143 0.12295081967213115 0.11428571428571428
12 0.6172131147540983 0.7028571428571428 0.12295081967213115 0.11428571428571428
11 0.30573770491803276 0.6457142857142857 0.12295081967213115 0.11428571428571428
12 0.12540983606557377 0.6171428571428572 0.12295081967213115 0.11428571428571428
6 0.8098360655737704 0.23142857142857143 0.03278688524590164 0.08571428571428572
9 0.760655737704918 0.6314285714285715 0.03278688524590164 0.08571428571428572
2 0.7450491803278688 0.8171428571428572 0.03278688524590164 0.08571428571428572
4 0.8762295081967214 0.5028571428571429 0.03278688524590164 0.08571428571428572
5 0.8098360655737704 0.8028571428571428 0.03278688524590164 0.08571428571428572
0 0.8098360655737704 0.9571428571428572 0.01639344262295082 0.05714285714285714
0 0.8918032786885246 0.3771428571428572 0.01639344262295082 0.05714285714285714
0 0.8098360655737704 0.10571428571428576 0.01639344262295082 0.05714285714285714
0 0.05573770491803279 0.7285714285714286 0.01639344262295082 0.05714285714285714
