12 0.7572727272727272 0.10222222222222221 0.13636363636363635 0.08888888888888889
15 0.49 0.6355555555555557 0.10909090909090909 0.1111111111111111
16 0.7481818181818182 0.36888888888888893 0.20909090909090908 0.2222222222222222
15 0.23545454545454544 0.5911111111111111 0.10909090909090909 0.1111111111111111
9 0.6799999999999999 0.6244444444444445 0.03636363636363636 0.06666666666666667
2 0.6990545454545455 0.8577777777777778 0.03636363636363636 0.06666666666666667
0 0.7163636363636363 0.9555555555555556 0.01818181818181818 0.044444444444444446
0 0.7163636363636363 0.76 0.01818181818181818 0.044444444444444446
0 0.88 0.5222222222222221 0.01818181818181818 0.044444444444444446
0 0.6799999999999999 0.18888888888888888 0.01818181818181818 0.044444444444444446
0 0.17090909090909093 0.6888888888888889 0.01818181818181818 0.044444444444444446
