12 0.4526315789473684 0.6605504587155964 0.14356814701378254 0.1834862385321101
15 0.2095693779904306 0.6605504587155964 0.11485451761102604 0.22935779816513763
12 0.4143540669856459 0.3853211009174312 0.14356814701378254 0.1834862385321101
14 0.6296650717703349 0.3853211009174312 0.11485451761102604 0.13761467889908258
12 0.6440191387559808 0.6146788990825688 0.14356814701378254 0.1834862385321101
6 0.8880382775119617 0.7293577981651376 0.03828483920367534 0.13761467889908258
6 0.7923444976076555 0.22477064220183496 0.03828483920367534 0.13761467889908258
10 0.8880382775119617 0.17889908256880738 0.03828483920367534 0.13761467889908258
2 0.8698181818181818 0.47706422018348627 0.03828483920367534 0.13761467889908258
0 0.8880382775119617 0.9311926605504587 0.01914241960183767 0.09174311926605505
0 0.3712918660287081 0.8394495412844036 0.01914241960183767 0.09174311926605505
0 0.1416267942583732 0.8623853211009174 0.01914241960183767 0.09174311926605505
