17 0.18176100628930816 0.22000000000000008 0.0880503144654088 0.23333333333333334
11 0.9138364779874214 0.7533333333333333 0.09433962264150944 0.13333333333333333
15 0.6031446540880504 0.6533333333333333 0.07547169811320754 0.16666666666666666
16 0.7440251572327045 0.72 0.14465408805031446 0.3333333333333333
11 0.1591194968553459 0.62 0.09433962264150944 0.13333333333333333
6 0.34465408805031444 0.33666666666666667 0.025157232704402517 0.1
9 0.4830188679245283 0.7033333333333334 0.025157232704402517 0.1
3 0.43333333333333335 0.72 0.025157232704402517 0.1
4 0.43333333333333335 0.3533333333333334 0.025157232704402517 0.1
3 0.2949685534591195 0.72 0.025157232704402517 0.1
0 0.3069182389937107 0.8833333333333333 0.012578616352201259 0.06666666666666667
0 0.39496855345911946 0.4833333333333333 0.012578616352201259 0.06666666666666667
0 0.34465408805031444 0.5166666666666666 0.012578616352201259 0.06666666666666667
0 0.13081761006289308 0.44999999999999996 0.012578616352201259 0.06666666666666667
0 0.9735849056603775 0.8833333333333333 0.012578616352201259 0.06666666666666667
0 0.8603773584905661 0.8833333333333333 0.012578616352201259 0.06666666666666667
0 0.5584905660377358 0.8 0.012578616352201259 0.06666666666666667
