14 0.13398058252427184 0.36923076923076925 0.11650485436893204 0.11538461538461539
12 0.6728155339805825 0.44615384615384623 0.14563106796116504 0.15384615384615385
11 0.8669902912621359 0.48461538461538456 0.14563106796116504 0.15384615384615385
11 0.8669902912621359 0.13846153846153852 0.14563106796116504 0.15384615384615385
1 0.29809708737864077 0.4076923076923078 0.038834951456310676 0.11538461538461539
2 0.41646601941747574 0.7538461538461538 0.038834951456310676 0.11538461538461539
3 0.5135922330097087 0.4076923076923078 0.038834951456310676 0.11538461538461539
0 0.4349514563106796 0.9230769230769231 0.019417475728155338 0.07692307692307693
0 0.3572815533980582 0.5576923076923077 0.019417475728155338 0.07692307692307693
0 0.9592233009708737 0.6346153846153846 0.019417475728155338 0.07692307692307693
0 0.9592233009708737 0.28846153846153844 0.019417475728155338 0.07692307692307693
0 0.06601941747572815 0.5 0.019417475728155338 0.07692307692307693
