16 0.6361460203470976 0.6350877192982456 0.13765860665549437 0.3508771929824561
11 0.1514063435068821 0.7052631578947368 0.08977735216662676 0.14035087719298245
13 0.2710951526032316 0.775438596491228 0.08977735216662676 0.14035087719298245
15 0.5020945541591861 0.7403508771929824 0.07182188173330141 0.17543859649122806
14 0.9084380610412928 0.10877192982456141 0.07182188173330141 0.10526315789473684
17 0.7833632555356075 0.45964912280701764 0.08379219535551831 0.24561403508771928
12 0.1514063435068821 0.9157894736842105 0.08977735216662676 0.14035087719298245
13 0.3907839616995811 0.7403508771929824 0.08977735216662676 0.14035087719298245
6 0.8904847396768403 0.37192982456140355 0.023940627244433806 0.10526315789473684
10 0.9263913824057451 0.40701754385964917 0.023940627244433806 0.10526315789473684
0 0.96229802513465 0.22807017543859653 0.011970313622216903 0.07017543859649122
