14 0.731111111111111 0.06526315789473691 0.13333333333333333 0.06315789473684211
14 0.39777777777777773 0.5494736842105263 0.13333333333333333 0.06315789473684211
12 0.7922222222222222 0.2968421052631579 0.16666666666666666 0.08421052631578947
11 0.7477777777777778 0.6757894736842105 0.16666666666666666 0.08421052631578947
12 0.45888888888888885 0.6547368421052632 0.16666666666666666 0.08421052631578947
12 0.7477777777777778 0.17052631578947375 0.16666666666666666 0.08421052631578947
12 0.7477777777777778 0.48631578947368426 0.16666666666666666 0.08421052631578947
2 0.1432888888888889 0.6336842105263158 0.044444444444444446 0.06315789473684211
3 0.7211111111111111 0.8652631578947368 0.044444444444444446 0.06315789473684211
0 0.7422222222222222 0.9578947368421052 0.022222222222222223 0.042105263157894736
0 0.07555555555555556 0.7157894736842105 0.022222222222222223 0.042105263157894736
0 0.8533333333333333 0.7578947368421053 0.022222222222222223 0.042105263157894736
0 0.8533333333333333 0.5684210526315789 0.022222222222222223 0.042105263157894736
0 0.6977777777777777 0.3789473684210526 0.022222222222222223 0.042105263157894736
0 0.3644444444444444 0.736842105263158 0.022222222222222223 0.042105263157894736
