12 0.8485181119648738 0.12286689419795227 0.16469038208168643 0.13651877133105803
15 0.2843029637760702 0.2593856655290103 0.13175230566534915 0.17064846416382254
12 0.5631174533479693 0.15699658703071673 0.16469038208168643 0.13651877133105803
10 0.8649835345773875 0.5836177474402731 0.04391743522178305 0.10238907849829351
10 0.7991218441273327 0.41296928327645055 0.04391743522178305 0.10238907849829351
10 0.8649835345773875 0.41296928327645055 0.04391743522178305 0.10238907849829351
1 0.8440834248079034 0.9078498293515358 0.04391743522178305 0.10238907849829351
0 0.8649835345773875 0.7337883959044369 0.021958717610891524 0.06825938566552901
0 0.9527991218441274 0.25597269624573393 0.021958717610891524 0.06825938566552901
0 0.20636663007683867 0.40955631399317416 0.021958717610891524 0.06825938566552901
