17 0.8399545970488083 0.72 0.1589464123524069 0.23333333333333334
11 0.4358683314415437 0.4866666666666667 0.17029972752043596 0.13333333333333333
11 0.3904653802497162 0.28666666666666674 0.17029972752043596 0.13333333333333333
17 0.8399545970488083 0.22000000000000008 0.1589464123524069 0.23333333333333334
6 0.623155505107832 0.3866666666666667 0.0681198910081744 0.06666666666666667
6 0.112372304199773 0.27 0.045413260672116255 0.1
6 0.1804767309875142 0.27 0.045413260672116255 0.1
0 0.112372304199773 0.41666666666666663 0.022706630336058128 0.06666666666666667
0 0.9523269012485811 0.95 0.022706630336058128 0.06666666666666667
0 0.9523269012485811 0.44999999999999996 0.022706630336058128 0.06666666666666667
0 0.8615209988649262 0.44999999999999996 0.022706630336058128 0.06666666666666667
0 0.3393870601589104 0.6166666666666667 0.022706630336058128 0.06666666666666667
