13 0.5553333333333333 0.5536480686695279 0.1 0.17167381974248927
15 0.15933333333333333 0.5965665236051503 0.08 0.2145922746781116
17 0.27266666666666667 0.6394849785407726 0.09333333333333334 0.30042918454935624
11 0.5553333333333333 0.8111587982832618 0.1 0.17167381974248927
12 0.422 0.5965665236051503 0.1 0.17167381974248927
11 0.702 0.6824034334763949 0.1 0.17167381974248927
6 0.8053333333333333 0.18884120171673824 0.02666666666666667 0.12875536480686695
6 0.8053333333333333 0.6180257510729614 0.02666666666666667 0.12875536480686695
9 0.912 0.5751072961373391 0.02666666666666667 0.12875536480686695
4 0.8993333333333333 0.1673819742489271 0.02666666666666667 0.12875536480686695
0 0.8586666666666667 0.33476394849785407 0.013333333333333334 0.08583690987124463
0 0.2853333333333333 0.9356223175965666 0.013333333333333334 0.08583690987124463
0 0.3653333333333333 0.7639484978540773 0.013333333333333334 0.08583690987124463
