15 0.21926605504587154 0.3142857142857144 0.11009174311926606 0.23809523809523808
12 0.8926605504587156 0.2666666666666667 0.13761467889908258 0.19047619047619047
11 0.23211009174311925 0.6 0.13761467889908258 0.19047619047619047
12 0.6908256880733945 0.3142857142857144 0.13761467889908258 0.19047619047619047
2 0.42847706422018345 0.36190476190476184 0.03669724770642202 0.14285714285714285
2 0.39354128440366976 0.6952380952380952 0.03669724770642202 0.14285714285714285
4 0.5036697247706422 0.36190476190476184 0.03669724770642202 0.14285714285714285
0 0.4110091743119266 0.9047619047619048 0.01834862385321101 0.09523809523809523
0 0.8146788990825687 0.45238095238095233 0.01834862385321101 0.09523809523809523
0 0.6128440366972476 0.5 0.01834862385321101 0.09523809523809523
