13 0.34305210918114143 0.20625000000000004 0.09307520476545049 0.125
17 0.19168734491315137 0.45625000000000004 0.08687019111442046 0.21875
13 0.4795285359801489 0.26875000000000004 0.09307520476545049 0.125
16 0.5229528535980149 0.7375 0.14271531397369075 0.3125
11 0.4795285359801489 0.45625000000000004 0.09307520476545049 0.125
15 0.33436724565756826 0.51875 0.07446016381236038 0.15625
11 0.8145161290322582 0.51875 0.09307520476545049 0.125
11 0.6904466501240695 0.55 0.09307520476545049 0.125
14 0.08560794044665013 0.45625000000000004 0.07446016381236038 0.09375
1 0.9236724565756825 0.51875 0.02482005460412013 0.09375
0 0.9602977667493798 0.640625 0.012410027302060065 0.0625
0 0.2903225806451613 0.328125 0.012410027302060065 0.0625
0 0.45161290322580644 0.953125 0.012410027302060065 0.0625
0 0.2903225806451613 0.65625 0.012410027302060065 0.0625
0 0.04218362282878412 0.5625 0.012410027302060065 0.0625
