14 0.163302752293578 0.45333333333333337 0.11009174311926606 0.1
11 0.8743119266055046 0.12 0.13761467889908258 0.13333333333333333
12 0.8376146788990826 0.42000000000000004 0.13761467889908258 0.13333333333333333
17 0.3385321100917431 0.52 0.12844036697247707 0.23333333333333334
17 0.5220183486238532 0.52 0.12844036697247707 0.23333333333333334
2 0.6871192660550459 0.45333333333333337 0.03669724770642202 0.1
5 0.13577981651376148 0.6033333333333333 0.03669724770642202 0.1
5 0.13577981651376148 0.8033333333333333 0.03669724770642202 0.1
0 0.13577981651376148 0.95 0.01834862385321101 0.06666666666666667
0 0.9247706422018348 0.55 0.01834862385321101 0.06666666666666667
0 0.9614678899082568 0.25 0.01834862385321101 0.06666666666666667
0 0.7963302752293577 0.25 0.01834862385321101 0.06666666666666667
