11 0.4261261261261261 0.7259259259259259 0.13513513513513514 0.14814814814814814
11 0.2279279279279279 0.6888888888888889 0.13513513513513514 0.14814814814814814
12 0.4261261261261261 0.13333333333333341 0.13513513513513514 0.14814814814814814
11 0.8765765765765765 0.5777777777777777 0.13513513513513514 0.14814814814814814
12 0.8765765765765765 0.24444444444444446 0.13513513513513514 0.14814814814814814
6 0.6198198198198198 0.188888888888889 0.036036036036036036 0.1111111111111111
9 0.5657657657657658 0.4111111111111112 0.036036036036036036 0.1111111111111111
2 0.636972972972973 0.8 0.036036036036036036 0.1111111111111111
2 0.7107747747747748 0.6148148148148148 0.036036036036036036 0.1111111111111111
5 0.5657657657657658 0.8185185185185185 0.036036036036036036 0.1111111111111111
0 0.9621621621621621 0.7222222222222222 0.018018018018018018 0.07407407407407407
0 0.9621621621621621 0.38888888888888884 0.018018018018018018 0.07407407407407407
