11 0.6726415094339623 0.775 0.14150943396226415 0.16666666666666666
17 0.6311320754716981 0.4 0.1320754716981132 0.2916666666666667
11 0.4462264150943396 0.6083333333333334 0.14150943396226415 0.16666666666666666
11 0.18207547169811322 0.275 0.14150943396226415 0.16666666666666666
12 0.4084905660377358 0.3583333333333334 0.14150943396226415 0.16666666666666666
13 0.219811320754717 0.5249999999999999 0.14150943396226415 0.16666666666666666
10 0.8754716981132076 0.7541666666666667 0.03773584905660377 0.125
4 0.8575471698113208 0.31666666666666676 0.03773584905660377 0.125
3 0.8575471698113208 0.5249999999999999 0.03773584905660377 0.125
0 0.8754716981132076 0.9375 0.018867924528301886 0.08333333333333333
0 0.3660377358490566 0.7708333333333334 0.018867924528301886 0.08333333333333333
0 0.5924528301886792 0.9375 0.018867924528301886 0.08333333333333333
0 0.13962264150943396 0.6875 0.018867924528301886 0.08333333333333333
