17 0.35258620689655173 0.5722222222222222 0.1206896551724138 0.19444444444444445
17 0.1629310344827586 0.7388888888888889 0.1206896551724138 0.19444444444444445
11 0.35603448275862065 0.9055555555555556 0.12931034482758622 0.1111111111111111
16 0.3818965517241379 0.23888888888888893 0.19827586206896552 0.2777777777777778
10 0.5586206896551724 0.6972222222222222 0.034482758620689655 0.08333333333333333
2 0.8681379310344827 0.6833333333333333 0.034482758620689655 0.08333333333333333
2 0.8353103448275863 0.5166666666666667 0.034482758620689655 0.08333333333333333
3 0.7491379310344828 0.23888888888888893 0.034482758620689655 0.08333333333333333
4 0.6629310344827587 0.23888888888888893 0.034482758620689655 0.08333333333333333
5 0.5586206896551724 0.25277777777777777 0.034482758620689655 0.08333333333333333
0 0.5586206896551724 0.8194444444444444 0.017241379310344827 0.05555555555555555
0 0.6103448275862069 0.3472222222222222 0.017241379310344827 0.05555555555555555
0 0.36896551724137927 0.7638888888888888 0.017241379310344827 0.05555555555555555
