12 0.35785123966942145 0.20000000000000007 0.12396694214876033 0.14285714285714285
11 0.35785123966942145 0.7357142857142858 0.12396694214876033 0.14285714285714285
12 0.32479338842975203 0.5214285714285714 0.12396694214876033 0.14285714285714285
14 0.14710743801652892 0.7714285714285714 0.09917355371900827 0.10714285714285714
14 0.8909090909090909 0.45000000000000007 0.09917355371900827 0.10714285714285714
6 0.684297520661157 0.46785714285714286 0.03305785123966942 0.10714285714285714
6 0.5024793388429751 0.6821428571428572 0.03305785123966942 0.10714285714285714
1 0.7512066115702479 0.27142857142857146 0.03305785123966942 0.10714285714285714
2 0.5678016528925619 0.27142857142857146 0.03305785123966942 0.10714285714285714
2 0.6685619834710744 0.6642857142857143 0.03305785123966942 0.10714285714285714
0 0.5024793388429751 0.875 0.01652892561983471 0.07142857142857142
0 0.965289256198347 0.5714285714285714 0.01652892561983471 0.07142857142857142
0 0.28760330578512394 0.3392857142857143 0.01652892561983471 0.07142857142857142
0 0.28760330578512394 0.875 0.01652892561983471 0.07142857142857142
