13 0.19367088607594934 0.4030769230769231 0.189873417721519 0.12307692307692308
17 0.8215189873417722 0.7415384615384615 0.17721518987341772 0.2153846153846154
11 0.8265822784810126 0.37230769230769234 0.189873417721519 0.12307692307692308
14 0.8075949367088607 0.0953846153846154 0.1518987341772152 0.09230769230769231
9 0.49113924050632907 0.4800000000000001 0.05063291139240506 0.09230769230769231
10 0.49113924050632907 0.6953846153846154 0.05063291139240506 0.09230769230769231
5 0.41518987341772146 0.4492307692307693 0.05063291139240506 0.09230769230769231
0 0.49113924050632907 0.8307692307692307 0.02531645569620253 0.06153846153846154
0 0.9468354430379746 0.9538461538461538 0.02531645569620253 0.06153846153846154
0 0.9468354430379746 0.49230769230769234 0.02531645569620253 0.06153846153846154
0 0.9215189873417721 0.19999999999999996 0.02531645569620253 0.06153846153846154
0 0.08607594936708861 0.523076923076923 0.02531645569620253 0.06153846153846154
