16 0.8221311475409836 0.24444444444444446 0.1885245901639344 0.37037037037037035
13 0.45327868852459013 0.6518518518518519 0.12295081967213115 0.14814814814814814
13 0.7975409836065573 0.5777777777777777 0.12295081967213115 0.14814814814814814
15 0.6221311475409836 0.6888888888888889 0.09836065573770492 0.18518518518518517
9 0.17049180327868854 0.7074074074074074 0.03278688524590164 0.1111111111111111
9 0.26885245901639343 0.7074074074074074 0.03278688524590164 0.1111111111111111
4 0.28442622950819674 0.4666666666666667 0.03278688524590164 0.1111111111111111
5 0.26885245901639343 0.30000000000000004 0.03278688524590164 0.1111111111111111
5 0.219672131147541 0.30000000000000004 0.03278688524590164 0.1111111111111111
0 0.17049180327868854 0.9074074074074074 0.01639344262295082 0.07407407407407407
0 0.8754098360655738 0.7222222222222222 0.01639344262295082 0.07407407407407407
0 0.3836065573770492 0.7962962962962963 0.01639344262295082 0.07407407407407407
0 0.5639344262295082 0.8518518518518519 0.01639344262295082 0.07407407407407407
