16 0.7850574712643678 0.5636363636363637 0.26436781609195403 0.30303030303030304
14 0.2045977011494253 0.1393939393939394 0.13793103448275862 0.09090909090909091
6 0.42298850574712643 0.3666666666666667 0.04597701149425287 0.09090909090909091
9 0.5149425287356322 0.2151515151515152 0.04597701149425287 0.09090909090909091
2 0.5368275862068965 0.38181818181818183 0.04597701149425287 0.09090909090909091
3 0.37586206896551727 0.806060606060606 0.04597701149425287 0.09090909090909091
5 0.3540229885057471 0.18484848484848493 0.04597701149425287 0.09090909090909091
0 0.35402298850574715 0.9393939393939394 0.022988505747126436 0.06060606060606061
0 0.35402298850574715 0.6727272727272727 0.022988505747126436 0.06060606060606061
0 0.42298850574712643 0.5303030303030303 0.022988505747126436 0.06060606060606061
0 0.9517241379310345 0.7727272727272727 0.022988505747126436 0.06060606060606061
