15 0.36796116504854365 0.5098814229249011 0.11650485436893204 0.1976284584980237
16 0.8184466019417476 0.6679841897233201 0.22330097087378642 0.3952569169960474
9 0.512621359223301 0.7272727272727273 0.038834951456310676 0.11857707509881422
9 0.512621359223301 0.5296442687747036 0.038834951456310676 0.11857707509881422
10 0.17281553398058253 0.5098814229249011 0.05825242718446602 0.07905138339920949
4 0.6300970873786408 0.1541501976284586 0.038834951456310676 0.11857707509881422
0 0.512621359223301 0.9011857707509882 0.019417475728155338 0.07905138339920949
0 0.570873786407767 0.308300395256917 0.019417475728155338 0.07905138339920949
0 0.9592233009708737 0.9407114624505929 0.019417475728155338 0.07905138339920949
0 0.29902912621359223 0.6837944664031621 0.019417475728155338 0.07905138339920949
