12 0.9000000000000001 0.675 0.10948905109489052 0.125
14 0.21751824817518245 0.45625000000000004 0.08759124087591241 0.09375
12 0.3598540145985401 0.30000000000000004 0.10948905109489052 0.125
12 0.754014598540146 0.64375 0.10948905109489052 0.125
9 0.472992700729927 0.909375 0.029197080291970802 0.09375
10 0.10072992700729927 0.42500000000000004 0.043795620437956206 0.0625
1 0.48689051094890506 0.36250000000000004 0.029197080291970802 0.09375
4 0.5744525547445255 0.7375 0.029197080291970802 0.09375
4 0.6343065693430657 0.7375 0.029197080291970802 0.09375
3 0.20948905109489052 0.14375000000000004 0.029197080291970802 0.09375
0 0.19562043795620437 0.28125 0.014598540145985401 0.0625
0 0.049635036496350364 0.546875 0.014598540145985401 0.0625
0 0.6481751824817518 0.6 0.014598540145985401 0.0625
0 0.5313868613138686 0.484375 0.014598540145985401 0.0625
0 0.9693430656934308 0.796875 0.014598540145985401 0.0625
