11 0.2581151832460733 0.6425855513307985 0.07853403141361257 0.1520912547528517
13 0.9282722513089006 0.49049429657794674 0.07853403141361257 0.1520912547528517
12 0.13246073298429317 0.6806083650190113 0.07853403141361257 0.1520912547528517
11 0.6664921465968587 0.45247148288973393 0.07853403141361257 0.1520912547528517
16 0.786910994764398 0.5285171102661598 0.12041884816753927 0.38022813688212925
6 0.46492146596858636 0.5095057034220533 0.020942408376963352 0.11406844106463879
9 0.3497382198952879 0.6996197718631179 0.020942408376963352 0.11406844106463879
1 0.5073089005235603 0.14828897338403046 0.020942408376963352 0.11406844106463879
1 0.4015916230366492 0.6806083650190113 0.020942408376963352 0.11406844106463879
3 0.5272251308900523 0.49049429657794674 0.020942408376963352 0.11406844106463879
0 0.43350785340314135 0.8288973384030418 0.010471204188481676 0.07604562737642585
0 0.5591623036649215 0.2965779467680608 0.010471204188481676 0.07604562737642585
0 0.21361256544502616 0.7908745247148289 0.010471204188481676 0.07604562737642585
0 0.9780104712041885 0.6387832699619772 0.010471204188481676 0.07604562737642585
0 0.8837696335078534 0.6387832699619772 0.010471204188481676 0.07604562737642585
0 0.6219895287958115 0.6007604562737643 0.010471204188481676 0.07604562737642585
