12 0.7238689547581904 0.3678832116788322 0.2340823970037453 0.11682242990654206
12 0.7238689547581904 0.6306569343065693 0.2340823970037453 0.11682242990654206
13 0.7862714508580344 0.10510948905109496 0.2340823970037453 0.11682242990654206
9 0.1544461778471139 0.4408759124087591 0.062421972534332085 0.08761682242990654
2 0.28074882995319816 0.4554744525547446 0.062421972534332085 0.08761682242990654
4 0.280811232449298 0.2802919708029198 0.062421972534332085 0.08761682242990654
5 0.7004680187207488 0.8642335766423357 0.09363295880149813 0.05841121495327103
0 0.1544461778471139 0.5985401459854014 0.031210986267166042 0.05841121495327103
0 0.8720748829953199 0.7445255474452555 0.031210986267166042 0.05841121495327103
0 0.8720748829953199 0.4817518248175182 0.031210986267166042 0.05841121495327103
0 0.9344773790951638 0.21897810218978098 0.031210986267166042 0.05841121495327103
0 0.6536661466458659 0.21897810218978098 0.031210986267166042 0.05841121495327103
