14 0.5022222222222222 0.48571428571428565 0.08888888888888889 0.10714285714285714
11 0.5133333333333333 0.6642857142857143 0.1111111111111111 0.14285714285714285
16 0.8614814814814815 0.23571428571428577 0.17037037037037037 0.35714285714285715
11 0.5133333333333333 0.8785714285714286 0.1111111111111111 0.14285714285714285
13 0.33555555555555555 0.5571428571428572 0.1111111111111111 0.14285714285714285
11 0.33555555555555555 0.7714285714285714 0.1111111111111111 0.14285714285714285
12 0.6614814814814814 0.7 0.1111111111111111 0.14285714285714285
12 0.1725925925925926 0.34285714285714286 0.1111111111111111 0.14285714285714285
6 0.7762962962962963 0.6464285714285714 0.02962962962962963 0.10714285714285714
3 0.12370370370370372 0.6642857142857143 0.02962962962962963 0.10714285714285714
0 0.10962962962962963 0.8214285714285714 0.014814814814814815 0.07142857142857142
0 0.968888888888889 0.4821428571428571 0.014814814814814815 0.07142857142857142
0 0.7762962962962963 0.4821428571428571 0.014814814814814815 0.07142857142857142
0 0.10962962962962963 0.4821428571428571 0.014814814814814815 0.07142857142857142
