11 0.7427480916030534 0.3655172413793104 0.11450381679389313 0.13793103448275862
13 0.1931297709923664 0.29655172413793107 0.11450381679389313 0.13793103448275862
11 0.22366412213740455 0.8137931034482758 0.11450381679389313 0.13793103448275862
11 0.8954198473282442 0.3310344827586207 0.11450381679389313 0.13793103448275862
11 0.22366412213740455 0.5034482758620691 0.11450381679389313 0.13793103448275862
6 0.46412213740458014 0.4517241379310345 0.030534351145038167 0.10344827586206896
9 0.5099236641221374 0.21034482758620698 0.030534351145038167 0.10344827586206896
10 0.3419847328244275 0.4517241379310345 0.030534351145038167 0.10344827586206896
1 0.40232061068702285 0.19310344827586212 0.030534351145038167 0.10344827586206896
3 0.5717557251908397 0.46896551724137936 0.030534351145038167 0.10344827586206896
0 0.46412213740458014 0.6379310344827587 0.015267175572519083 0.06896551724137931
0 0.9679389312977099 0.4655172413793104 0.015267175572519083 0.06896551724137931
0 0.15877862595419848 0.9482758620689655 0.015267175572519083 0.06896551724137931
0 0.6778625954198473 0.5 0.015267175572519083 0.06896551724137931
0 0.15877862595419848 0.6379310344827587 0.015267175572519083 0.06896551724137931
