11 0.09444444444444444 0.6639999999999999 0.09259259259259259 0.16
16 0.3845679012345679 0.704 0.1419753086419753 0.4
12 0.24259259259259258 0.18400000000000005 0.09259259259259259 0.16
16 0.730246913580247 0.384 0.1419753086419753 0.4
12 0.24259259259259258 0.624 0.09259259259259259 0.16
11 0.3907407407407407 0.2240000000000001 0.09259259259259259 0.16
16 0.5574074074074074 0.4640000000000001 0.1419753086419753 0.4
11 0.8969135802469137 0.2240000000000001 0.09259259259259259 0.16
1 0.8944197530864199 0.504 0.024691358024691357 0.12
0 0.9061728395061729 0.6799999999999999 0.012345679012345678 0.08
0 0.04197530864197531 0.8200000000000001 0.012345679012345678 0.08
0 0.19012345679012346 0.33999999999999997 0.012345679012345678 0.08
0 0.19012345679012346 0.78 0.012345679012345678 0.08
0 0.3382716049382716 0.38 0.012345679012345678 0.08
