12 0.3363636363636363 0.16428571428571437 0.15151515151515152 0.14285714285714285
13 0.8616161616161616 0.12857142857142867 0.15151515151515152 0.14285714285714285
13 0.6595959595959595 0.41428571428571437 0.15151515151515152 0.14285714285714285
11 0.3363636363636363 0.37857142857142867 0.15151515151515152 0.14285714285714285
16 0.407070707070707 0.7 0.23232323232323232 0.35714285714285715
9 0.8464646464646465 0.41428571428571437 0.06060606060606061 0.07142857142857142
5 0.1393939393939394 0.30714285714285716 0.06060606060606061 0.07142857142857142
0 0.06868686868686869 0.4464285714285714 0.020202020202020204 0.07142857142857142
0 0.9575757575757575 0.2678571428571429 0.020202020202020204 0.07142857142857142
0 0.2909090909090909 0.9464285714285714 0.020202020202020204 0.07142857142857142
