12 0.8858064516129033 0.4666666666666667 0.0967741935483871 0.14814814814814814
12 0.1503225806451613 0.5037037037037038 0.0967741935483871 0.14814814814814814
13 0.9116129032258066 0.13333333333333341 0.0967741935483871 0.14814814814814814
14 0.7729032258064515 0.5037037037037038 0.07741935483870968 0.1111111111111111
12 0.6664516129032257 0.5037037037037038 0.0967741935483871 0.14814814814814814
16 0.29870967741935484 0.4296296296296297 0.14838709677419354 0.37037037037037035
9 0.5599999999999999 0.4111111111111112 0.025806451612903226 0.1111111111111111
1 0.4444903225806452 0.4296296296296297 0.025806451612903226 0.1111111111111111
4 0.5090322580645161 0.762962962962963 0.025806451612903226 0.1111111111111111
0 0.5212903225806451 0.9259259259259259 0.012903225806451613 0.07407407407407407
0 0.5599999999999999 0.6111111111111112 0.012903225806451613 0.07407407407407407
0 0.9470967741935484 0.6111111111111112 0.012903225806451613 0.07407407407407407
0 0.09548387096774194 0.6481481481481481 0.012903225806451613 0.07407407407407407
0 0.9729032258064517 0.2777777777777778 0.012903225806451613 0.07407407407407407
0 0.8567741935483871 0.2777777777777778 0.012903225806451613 0.07407407407407407
